1	0
2	0
3	0
4	0
5	0
6	0
7	0
8	1
9	1
10	1
11	1
12	1
13	1
14	1
15	1
16	1
17	2
18	2
19	2
20	2
21	2
22	2
23	2
24	2
25	2
26	2
27	2
28	2
29	3
30	3
31	3
32	3
33	3
34	3
35	3
36	3
37	1
38	2
39	2
40	2
41	2
42	2
43	2
44	2
45	2
46	2
47	2
48	2
49	2
50	2
51	2
52	2
53	2
54	2
55	2
56	2
57	2
58	2
59	2
60	2
61	3
62	3
63	3
64	3
65	2
66	2
67	1
68	1
69	1
70	1
71	1
72	1
73	1
74	1
75	1
76	1
77	1
78	1
79	1
80	1
81	1
82	1
83	1
84	1
85	1
86	2
87	2
88	2
89	2
90	2
91	2
92	2
93	2
94	2
95	2
96	2
97	2
98	2
99	2
100	2
101	2
102	2
103	2
104	2
105	2
106	2
107	2
108	2
109	2
110	2
111	2
112	2
113	2
114	2
115	2
116	2
117	3
118	3
119	3
120	3
121	3
122	3
123	3
124	3
125	3
126	3
127	3
128	3
129	3
130	3
131	3
132	3
133	3
134	3
135	3
136	3
137	3
138	3
139	3
140	3
141	4
142	4
143	4
144	4
145	4
146	4
147	4
148	4
149	4
150	4
151	4
152	4
153	4
154	5
155	5
156	5
157	5
158	6
159	6
160	6
161	6
162	6
163	6
164	6
165	6
166	6
167	6
168	6
169	6
170	6
171	6
172	6
173	6
174	6
175	6
176	7
177	7
178	7
179	7
180	7
181	7
182	7
183	7
184	7
185	7
186	7
187	7
188	7
189	8
190	8
191	8
192	9
193	9
194	9
195	9
196	9
197	9
198	9
199	9
200	9
201	9
202	9
203	9
204	9
205	9
206	9
207	9
208	9
209	9
210	9
211	9
212	9
213	9
214	9
215	9
216	9
217	9
218	10
219	10
220	10
221	10
222	10
223	10
224	10
225	10
226	9
227	9
228	9
229	9
230	9
231	10
232	9
233	10
234	10
235	10
236	10
237	10
238	10
239	10
240	10
241	10
242	10
243	10
244	10
245	10
246	10
247	10
248	10
249	10
250	10
251	10
252	10
253	10
254	10
255	10
256	11
257	11
258	11
259	11
260	11
261	11
262	12
263	12
264	12
265	12
266	12
267	12
268	12
269	12
270	12
271	12
272	12
273	12
274	12
275	12
276	12
277	12
278	12
279	12
280	12
281	11
282	11
283	11
284	11
285	11
286	11
287	12
288	12
289	12
290	12
291	12
292	12
293	12
294	12
295	12
296	12
297	12
298	12
299	13
300	12
301	12
302	12
303	12
304	12
305	12
306	12
307	12
308	12
309	12
310	12
311	12
312	12
313	12
314	12
315	12
316	12
317	12
318	12
319	12
320	12
321	13
322	13
323	13
324	13
325	13
326	13
327	13
328	13
329	13
330	13
331	13
332	13
333	13
334	13
335	13
336	13
337	13
338	13
339	13
340	14
341	14
342	14
343	15
344	15
345	14
346	14
347	14
348	15
349	15
350	15
351	15
352	15
353	15
354	15
355	15
356	15
357	15
358	15
359	15
360	15
361	15
362	15
363	15
364	15
365	15
366	15
367	15
368	15
369	15
370	14
371	14
372	14
373	16
374	16
375	16
376	16
377	16
378	16
379	16
380	16
381	16
382	16
383	16
384	16
385	16
386	16
387	17
388	17
389	17
390	17
391	17
392	17
393	17
394	17
395	17
396	18
397	18
398	18
399	18
400	18
401	18
402	18
403	18
404	18
405	18
406	18
407	18
408	18
409	18
410	18
411	18
412	18
413	18
414	18
415	18
416	18
417	17
418	17
419	17
420	17
421	17
422	17
423	18
424	18
425	18
426	18
427	18
428	18
429	18
430	18
431	18
432	18
433	18
434	18
435	18
436	19
437	19
438	19
439	19
440	19
441	19
442	19
443	19
444	19
445	19
446	19
447	19
448	19
449	20
450	20
451	21
452	21
453	21
454	21
455	21
456	21
457	21
458	21
459	19
460	19
461	19
462	19
463	19
464	19
465	19
466	19
467	19
468	18
469	18
470	18
471	18
472	18
473	18
474	17
475	17
476	17
477	17
478	17
479	17
480	17
481	17
482	17
483	17
484	17
485	17
486	18
487	18
488	18
489	18
490	18
491	18
492	18
493	18
494	18
495	18
496	18
497	18
498	18
499	18
500	18
501	18
502	18
503	18
504	17
505	17
506	17
507	17
508	17
509	17
510	16
511	16
512	17
513	16
514	17
515	17
516	18
517	18
518	17
519	16
520	16
521	16
522	16
523	16
524	17
525	17
526	16
527	16
528	16
529	17
530	17
531	17
532	17
533	16
534	16
535	16
536	16
537	16
538	16
539	16
540	15
541	15
542	15
543	15
544	15
545	15
546	15
547	15
548	15
549	15
550	15
551	15
552	15
553	15
554	15
555	15
556	15
557	15
558	15
559	15
560	15
561	15
562	15
563	15
564	15
565	15
566	15
567	15
568	15
569	15
570	15
571	15
572	15
573	15
574	15
575	15
576	15
577	15
578	15
579	16
580	16
581	16
582	17
583	18
584	18
585	18
586	18
587	18
588	18
589	18
590	18
591	19
592	19
593	19
594	19
595	19
596	19
597	19
598	19
599	19
600	18
601	18
602	17
603	17
604	17
605	17
606	18
607	18
608	18
609	18
610	18
611	18
612	17
613	17
614	17
615	17
616	17
617	17
618	17
619	18
620	18
621	18
622	18
623	18
624	18
625	18
626	18
627	18
628	18
629	18
630	18
631	18
632	18
633	18
634	18
635	18
636	17
637	17
638	17
639	16
640	16
641	16
642	17
643	18
644	18
645	18
646	18
647	18
648	18
649	18
650	18
651	18
652	18
653	18
654	18
655	18
656	17
657	17
658	17
659	19
660	19
661	19
662	20
663	20
664	20
665	20
666	21
667	21
668	21
669	22
670	22
671	23
672	23
673	22
674	22
675	22
676	22
677	22
678	22
679	22
680	22
681	22
682	22
683	23
684	23
685	23
686	22
687	22
688	22
689	22
690	22
691	22
692	22
693	22
694	22
695	21
696	21
697	20
698	20
699	20
700	20
701	20
702	19
703	19
704	19
705	20
706	20
707	20
708	20
709	20
710	20
711	21
712	22
713	22
714	22
715	22
716	22
717	22
718	22
719	22
720	22
721	22
722	22
723	22
724	22
725	22
726	22
727	22
728	22
729	22
730	22
731	22
732	22
733	22
734	22
735	22
736	22
737	22
738	22
739	22
740	22
741	22
742	23
743	24
744	24
745	24
746	24
747	24
748	24
749	24
750	24
751	24
752	24
753	24
754	24
755	24
756	24
757	24
758	24
759	23
760	23
761	22
762	21
763	21
764	21
765	21
766	21
767	21
768	21
769	21
770	21
771	21
772	21
773	21
774	21
775	21
776	22
777	22
778	22
779	22
780	22
781	22
782	22
783	22
784	22
785	22
786	22
787	22
788	22
789	22
790	22
791	22
792	22
793	22
794	23
795	24
796	24
797	24
798	24
799	24
800	23
801	23
802	23
803	23
804	23
805	23
806	22
807	22
808	22
809	22
810	22
811	22
812	22
813	23
814	23
815	23
816	23
817	23
818	24
819	24
820	24
821	24
822	25
823	25
824	25
825	25
826	25
827	25
828	26
829	26
830	26
831	26
832	26
833	26
834	25
835	26
836	26
837	26
838	26
839	26
840	27
841	27
842	27
843	27
844	27
845	27
846	27
847	27
848	28
849	28
850	28
851	28
852	28
853	28
854	28
855	27
856	27
857	27
858	26
859	26
860	25
861	25
862	25
863	24
864	23
865	23
866	23
867	23
868	23
869	23
870	24
871	24
872	24
873	24
874	24
875	23
876	23
877	23
878	23
879	23
880	23
881	23
882	22
883	22
884	22
885	22
886	22
887	21
888	21
889	22
890	22
891	22
892	22
893	22
894	22
895	22
896	22
897	22
898	22
899	22
900	22
901	22
902	22
903	22
904	22
905	22
906	21
907	21
908	21
909	21
910	21
911	21
912	21
913	21
914	21
915	21
916	21
917	20
918	20
919	20
920	20
921	20
922	20
923	21
924	21
925	21
926	21
927	21
928	20
929	19
930	19
931	19
932	19
933	19
934	19
935	19
936	19
937	19
938	19
939	19
940	20
941	20
942	20
943	20
944	19
945	19
946	19
947	19
948	19
949	19
950	19
951	19
952	19
953	19
954	19
955	18
956	18
957	17
958	17
959	17
960	15
961	15
962	15
963	15
964	15
965	15
966	16
967	16
968	17
969	17
970	17
971	17
972	17
973	17
974	18
975	18
976	18
977	18
978	18
979	17
980	17
981	17
982	17
983	17
984	16
985	16
986	16
987	16
988	17
989	17
990	17
991	17
992	17
993	17
994	17
995	17
996	17
997	17
998	17
999	17
1000	17
1001	17
1002	17
1003	17
1004	17
1005	16
1006	16
1007	16
1008	16
1009	16
1010	15
1011	15
1012	15
1013	15
1014	15
1015	15
1016	15
1017	15
1018	14
1019	14
1020	14
1021	14
1022	14
1023	14
1024	14
1025	14
1026	14
1027	14
1028	14
1029	14
1030	14
1031	14
1032	14
1033	14
1034	14
1035	14
1036	14
1037	14
1038	14
1039	14
1040	14
1041	14
1042	14
1043	14
1044	14
1045	14
1046	14
1047	14
1048	14
1049	14
1050	13
1051	13
1052	13
1053	13
1054	13
1055	13
1056	13
1057	12
1058	12
1059	12
1060	12
1061	12
1062	12
1063	12
1064	13
1065	13
1066	12
1067	12
1068	12
1069	12
1070	12
1071	12
1072	12
1073	12
1074	12
1075	12
1076	12
1077	12
1078	12
1079	13
1080	13
1081	13
1082	13
1083	13
1084	13
1085	13
1086	12
1087	12
1088	12
1089	12
1090	12
1091	12
1092	12
1093	12
1094	12
1095	12
1096	12
1097	12
1098	12
1099	12
1100	12
1101	12
1102	12
1103	12
1104	12
1105	12
1106	12
1107	12
1108	12
1109	13
1110	13
1111	13
1112	13
1113	13
1114	13
1115	13
1116	13
1117	13
1118	13
1119	13
1120	13
1121	13
1122	13
1123	13
1124	13
1125	13
1126	13
1127	12
1128	12
1129	12
1130	12
1131	12
1132	12
1133	12
1134	12
1135	12
1136	12
1137	13
1138	13
1139	12
1140	12
1141	12
1142	12
1143	13
1144	13
1145	13
1146	14
1147	14
1148	14
1149	14
1150	14
1151	14
1152	14
1153	13
1154	13
1155	13
1156	14
1157	14
1158	14
1159	14
1160	14
1161	14
1162	14
1163	14
1164	14
1165	14
1166	14
1167	14
1168	14
1169	14
1170	13
1171	13
1172	13
1173	13
1174	12
1175	12
1176	12
1177	12
1178	12
1179	12
1180	12
1181	12
1182	12
1183	12
1184	12
1185	13
1186	13
1187	13
1188	13
1189	13
1190	13
1191	13
1192	13
1193	13
1194	12
1195	11
1196	11
1197	12
1198	12
1199	12
1200	12
1201	12
1202	12
1203	12
1204	12
1205	12
1206	12
1207	12
1208	12
1209	12
1210	12
1211	12
1212	12
1213	12
1214	12
1215	12
1216	12
1217	12
1218	12
1219	12
1220	11
1221	11
1222	11
1223	11
1224	10
1225	10
1226	10
1227	10
1228	10
1229	10
1230	9
1231	9
1232	9
1233	9
1234	10
1235	10
1236	11
1237	11
1238	11
1239	11
1240	11
1241	11
1242	11
1243	11
1244	11
1245	12
1246	11
1247	10
1248	11
1249	11
1250	12
1251	12
1252	11
1253	11
1254	11
1255	11
1256	11
1257	12
1258	12
1259	12
1260	12
1261	12
1262	12
1263	12
1264	12
1265	12
1266	12
1267	12
1268	12
1269	12
1270	12
1271	12
1272	12
1273	12
1274	12
1275	12
1276	12
1277	13
1278	13
1279	13
1280	13
1281	13
1282	13
1283	13
1284	13
1285	13
1286	13
1287	13
1288	13
1289	13
1290	13
1291	12
1292	12
1293	12
1294	12
1295	13
1296	13
1297	13
1298	14
1299	14
1300	14
1301	14
1302	14
1303	14
1304	14
1305	14
1306	14
1307	14
1308	14
1309	14
1310	14
1311	14
1312	14
1313	14
1314	14
1315	13
1316	13
1317	13
1318	13
1319	13
1320	13
1321	14
1322	14
1323	14
1324	14
1325	14
1326	13
1327	13
1328	13
1329	13
1330	13
1331	13
1332	13
1333	13
1334	13
1335	13
1336	14
1337	15
1338	15
1339	15
1340	15
1341	15
1342	15
1343	15
1344	15
1345	15
1346	15
1347	15
1348	15
1349	15
1350	14
1351	13
1352	13
1353	13
1354	13
1355	13
1356	13
1357	13
1358	13
1359	13
1360	11
1361	11
1362	12
1363	12
1364	12
1365	12
1366	12
1367	12
1368	12
1369	11
1370	11
1371	11
1372	11
1373	11
1374	11
1375	11
1376	11
1377	11
1378	11
1379	11
1380	11
1381	11
1382	11
1383	11
1384	11
1385	11
1386	11
1387	11
1388	11
1389	11
1390	11
1391	11
1392	11
1393	11
1394	11
1395	11
1396	10
1397	10
1398	10
1399	10
1400	10
1401	10
1402	10
1403	10
1404	10
1405	10
1406	10
1407	10
1408	10
1409	10
1410	10
1411	10
1412	10
1413	10
1414	9
1415	9
1416	9
1417	9
1418	9
1419	9
1420	9
1421	9
1422	10
1423	10
1424	10
1425	10
1426	10
1427	9
1428	9
1429	9
1430	9
1431	8
1432	8
1433	9
1434	9
1435	10
1436	10
1437	10
1438	10
1439	11
1440	11
1441	11
1442	11
1443	11
1444	11
1445	11
1446	11
1447	11
1448	10
1449	10
1450	10
1451	10
1452	10
1453	10
1454	10
1455	10
1456	10
1457	10
1458	10
1459	10
1460	10
1461	11
1462	11
1463	12
1464	12
1465	12
1466	12
1467	12
1468	12
1469	12
1470	12
1471	12
1472	11
1473	12
1474	12
1475	13
1476	13
1477	13
1478	13
1479	13
1480	13
1481	13
1482	14
1483	14
1484	14
1485	14
1486	14
1487	14
1488	14
1489	14
1490	14
1491	14
1492	13
1493	13
1494	12
1495	12
1496	12
1497	12
1498	12
1499	12
1500	12
1501	12
1502	12
1503	13
1504	13
1505	13
1506	13
1507	13
1508	13
1509	13
1510	14
1511	14
1512	14
1513	14
1514	14
1515	14
1516	14
1517	14
1518	14
1519	14
1520	14
1521	16
1522	16
1523	16
1524	16
1525	16
1526	16
1527	16
1528	16
1529	17
1530	17
1531	16
1532	16
1533	16
1534	16
1535	16
1536	16
1537	16
1538	16
1539	16
1540	16
1541	16
1542	16
1543	16
1544	16
1545	16
1546	16
1547	16
1548	15
1549	15
1550	15
1551	15
1552	15
1553	16
1554	16
1555	17
1556	17
1557	17
1558	17
1559	17
1560	17
1561	17
1562	17
1563	17
1564	17
1565	17
1566	17
1567	17
1568	17
1569	17
1570	17
1571	17
1572	17
1573	17
1574	17
1575	17
1576	17
1577	17
1578	17
1579	17
1580	17
1581	18
1582	18
1583	18
1584	18
1585	18
1586	18
1587	17
1588	17
1589	17
1590	18
1591	18
1592	18
1593	18
1594	18
1595	18
1596	18
1597	18
1598	17
1599	17
1600	17
1601	17
1602	17
1603	17
1604	17
1605	17
1606	17
1607	17
1608	17
1609	17
1610	17
1611	17
1612	17
1613	17
1614	17
1615	17
1616	17
1617	17
1618	17
1619	18
1620	18
1621	18
1622	18
1623	18
1624	18
1625	18
1626	18
1627	18
1628	18
1629	19
1630	19
1631	19
1632	19
1633	18
1634	18
1635	18
1636	18
1637	18
1638	18
1639	19
1640	20
1641	20
1642	19
1643	19
1644	19
1645	19
1646	19
1647	19
1648	19
1649	19
1650	19
1651	19
1652	19
1653	19
1654	19
1655	19
1656	19
1657	19
1658	19
1659	19
1660	19
1661	19
1662	19
1663	19
1664	19
1665	19
1666	19
1667	19
1668	19
1669	19
1670	19
1671	19
1672	19
1673	19
1674	19
1675	19
1676	20
1677	20
1678	20
1679	20
1680	20
1681	20
1682	20
1683	20
1684	20
1685	20
1686	20
1687	20
1688	20
1689	20
1690	20
1691	19
1692	19
1693	19
1694	19
1695	19
1696	19
1697	19
1698	19
1699	19
1700	19
1701	20
1702	20
1703	20
1704	20
1705	20
1706	20
1707	19
1708	19
1709	19
1710	19
1711	19
1712	19
1713	19
1714	19
1715	18
1716	18
1717	19
1718	19
1719	17
1720	17
1721	17
1722	17
1723	17
1724	17
1725	17
1726	17
1727	17
1728	17
1729	17
1730	17
1731	17
1732	18
1733	18
1734	18
1735	18
1736	19
1737	19
1738	19
1739	19
1740	19
1741	19
1742	19
1743	19
1744	19
1745	19
1746	19
1747	19
1748	19
1749	19
1750	19
1751	20
1752	21
1753	21
1754	21
1755	19
1756	19
1757	19
1758	19
1759	20
1760	21
1761	21
1762	21
1763	21
1764	21
1765	21
1766	21
1767	21
1768	21
1769	20
1770	20
1771	20
1772	20
1773	20
1774	20
1775	20
1776	20
1777	20
1778	21
1779	21
1780	21
1781	21
1782	20
1783	20
1784	20
1785	20
1786	20
1787	20
1788	20
1789	20
1790	20
1791	20
1792	20
1793	22
1794	22
1795	22
1796	22
1797	21
1798	22
1799	22
1800	22
1801	21
1802	21
1803	22
1804	22
1805	22
1806	22
1807	22
1808	21
1809	21
1810	21
1811	21
1812	21
1813	21
1814	20
1815	19
1816	19
1817	19
1818	19
1819	19
1820	19
1821	19
1822	19
1823	19
1824	19
1825	19
1826	19
1827	19
1828	19
1829	19
1830	19
1831	19
1832	19
1833	19
1834	19
1835	19
1836	19
1837	19
1838	19
1839	19
1840	19
1841	18
1842	18
1843	18
1844	17
1845	17
1846	17
1847	17
1848	17
1849	17
1850	17
1851	17
1852	17
1853	17
1854	17
1855	17
1856	17
1857	17
1858	17
1859	17
1860	17
1861	17
1862	17
1863	17
1864	17
1865	17
1866	17
1867	18
1868	18
1869	18
1870	19
1871	19
1872	19
1873	19
1874	19
1875	19
1876	19
1877	19
1878	19
1879	19
1880	19
1881	20
1882	21
1883	22
1884	22
1885	23
1886	23
1887	23
1888	22
1889	23
1890	22
1891	21
1892	21
1893	21
1894	21
1895	21
1896	20
1897	20
1898	20
1899	20
1900	21
1901	21
1902	21
1903	21
1904	21
1905	21
1906	21
1907	21
1908	21
1909	21
1910	21
1911	21
1912	21
1913	20
1914	20
1915	21
1916	21
1917	21
1918	21
1919	21
1920	21
1921	21
1922	21
1923	21
1924	21
1925	22
1926	22
1927	23
1928	23
1929	24
1930	25
1931	25
1932	25
1933	26
1934	26
1935	26
1936	26
1937	26
1938	26
1939	27
1940	27
1941	27
1942	27
1943	26
1944	26
1945	25
1946	25
1947	25
1948	25
1949	24
1950	23
1951	23
1952	23
1953	23
1954	23
1955	23
1956	23
1957	23
1958	23
1959	23
1960	23
1961	23
1962	23
1963	23
1964	23
1965	23
1966	22
1967	22
1968	22
1969	22
1970	22
1971	21
1972	22
1973	22
1974	22
1975	22
1976	22
1977	22
1978	22
1979	22
1980	22
1981	22
1982	22
1983	23
1984	23
1985	23
1986	23
1987	22
1988	23
1989	23
1990	23
1991	23
1992	23
1993	23
1994	23
1995	23
1996	23
1997	23
1998	23
1999	23
2000	23
2001	23
2002	23
2003	23
2004	23
2005	22
2006	22
2007	22
2008	22
2009	22
2010	22
2011	22
2012	22
2013	22
2014	22
2015	22
2016	22
2017	22
2018	22
2019	22
2020	23
2021	23
2022	23
2023	23
2024	23
2025	23
2026	23
2027	23
2028	22
2029	22
2030	22
2031	22
2032	22
2033	22
2034	22
2035	21
2036	21
2037	21
2038	21
2039	21
2040	19
2041	18
2042	17
2043	17
2044	17
2045	17
2046	18
2047	17
2048	17
2049	17
2050	17
2051	17
2052	17
2053	17
2054	17
2055	17
2056	17
2057	17
2058	17
2059	17
2060	18
2061	18
2062	18
2063	18
2064	18
2065	18
2066	18
2067	17
2068	17
2069	17
2070	17
2071	17
2072	18
2073	17
2074	18
2075	19
2076	19
2077	19
2078	19
2079	20
2080	20
2081	21
2082	22
2083	22
2084	22
2085	22
2086	21
2087	21
2088	21
2089	20
2090	20
2091	20
2092	20
2093	20
2094	20
2095	20
2096	20
2097	22
2098	22
2099	23
2100	23
2101	23
2102	23
2103	23
2104	23
2105	24
2106	25
2107	25
2108	25
2109	25
2110	25
2111	25
2112	25
2113	25
2114	25
2115	25
2116	26
2117	26
2118	26
2119	26
2120	26
2121	26
2122	26
2123	26
2124	27
2125	27
2126	27
2127	27
2128	26
2129	26
2130	26
2131	26
2132	25
2133	25
2134	25
2135	26
2136	24
2137	24
2138	24
2139	24
2140	24
2141	24
2142	24
2143	24
2144	24
2145	24
2146	24
2147	23
2148	23
2149	23
2150	23
2151	23
2152	23
2153	23
2154	23
2155	23
2156	23
2157	23
2158	23
2159	23
2160	24
2161	24
2162	24
2163	25
2164	26
2165	26
2166	25
2167	25
2168	25
2169	24
2170	23
2171	22
2172	22
2173	22
2174	22
2175	22
2176	22
2177	22
2178	22
2179	22
2180	22
2181	22
2182	22
2183	22
2184	22
2185	21
2186	23
2187	23
2188	23
2189	23
2190	24
2191	24
2192	24
2193	24
2194	24
2195	24
2196	24
2197	24
2198	24
2199	24
2200	24
2201	24
2202	24
2203	24
2204	24
2205	23
2206	23
2207	24
2208	24
2209	24
2210	23
2211	23
2212	23
2213	23
2214	23
2215	23
2216	23
2217	23
2218	23
2219	23
2220	23
2221	22
2222	23
2223	23
2224	24
2225	24
2226	25
2227	25
2228	25
2229	25
2230	25
2231	25
2232	24
2233	24
2234	24
2235	24
2236	24
2237	24
2238	25
2239	25
2240	25
2241	25
2242	25
2243	25
2244	25
2245	25
2246	25
2247	25
2248	25
2249	25
2250	25
2251	25
2252	25
2253	25
2254	27
2255	27
2256	27
2257	27
2258	28
2259	28
2260	28
2261	28
2262	28
2263	27
2264	27
2265	27
2266	27
2267	27
2268	28
2269	28
2270	28
2271	28
2272	28
2273	27
2274	26
2275	26
2276	26
2277	26
2278	26
2279	25
2280	25
2281	25
2282	25
2283	25
2284	24
2285	24
2286	24
2287	24
2288	24
2289	24
2290	25
2291	25
2292	25
2293	25
2294	25
2295	25
2296	25
2297	25
2298	25
2299	25
2300	25
2301	26
2302	26
2303	26
2304	26
2305	26
2306	26
2307	26
2308	26
2309	26
2310	27
2311	26
2312	26
2313	26
2314	26
2315	26
2316	26
2317	26
2318	27
2319	27
2320	27
2321	27
2322	27
2323	27
2324	27
2325	27
2326	27
2327	27
2328	27
2329	27
2330	26
2331	26
2332	26
2333	26
2334	26
2335	26
2336	26
2337	26
2338	26
2339	25
2340	24
2341	24
2342	24
2343	24
2344	25
2345	25
2346	25
2347	25
2348	25
2349	25
2350	24
2351	24
2352	24
2353	24
2354	24
2355	24
2356	24
2357	24
2358	23
2359	23
2360	22
2361	22
2362	22
2363	23
2364	23
2365	23
2366	23
2367	24
2368	24
2369	24
2370	25
2371	25
2372	26
2373	24
2374	24
2375	24
2376	24
2377	24
2378	24
2379	24
2380	24
2381	24
2382	25
2383	25
2384	25
2385	25
2386	25
2387	25
2388	25
2389	26
2390	26
2391	26
2392	27
2393	27
2394	27
2395	27
2396	27
2397	26
2398	26
2399	26
2400	25
2401	25
2402	25
2403	25
2404	25
2405	25
2406	25
2407	25
2408	25
2409	25
2410	25
2411	25
2412	25
2413	25
2414	26
2415	26
2416	26
2417	26
2418	26
2419	26
2420	26
2421	26
2422	26
2423	26
2424	25
2425	24
2426	24
2427	23
2428	24
2429	24
2430	24
2431	24
2432	25
2433	25
2434	25
2435	26
2436	26
2437	26
2438	26
2439	25
2440	25
2441	25
2442	25
2443	25
2444	25
2445	25
2446	25
2447	25
2448	26
2449	25
2450	25
2451	25
2452	24
2453	25
2454	25
2455	25
2456	25
2457	25
2458	25
2459	25
2460	26
2461	27
2462	26
2463	26
2464	26
2465	27
2466	27
2467	28
2468	28
2469	28
2470	28
2471	28
2472	28
2473	27
2474	27
2475	26
2476	26
2477	26
2478	26
2479	25
2480	25
2481	26
2482	26
2483	26
2484	26
2485	26
2486	26
2487	26
2488	27
2489	27
2490	26
2491	26
2492	26
2493	26
2494	26
2495	26
2496	25
2497	27
2498	27
2499	28
2500	28
2501	28
2502	28
2503	28
2504	28
2505	28
2506	28
2507	28
2508	27
2509	27
2510	27
2511	27
2512	27
2513	26
2514	25
2515	25
2516	25
2517	25
2518	25
2519	25
2520	25
2521	25
2522	25
2523	25
2524	25
2525	25
2526	26
2527	27
2528	26
2529	26
2530	26
2531	26
2532	26
2533	26
2534	26
2535	26
2536	26
2537	25
2538	26
2539	27
2540	27
2541	27
2542	28
2543	28
2544	28
2545	28
2546	28
2547	28
2548	27
2549	27
2550	27
2551	28
2552	28
2553	28
2554	28
2555	27
2556	27
2557	27
2558	27
2559	26
2560	27
2561	27
2562	27
2563	27
2564	27
2565	27
2566	28
2567	28
2568	28
2569	28
2570	28
2571	28
2572	28
2573	28
2574	28
2575	28
2576	28
2577	28
2578	28
2579	28
2580	28
2581	28
2582	28
2583	28
2584	28
2585	28
2586	28
2587	28
2588	27
2589	27
2590	27
2591	27
2592	26
2593	26
2594	26
2595	25
2596	26
2597	26
2598	26
2599	26
2600	26
2601	26
2602	26
2603	26
2604	26
2605	26
2606	26
2607	26
2608	26
2609	26
2610	26
2611	26
2612	26
2613	26
2614	26
2615	26
2616	26
2617	26
2618	26
2619	24
2620	24
2621	24
2622	25
2623	25
2624	25
2625	25
2626	25
2627	25
2628	25
2629	25
2630	25
2631	26
2632	26
2633	26
2634	26
2635	26
2636	26
2637	26
2638	26
2639	26
2640	27
2641	27
2642	27
2643	27
2644	27
2645	26
2646	26
2647	26
2648	26
2649	25
2650	25
2651	25
2652	25
2653	25
2654	25
2655	25
2656	24
2657	24
2658	24
2659	24
2660	24
2661	25
2662	25
2663	26
2664	26
2665	26
2666	25
2667	25
2668	26
2669	26
2670	26
2671	25
2672	25
2673	25
2674	25
2675	25
2676	25
2677	25
2678	25
2679	24
2680	24
2681	23
2682	23
2683	24
2684	24
2685	23
2686	23
2687	23
2688	23
2689	23
2690	23
2691	23
2692	25
2693	25
2694	25
2695	25
2696	25
2697	25
2698	25
2699	25
2700	25
2701	25
2702	25
2703	25
2704	24
2705	24
2706	24
2707	24
2708	23
2709	22
2710	22
2711	22
2712	22
2713	23
2714	23
2715	23
2716	23
2717	23
2718	23
2719	23
2720	23
2721	23
2722	22
2723	23
2724	23
2725	23
2726	23
2727	23
2728	23
2729	23
2730	23
2731	23
2732	23
2733	24
2734	25
2735	25
2736	25
2737	25
2738	26
2739	25
2740	25
2741	25
2742	25
2743	25
2744	25
2745	25
2746	25
2747	25
2748	24
2749	24
2750	24
2751	24
2752	24
2753	24
2754	24
2755	24
2756	24
2757	24
2758	24
2759	24
2760	23
2761	23
2762	22
2763	22
2764	22
2765	22
2766	22
2767	22
2768	22
2769	22
2770	21
2771	21
2772	21
2773	22
2774	22
2775	22
2776	22
2777	22
2778	22
2779	21
2780	21
2781	21
2782	21
2783	21
2784	21
2785	21
2786	21
2787	21
2788	21
2789	21
2790	21
2791	21
2792	21
2793	22
2794	23
2795	24
2796	25
2797	25
2798	25
2799	24
2800	24
2801	23
2802	21
2803	21
2804	21
2805	21
2806	21
2807	20
2808	20
2809	21
2810	22
2811	23
2812	23
2813	23
2814	23
2815	23
2816	23
2817	23
2818	23
2819	23
2820	23
2821	22
2822	22
2823	22
2824	22
2825	22
2826	22
2827	22
2828	23
2829	23
2830	23
2831	23
2832	23
2833	23
2834	23
2835	23
2836	23
2837	23
2838	23
2839	23
2840	23
2841	23
2842	24
2843	24
2844	24
2845	24
2846	23
2847	23
2848	23
2849	23
2850	22
2851	22
2852	22
2853	23
2854	23
2855	23
2856	23
2857	23
2858	23
2859	23
2860	24
2861	24
2862	24
2863	24
2864	24
2865	24
2866	24
2867	24
2868	25
2869	24
2870	25
2871	25
2872	25
2873	24
2874	24
2875	24
2876	24
2877	24
2878	24
2879	24
2880	24
2881	24
2882	24
2883	24
2884	24
2885	24
2886	25
2887	25
2888	24
2889	25
2890	25
2891	26
2892	26
2893	26
2894	26
2895	26
2896	26
2897	26
2898	26
2899	25
2900	27
2901	27
2902	28
2903	28
2904	28
2905	28
2906	28
2907	28
2908	28
2909	27
2910	27
2911	29
2912	29
2913	29
2914	30
2915	30
2916	30
2917	30
2918	30
2919	30
2920	30
2921	31
2922	31
2923	31
2924	31
2925	31
2926	31
2927	30
2928	29
2929	29
2930	29
2931	29
2932	29
2933	29
2934	29
2935	29
2936	29
2937	29
2938	29
2939	29
2940	29
2941	29
2942	29
2943	29
2944	29
2945	29
2946	29
2947	29
2948	29
2949	29
2950	29
2951	29
2952	29
2953	29
2954	28
2955	26
2956	27
2957	28
2958	29
2959	28
2960	28
2961	28
2962	28
2963	28
2964	28
2965	28
2966	28
2967	27
2968	26
2969	26
2970	24
2971	24
2972	24
2973	24
2974	24
2975	24
2976	24
2977	24
2978	26
2979	24
2980	24
2981	24
2982	24
2983	24
2984	24
2985	24
2986	24
2987	24
2988	24
2989	24
2990	24
2991	24
2992	24
2993	25
2994	27
2995	27
2996	27
2997	27
2998	27
2999	27
3000	27
3001	27
3002	27
3003	27
3004	27
3005	27
3006	28
3007	28
3008	28
3009	28
3010	29
3011	29
3012	30
3013	30
3014	30
3015	30
3016	30
3017	30
3018	30
3019	29
3020	28
3021	28
3022	28
3023	29
3024	29
3025	29
3026	29
3027	29
3028	29
3029	29
3030	28
3031	28
3032	28
3033	28
3034	28
3035	28
3036	29
3037	29
3038	29
3039	29
3040	30
3041	30
3042	32
3043	32
3044	32
3045	32
3046	32
3047	32
3048	32
3049	32
3050	32
3051	32
3052	32
3053	32
3054	32
3055	32
3056	32
3057	31
3058	32
3059	31
3060	31
3061	31
3062	31
3063	32
3064	32
3065	32
3066	32
3067	32
3068	32
3069	31
3070	31
3071	31
3072	31
3073	31
3074	31
3075	31
3076	31
3077	31
3078	31
3079	31
3080	32
3081	32
3082	32
3083	33
3084	33
3085	34
3086	34
3087	34
3088	34
3089	34
3090	34
3091	34
3092	35
3093	35
3094	35
3095	35
3096	35
3097	35
3098	36
3099	36
3100	35
3101	34
3102	34
3103	34
3104	35
3105	35
3106	36
3107	35
3108	35
3109	36
3110	34
3111	35
3112	35
3113	35
3114	35
3115	35
3116	36
3117	36
3118	36
3119	35
3120	36
3121	36
3122	37
3123	37
3124	38
3125	38
3126	38
3127	38
3128	38
3129	37
3130	37
3131	38
3132	39
3133	39
3134	39
3135	40
3136	39
3137	39
3138	39
3139	39
3140	39
3141	39
3142	39
3143	39
3144	39
3145	39
3146	39
3147	39
3148	39
3149	39
3150	39
3151	38
3152	38
3153	38
3154	38
3155	38
3156	39
3157	39
3158	38
3159	35
3160	35
3161	36
3162	36
3163	36
3164	37
3165	38
3166	38
3167	38
3168	39
3169	39
3170	39
3171	39
3172	39
3173	40
3174	40
3175	40
3176	40
3177	40
3178	40
3179	40
3180	40
3181	39
3182	38
3183	39
3184	39
3185	39
3186	38
3187	38
3188	38
3189	38
3190	38
3191	38
3192	38
3193	38
3194	38
3195	38
3196	38
3197	39
3198	38
3199	38
3200	39
3201	39
3202	39
3203	38
3204	38
3205	38
3206	38
3207	37
3208	37
3209	37
3210	36
3211	36
3212	35
3213	35
3214	35
3215	35
3216	34
3217	34
3218	34
3219	34
3220	33
3221	33
3222	33
3223	33
3224	33
3225	33
3226	33
3227	33
3228	33
3229	33
3230	33
3231	33
3232	34
3233	34
3234	34
3235	34
3236	34
3237	34
3238	34
3239	34
3240	34
3241	34
3242	34
3243	32
3244	32
3245	33
3246	32
3247	32
3248	33
3249	32
3250	32
3251	32
3252	32
3253	32
3254	32
3255	33
3256	33
3257	33
3258	33
3259	33
3260	33
3261	33
3262	33
3263	33
3264	32
3265	29
3266	29
3267	29
3268	29
3269	29
3270	29
3271	28
3272	29
3273	29
3274	29
3275	27
3276	27
3277	27
3278	27
3279	27
3280	27
3281	26
3282	26
3283	26
3284	26
3285	26
3286	26
3287	26
3288	26
3289	26
3290	26
3291	26
3292	25
3293	25
3294	25
3295	25
3296	25
3297	25
3298	25
3299	25
3300	25
3301	25
3302	25
3303	25
3304	25
3305	25
3306	26
3307	26
3308	26
3309	25
3310	25
3311	25
3312	25
3313	25
3314	25
3315	24
3316	24
3317	24
3318	24
3319	24
3320	24
3321	25
3322	25
3323	25
3324	25
3325	26
3326	26
3327	26
3328	27
3329	27
3330	27
3331	27
3332	27
3333	27
3334	27
3335	27
3336	27
3337	27
3338	27
3339	25
3340	25
3341	26
3342	27
3343	27
3344	27
3345	27
3346	27
3347	26
3348	26
3349	26
3350	26
3351	25
3352	25
3353	26
3354	27
3355	27
3356	27
3357	26
3358	26
3359	26
3360	26
3361	26
3362	26
3363	27
3364	27
3365	27
3366	27
3367	27
3368	27
3369	25
3370	25
3371	25
3372	24
3373	24
3374	24
3375	24
3376	24
3377	24
3378	23
3379	23
3380	23
3381	23
3382	22
3383	22
3384	22
3385	22
3386	22
3387	22
3388	22
3389	22
3390	21
3391	21
3392	21
3393	21
3394	21
3395	21
3396	21
3397	21
3398	21
3399	21
3400	20
3401	20
3402	20
3403	20
3404	21
3405	21
3406	21
3407	21
3408	21
3409	21
3410	21
3411	21
3412	21
3413	21
3414	21
3415	21
3416	21
3417	21
3418	21
3419	21
3420	21
3421	20
3422	21
3423	21
3424	21
3425	21
3426	21
3427	21
3428	20
3429	19
3430	18
3431	18
3432	17
3433	17
3434	17
3435	15
3436	15
3437	13
3438	13
3439	13
3440	15
3441	15
3442	16
3443	16
3444	16
3445	16
3446	16
3447	16
3448	16
3449	16
3450	17
3451	17
3452	17
3453	17
3454	17
3455	17
3456	17
3457	18
3458	18
3459	18
3460	18
3461	18
3462	18
3463	18
3464	18
3465	17
3466	17
3467	17
3468	16
3469	16
3470	16
3471	16
3472	16
3473	16
3474	16
3475	16
3476	16
3477	16
3478	17
3479	17
3480	17
3481	17
3482	17
3483	17
3484	17
3485	17
3486	17
3487	17
3488	17
3489	17
3490	17
3491	17
3492	17
3493	17
3494	17
3495	17
3496	17
3497	17
3498	17
3499	17
3500	17
3501	17
3502	17
3503	17
3504	17
3505	16
3506	16
3507	16
3508	15
3509	15
3510	15
3511	17
3512	17
3513	16
3514	17
3515	17
3516	17
3517	17
3518	17
3519	17
3520	17
3521	16
3522	16
3523	16
3524	18
3525	18
3526	18
3527	19
3528	19
3529	19
3530	19
3531	19
3532	19
3533	19
3534	19
3535	20
3536	20
3537	20
3538	20
3539	20
3540	21
3541	21
3542	21
3543	21
3544	21
3545	21
3546	21
3547	22
3548	22
3549	22
3550	22
3551	22
3552	22
3553	22
3554	22
3555	22
3556	22
3557	22
3558	22
3559	22
3560	20
3561	19
3562	18
3563	18
3564	18
3565	18
3566	18
3567	18
3568	18
3569	18
3570	17
3571	16
3572	16
3573	16
3574	16
3575	17
3576	17
3577	17
3578	17
3579	17
3580	18
3581	18
3582	18
3583	18
3584	19
3585	19
3586	19
3587	19
3588	19
3589	19
3590	19
3591	18
3592	18
3593	19
3594	21
3595	21
3596	21
3597	21
3598	21
3599	20
3600	20
3601	20
3602	20
3603	20
3604	19
3605	19
3606	19
3607	19
3608	19
3609	19
3610	19
3611	19
3612	19
3613	20
3614	20
3615	20
3616	20
3617	20
3618	21
3619	21
3620	21
3621	21
3622	21
3623	21
3624	21
3625	21
3626	21
3627	21
3628	22
3629	22
3630	21
3631	21
3632	22
3633	22
3634	22
3635	22
3636	22
3637	22
3638	22
3639	22
3640	22
3641	22
3642	22
3643	23
3644	23
3645	23
3646	23
3647	23
3648	23
3649	23
3650	24
3651	24
3652	24
3653	23
3654	23
3655	23
3656	23
3657	23
3658	23
3659	23
3660	23
3661	24
3662	24
3663	24
3664	22
3665	22
3666	22
3667	22
3668	22
3669	22
3670	22
3671	22
3672	22
3673	22
3674	23
3675	23
3676	23
3677	23
3678	23
3679	23
3680	23
3681	23
3682	23
3683	23
3684	23
3685	23
3686	23
3687	23
3688	23
3689	23
3690	23
3691	23
3692	24
3693	24
3694	25
3695	25
3696	25
3697	26
3698	26
3699	26
3700	25
3701	25
3702	24
3703	23
3704	23
3705	23
3706	23
3707	24
3708	24
3709	24
3710	25
3711	25
3712	24
3713	24
3714	24
3715	24
3716	24
3717	24
3718	25
3719	24
3720	23
3721	23
3722	23
3723	23
3724	24
3725	24
3726	24
3727	24
3728	25
3729	25
3730	25
3731	26
3732	26
3733	26
3734	25
3735	25
3736	23
3737	23
3738	23
3739	23
3740	23
3741	23
3742	23
3743	23
3744	23
3745	24
3746	24
3747	25
3748	25
3749	25
3750	24
3751	23
3752	22
3753	22
3754	22
3755	23
3756	23
3757	23
3758	23
3759	23
3760	23
3761	23
3762	23
3763	23
3764	23
3765	23
3766	23
3767	23
3768	23
3769	24
3770	24
3771	24
3772	24
3773	24
3774	24
3775	25
3776	24
3777	24
3778	24
3779	24
3780	24
3781	24
3782	24
3783	24
3784	24
3785	24
3786	23
3787	23
3788	23
3789	23
3790	23
3791	23
3792	23
3793	23
3794	23
3795	24
3796	24
3797	24
3798	24
3799	23
3800	23
3801	22
3802	23
3803	24
3804	24
3805	23
3806	23
3807	23
3808	23
3809	22
3810	22
3811	22
3812	22
3813	22
3814	22
3815	22
3816	22
3817	22
3818	22
3819	22
3820	22
3821	22
3822	22
3823	22
3824	22
3825	22
3826	22
3827	22
3828	22
3829	22
3830	22
3831	22
3832	22
3833	22
3834	22
3835	22
3836	22
3837	22
3838	22
3839	21
3840	20
3841	20
3842	20
3843	21
3844	21
3845	21
3846	21
3847	21
3848	21
3849	24
3850	25
3851	26
3852	26
3853	26
3854	26
3855	26
3856	26
3857	26
3858	26
3859	26
3860	27
3861	27
3862	27
3863	25
3864	25
3865	24
3866	24
3867	23
3868	23
3869	23
3870	23
3871	23
3872	23
3873	23
3874	23
3875	23
3876	23
3877	23
3878	24
3879	24
3880	24
3881	24
3882	24
3883	24
3884	25
3885	25
3886	25
3887	26
3888	26
3889	26
3890	27
3891	27
3892	27
3893	27
3894	28
3895	28
3896	29
3897	30
3898	30
3899	31
3900	30
3901	30
3902	30
3903	30
3904	31
3905	31
3906	31
3907	31
3908	31
3909	31
3910	32
3911	32
3912	33
3913	33
3914	32
3915	32
3916	31
3917	32
3918	32
3919	32
3920	32
3921	32
3922	31
3923	32
3924	31
3925	32
3926	32
3927	32
3928	32
3929	32
3930	31
3931	30
3932	30
3933	31
3934	31
3935	31
3936	31
3937	31
3938	32
3939	32
3940	32
3941	32
3942	32
3943	32
3944	31
3945	31
3946	32
3947	32
3948	31
3949	31
3950	31
3951	30
3952	31
3953	31
3954	33
3955	33
3956	33
3957	33
3958	33
3959	33
3960	33
3961	33
3962	33
3963	33
3964	33
3965	33
3966	33
3967	32
3968	32
3969	32
3970	32
3971	33
3972	33
3973	34
3974	34
3975	34
3976	34
3977	34
3978	34
3979	34
3980	34
3981	34
3982	34
3983	34
3984	34
3985	33
3986	33
3987	33
3988	33
3989	33
3990	33
3991	33
3992	34
3993	34
3994	33
3995	33
3996	32
3997	32
3998	32
3999	32
4000	32
4001	33
4002	34
4003	34
4004	34
4005	34
4006	34
4007	34
4008	34
4009	33
4010	34
4011	33
4012	33
4013	33
4014	33
4015	33
4016	33
4017	33
4018	33
4019	33
4020	33
4021	33
4022	33
4023	34
4024	34
4025	36
4026	36
4027	35
4028	35
4029	35
4030	34
4031	34
4032	34
4033	34
4034	34
4035	35
4036	35
4037	35
4038	34
4039	34
4040	35
4041	35
4042	35
4043	36
4044	36
4045	36
4046	36
4047	35
4048	35
4049	35
4050	35
4051	34
4052	33
4053	33
4054	33
4055	34
4056	36
4057	36
4058	36
4059	35
4060	35
4061	35
4062	35
4063	35
4064	35
4065	35
4066	35
4067	35
4068	35
4069	35
4070	35
4071	35
4072	35
4073	34
4074	34
4075	35
4076	36
4077	37
4078	36
4079	35
4080	36
4081	36
4082	35
4083	35
4084	35
4085	36
4086	37
4087	37
4088	37
4089	37
4090	37
4091	37
4092	37
4093	36
4094	36
4095	36
4096	36
4097	36
4098	37
4099	37
4100	37
4101	37
4102	37
4103	37
4104	37
4105	37
4106	37
4107	37
4108	36
4109	36
4110	36
4111	35
4112	35
4113	35
4114	34
4115	34
4116	35
4117	35
4118	35
4119	35
4120	35
4121	35
4122	35
4123	35
4124	35
4125	35
4126	36
4127	36
4128	36
4129	36
4130	36
4131	36
4132	37
4133	37
4134	37
4135	37
4136	37
4137	37
4138	37
4139	37
4140	38
4141	38
4142	38
4143	38
4144	37
4145	37
4146	36
4147	36
4148	36
4149	34
4150	31
4151	30
4152	30
4153	29
4154	29
4155	29
4156	29
4157	29
4158	28
4159	28
4160	29
4161	29
4162	29
4163	29
4164	29
4165	29
4166	30
4167	30
4168	30
4169	31
4170	32
4171	34
4172	34
4173	35
4174	35
4175	35
4176	36
4177	36
4178	36
4179	36
4180	36
4181	37
4182	37
4183	37
4184	37
4185	37
4186	38
4187	38
4188	37
4189	36
4190	35
4191	35
4192	34
4193	33
4194	33
4195	34
4196	34
4197	34
4198	34
4199	34
4200	34
4201	33
4202	32
4203	32
4204	31
4205	31
4206	31
4207	30
4208	30
4209	30
4210	30
4211	30
4212	31
4213	31
4214	30
4215	30
4216	30
4217	31
4218	32
4219	32
4220	32
4221	32
4222	32
4223	32
4224	32
4225	32
4226	32
4227	32
4228	32
4229	32
4230	33
4231	32
4232	33
4233	33
4234	32
4235	32
4236	32
4237	32
4238	31
4239	30
4240	31
4241	31
4242	31
4243	31
4244	31
4245	31
4246	31
4247	31
4248	31
4249	31
4250	31
4251	31
4252	32
4253	32
4254	32
4255	32
4256	32
4257	32
4258	32
4259	32
4260	33
4261	33
4262	33
4263	33
4264	34
4265	34
4266	35
4267	35
4268	35
4269	35
4270	35
4271	35
4272	35
4273	34
4274	34
4275	35
4276	34
4277	33
4278	33
4279	33
4280	33
4281	33
4282	33
4283	33
4284	33
4285	33
4286	33
4287	33
4288	33
4289	33
4290	32
4291	32
4292	31
4293	31
4294	31
4295	31
4296	31
4297	31
4298	32
4299	33
4300	33
4301	33
4302	33
4303	33
4304	33
4305	33
4306	33
4307	33
4308	32
4309	32
4310	32
4311	33
4312	33
4313	33
4314	34
4315	32
4316	32
4317	32
4318	33
4319	33
4320	33
4321	35
4322	35
4323	36
4324	35
4325	35
4326	35
4327	35
4328	35
4329	35
4330	35
4331	35
4332	35
4333	35
4334	35
4335	35
4336	35
4337	35
4338	35
4339	35
4340	36
4341	36
4342	35
4343	35
4344	35
4345	36
4346	36
4347	35
4348	34
4349	34
4350	34
4351	34
4352	34
4353	34
4354	34
4355	34
4356	34
4357	34
4358	34
4359	34
4360	34
4361	34
4362	34
4363	34
4364	34
4365	34
4366	34
4367	34
4368	35
4369	35
4370	35
4371	35
4372	37
4373	37
4374	37
4375	37
4376	37
4377	37
4378	37
4379	38
4380	38
4381	37
4382	36
4383	36
4384	37
4385	36
4386	36
4387	37
4388	37
4389	37
4390	37
4391	37
4392	37
4393	37
4394	37
4395	37
4396	37
4397	37
4398	37
4399	37
4400	36
4401	36
4402	36
4403	36
4404	36
4405	36
4406	36
4407	36
4408	35
4409	36
4410	36
4411	36
4412	35
4413	35
4414	34
4415	34
4416	34
4417	34
4418	34
4419	34
4420	34
4421	34
4422	34
4423	34
4424	33
4425	33
4426	32
4427	32
4428	32
4429	33
4430	33
4431	33
4432	33
4433	33
4434	32
4435	32
4436	32
4437	31
4438	30
4439	30
4440	30
4441	30
4442	30
4443	30
4444	31
4445	32
4446	33
4447	33
4448	33
4449	33
4450	33
4451	33
4452	33
4453	32
4454	32
4455	32
4456	31
4457	31
4458	31
4459	31
4460	32
4461	32
4462	32
4463	33
4464	33
4465	33
4466	33
4467	32
4468	31
4469	31
4470	31
4471	31
4472	29
4473	29
4474	29
4475	29
4476	29
4477	29
4478	29
4479	30
4480	30
4481	30
4482	30
4483	30
4484	30
4485	30
4486	29
4487	29
4488	30
4489	30
4490	30
4491	30
4492	30
4493	30
4494	30
4495	30
4496	30
4497	30
4498	30
4499	31
4500	31
4501	31
4502	31
4503	31
4504	31
4505	31
4506	31
4507	31
4508	31
4509	31
4510	30
4511	30
4512	30
4513	30
4514	30
4515	30
4516	30
4517	30
4518	29
4519	29
4520	29
4521	29
4522	29
4523	29
4524	29
4525	29
4526	29
4527	29
4528	29
4529	29
4530	29
4531	29
4532	29
4533	29
4534	30
4535	30
4536	30
4537	30
4538	30
4539	28
4540	28
4541	28
4542	28
4543	28
4544	28
4545	27
4546	28
4547	28
4548	28
4549	28
4550	28
4551	29
4552	29
4553	29
4554	29
4555	29
4556	29
4557	29
4558	29
4559	29
4560	27
4561	27
4562	25
4563	26
4564	26
4565	26
4566	26
4567	25
4568	25
4569	25
4570	25
4571	25
4572	25
4573	25
4574	24
4575	24
4576	24
4577	25
4578	25
4579	25
4580	25
4581	26
4582	26
4583	26
4584	26
4585	26
4586	26
4587	26
4588	27
4589	27
4590	26
4591	26
4592	26
4593	26
4594	27
4595	27
4596	27
4597	27
4598	27
4599	24
4600	24
4601	24
4602	24
4603	24
4604	24
4605	24
4606	24
4607	24
4608	24
4609	23
4610	22
4611	22
4612	22
4613	22
4614	22
4615	23
4616	23
4617	23
4618	23
4619	23
4620	22
4621	22
4622	22
4623	22
4624	22
4625	22
4626	22
4627	22
4628	22
4629	22
4630	23
4631	22
4632	22
4633	22
4634	23
4635	23
4636	24
4637	24
4638	24
4639	24
4640	24
4641	24
4642	24
4643	24
4644	24
4645	24
4646	24
4647	24
4648	24
4649	24
4650	24
4651	24
4652	23
4653	23
4654	23
4655	23
4656	23
4657	23
4658	23
4659	24
4660	24
4661	24
4662	23
4663	23
4664	24
4665	24
4666	23
4667	23
4668	23
4669	23
4670	23
4671	23
4672	23
4673	23
4674	24
4675	24
4676	24
4677	24
4678	24
4679	24
4680	23
4681	23
4682	23
4683	23
4684	23
4685	23
4686	23
4687	23
4688	23
4689	21
4690	21
4691	21
4692	21
4693	22
4694	22
4695	22
4696	22
4697	21
4698	21
4699	21
4700	21
4701	21
4702	20
4703	20
4704	20
4705	20
4706	20
4707	20
4708	20
4709	21
4710	21
4711	22
4712	22
4713	23
4714	23
4715	23
4716	24
4717	24
4718	24
4719	24
4720	24
4721	24
4722	24
4723	24
4724	24
4725	24
4726	23
4727	23
4728	22
4729	22
4730	22
4731	21
4732	21
4733	21
4734	21
4735	21
4736	21
4737	21
4738	21
4739	21
4740	20
4741	20
4742	20
4743	20
4744	20
4745	20
4746	20
4747	20
4748	20
4749	20
4750	20
4751	20
4752	21
4753	21
4754	21
4755	21
4756	21
4757	21
4758	21
4759	21
4760	21
4761	22
4762	22
4763	22
4764	22
4765	22
4766	22
4767	22
4768	22
4769	22
4770	22
4771	22
4772	22
4773	22
4774	22
4775	22
4776	22
4777	22
4778	22
4779	22
4780	22
4781	22
4782	22
4783	23
4784	24
4785	24
4786	24
4787	24
4788	24
4789	24
4790	24
4791	24
4792	26
4793	25
4794	25
4795	25
4796	24
4797	24
4798	24
4799	24
4800	24
4801	24
4802	24
4803	25
4804	25
4805	25
4806	25
4807	25
4808	25
4809	24
4810	24
4811	25
4812	25
4813	25
4814	25
4815	25
4816	25
4817	25
4818	25
4819	25
4820	25
4821	25
4822	25
4823	25
4824	25
4825	25
4826	25
4827	25
4828	25
4829	25
4830	25
4831	24
4832	23
4833	24
4834	24
4835	24
4836	24
4837	24
4838	24
4839	26
4840	26
4841	26
4842	26
4843	25
4844	24
4845	23
4846	24
4847	23
4848	22
4849	22
4850	21
4851	21
4852	20
4853	20
4854	20
4855	20
4856	20
4857	20
4858	20
4859	20
4860	20
4861	21
4862	21
4863	21
4864	21
4865	21
4866	21
4867	21
4868	21
4869	19
4870	19
4871	18
4872	18
4873	18
4874	18
4875	18
4876	18
4877	18
4878	19
4879	19
4880	19
4881	19
4882	20
4883	20
4884	20
4885	21
4886	21
4887	21
4888	21
4889	21
4890	21
4891	21
4892	21
4893	21
4894	21
4895	21
4896	21
4897	21
4898	21
4899	21
4900	21
4901	21
4902	20
4903	20
4904	20
4905	21
4906	21
4907	21
4908	21
4909	21
4910	21
4911	21
4912	21
4913	21
4914	21
4915	21
4916	21
4917	21
4918	22
4919	22
4920	22
4921	22
4922	22
4923	22
4924	22
4925	22
4926	23
4927	23
4928	23
4929	23
4930	24
4931	24
4932	24
4933	23
4934	24
4935	24
4936	24
4937	24
4938	24
4939	24
4940	24
4941	24
4942	23
4943	23
4944	23
4945	23
4946	23
4947	23
4948	23
4949	23
4950	23
4951	23
4952	23
4953	23
4954	22
4955	22
4956	21
4957	21
4958	21
4959	21
4960	21
4961	21
4962	21
4963	22
4964	22
4965	22
4966	22
4967	22
4968	22
4969	22
4970	22
4971	21
4972	18
4973	18
4974	17
4975	17
4976	19
4977	19
4978	19
4979	19
4980	19
4981	19
4982	19
4983	20
4984	20
4985	20
4986	20
4987	20
4988	19
4989	19
4990	19
4991	19
4992	19
4993	19
4994	19
4995	20
4996	20
4997	20
4998	20
4999	20
5000	20
5001	20
5002	20
5003	20
5004	20
5005	21
5006	21
5007	21
5008	21
5009	21
5010	20
5011	20
5012	19
5013	19
5014	18
5015	18
5016	18
5017	18
5018	18
5019	18
5020	18
5021	19
5022	19
5023	20
5024	20
5025	20
5026	20
5027	21
5028	21
5029	21
5030	21
5031	21
5032	20
5033	20
5034	20
5035	21
5036	22
5037	22
5038	22
5039	22
5040	22
5041	22
5042	21
5043	21
5044	22
5045	22
5046	22
5047	22
5048	22
5049	23
5050	23
5051	23
5052	23
5053	23
5054	23
5055	23
5056	24
5057	24
5058	24
5059	24
5060	24
5061	24
5062	24
5063	25
5064	25
5065	25
5066	25
5067	25
5068	25
5069	25
5070	25
5071	27
5072	27
5073	27
5074	27
5075	27
5076	27
5077	26
5078	27
5079	27
5080	27
5081	27
5082	27
5083	27
5084	27
5085	27
5086	27
5087	26
5088	27
5089	27
5090	27
5091	28
5092	28
5093	29
5094	29
5095	29
5096	29
5097	30
5098	30
5099	30
5100	30
5101	30
5102	30
5103	30
5104	30
5105	30
5106	30
5107	30
5108	30
5109	30
5110	30
5111	30
5112	30
5113	30
5114	30
5115	29
5116	28
5117	28
5118	27
5119	27
5120	27
5121	27
5122	28
5123	28
5124	28
5125	28
5126	28
5127	28
5128	29
5129	29
5130	30
5131	30
5132	30
5133	30
5134	30
5135	31
5136	31
5137	31
5138	32
5139	32
5140	32
5141	30
5142	30
5143	30
5144	30
5145	30
5146	30
5147	31
5148	31
5149	33
5150	33
5151	34
5152	35
5153	35
5154	35
5155	34
5156	34
5157	34
5158	34
5159	34
5160	34
5161	34
5162	34
5163	34
5164	34
5165	35
5166	35
5167	35
5168	35
5169	35
5170	35
5171	35
5172	35
5173	35
5174	35
5175	35
5176	35
5177	35
5178	35
5179	35
5180	35
5181	35
5182	35
5183	35
5184	36
5185	36
5186	37
5187	36
5188	36
5189	36
5190	37
5191	37
5192	37
5193	37
5194	36
5195	36
5196	37
5197	37
5198	36
5199	36
5200	36
5201	36
5202	36
5203	36
5204	36
5205	36
5206	36
5207	36
5208	36
5209	35
5210	35
5211	35
5212	35
5213	34
5214	34
5215	33
5216	33
5217	33
5218	32
5219	33
5220	32
5221	34
5222	34
5223	33
5224	33
5225	33
5226	33
5227	32
5228	32
5229	31
5230	32
5231	32
5232	32
5233	32
5234	32
5235	32
5236	32
5237	32
5238	32
5239	32
5240	32
5241	32
5242	33
5243	34
5244	35
5245	36
5246	36
5247	38
5248	38
5249	39
5250	39
5251	39
5252	39
5253	40
5254	40
5255	40
5256	40
5257	40
5258	40
5259	40
5260	39
5261	40
5262	40
5263	40
5264	40
5265	41
5266	41
5267	41
5268	41
5269	41
5270	40
5271	40
5272	40
5273	40
5274	41
5275	41
5276	41
5277	42
5278	42
5279	43
5280	42
5281	42
5282	42
5283	41
5284	42
5285	42
5286	42
5287	41
5288	41
5289	41
5290	41
5291	40
5292	40
5293	39
5294	35
5295	35
5296	35
5297	35
5298	35
5299	35
5300	34
5301	34
5302	34
5303	34
5304	34
5305	34
5306	34
5307	34
5308	35
5309	35
5310	35
5311	35
5312	36
5313	36
5314	37
5315	37
5316	37
5317	37
5318	37
5319	35
5320	35
5321	35
5322	35
5323	35
5324	35
5325	36
5326	37
5327	37
5328	37
5329	37
5330	38
5331	37
5332	37
5333	37
5334	37
5335	37
5336	36
5337	36
5338	36
5339	34
5340	34
5341	34
5342	32
5343	35
5344	35
5345	35
5346	36
5347	36
5348	36
5349	35
5350	35
5351	36
5352	36
5353	36
5354	35
5355	35
5356	35
5357	34
5358	34
5359	34
5360	35
5361	35
5362	35
5363	35
5364	36
5365	37
5366	37
5367	36
5368	36
5369	36
5370	35
5371	35
5372	35
5373	35
5374	35
5375	35
5376	35
5377	35
5378	35
5379	34
5380	33
5381	33
5382	33
5383	33
5384	33
5385	33
5386	33
5387	33
5388	33
5389	33
5390	33
5391	34
5392	33
5393	33
5394	34
5395	34
5396	34
5397	33
5398	33
5399	33
5400	33
5401	33
5402	33
5403	34
5404	34
5405	34
5406	34
5407	34
5408	34
5409	32
5410	31
5411	31
5412	32
5413	32
5414	32
5415	32
5416	32
5417	32
5418	32
5419	32
5420	32
5421	34
5422	32
5423	33
5424	33
5425	33
5426	34
5427	35
5428	35
5429	35
5430	35
5431	34
5432	35
5433	34
5434	34
5435	34
5436	33
5437	33
5438	33
5439	33
5440	33
5441	33
5442	33
5443	33
5444	33
5445	33
5446	34
5447	34
5448	34
5449	34
5450	34
5451	34
5452	34
5453	34
5454	34
5455	34
5456	34
5457	34
5458	34
5459	34
5460	34
5461	34
5462	34
5463	34
5464	34
5465	34
5466	33
5467	33
5468	33
5469	33
5470	33
5471	33
5472	33
5473	33
5474	32
5475	32
5476	31
5477	30
5478	30
5479	29
5480	29
5481	28
5482	28
5483	28
5484	28
5485	27
5486	27
5487	27
5488	27
5489	26
5490	26
5491	26
5492	26
5493	27
5494	28
5495	28
5496	28
5497	29
5498	29
5499	27
5500	27
5501	27
5502	27
5503	26
5504	26
5505	26
5506	26
5507	26
5508	26
5509	26
5510	26
5511	27
5512	28
5513	28
5514	28
5515	28
5516	29
5517	29
5518	29
5519	29
5520	29
5521	29
5522	29
5523	29
5524	29
5525	28
5526	28
5527	28
5528	28
5529	28
5530	28
5531	29
5532	30
5533	30
5534	30
5535	30
5536	30
5537	30
5538	30
5539	30
5540	30
5541	31
5542	31
5543	32
5544	33
5545	33
5546	34
5547	34
5548	34
5549	34
5550	33
5551	33
5552	31
5553	31
5554	31
5555	30
5556	30
5557	30
5558	30
5559	30
5560	30
5561	30
5562	31
5563	30
5564	30
5565	29
5566	29
5567	29
5568	29
5569	28
5570	28
5571	28
5572	28
5573	28
5574	28
5575	28
5576	28
5577	28
5578	28
5579	28
5580	28
5581	28
5582	28
5583	28
5584	28
5585	28
5586	27
5587	29
5588	29
5589	30
5590	30
5591	30
5592	30
5593	30
5594	30
5595	30
5596	30
5597	30
5598	30
5599	30
5600	30
5601	30
5602	31
5603	30
5604	31
5605	31
5606	32
5607	32
5608	32
5609	32
5610	32
5611	32
5612	32
5613	32
5614	32
5615	32
5616	32
5617	32
5618	32
5619	32
5620	32
5621	32
5622	32
5623	32
5624	33
5625	33
5626	33
5627	33
5628	33
5629	33
5630	33
5631	33
5632	33
5633	33
5634	32
5635	32
5636	32
5637	32
5638	32
5639	32
5640	33
5641	33
5642	33
5643	33
5644	33
5645	34
5646	33
5647	33
5648	33
5649	33
5650	33
5651	33
5652	33
5653	33
5654	32
5655	32
5656	31
5657	31
5658	31
5659	31
5660	31
5661	31
5662	31
5663	31
5664	31
5665	31
5666	31
5667	31
5668	31
5669	31
5670	31
5671	30
5672	30
5673	30
5674	30
5675	30
5676	29
5677	29
5678	29
5679	29
5680	29
5681	29
5682	29
5683	29
5684	29
5685	29
5686	29
5687	31
5688	31
5689	33
5690	33
5691	35
5692	34
5693	34
5694	34
5695	34
5696	36
5697	36
5698	36
5699	36
5700	37
5701	37
5702	37
5703	37
5704	37
5705	38
5706	38
5707	38
5708	38
5709	37
5710	37
5711	38
5712	38
5713	38
5714	38
5715	38
5716	38
5717	38
5718	38
5719	38
5720	38
5721	39
5722	39
5723	39
5724	39
5725	39
5726	39
5727	38
5728	38
5729	38
5730	39
5731	38
5732	37
5733	37
5734	37
5735	37
5736	37
5737	37
5738	37
5739	37
5740	37
5741	38
5742	39
5743	39
5744	39
5745	38
5746	38
5747	39
5748	39
5749	42
5750	42
5751	42
5752	42
5753	41
5754	42
5755	42
5756	42
5757	42
5758	42
5759	42
5760	42
5761	42
5762	42
5763	42
5764	43
5765	43
5766	43
5767	43
5768	43
5769	40
5770	40
5771	38
5772	38
5773	38
5774	38
5775	38
5776	38
5777	38
5778	38
5779	39
5780	39
5781	39
5782	39
5783	39
5784	38
5785	39
5786	39
5787	39
5788	39
5789	40
5790	40
5791	41
5792	41
5793	41
5794	41
5795	41
5796	41
5797	41
5798	41
5799	41
5800	41
5801	41
5802	41
5803	42
5804	41
5805	44
5806	43
5807	44
5808	44
5809	45
5810	45
5811	45
5812	45
5813	45
5814	45
5815	45
5816	45
5817	45
5818	45
5819	45
5820	45
5821	44
5822	45
5823	45
5824	45
5825	47
5826	47
5827	47
5828	46
5829	46
5830	47
5831	46
5832	46
5833	46
5834	45
5835	45
5836	45
5837	45
5838	45
5839	45
5840	45
5841	45
5842	45
5843	45
5844	45
5845	46
5846	46
5847	45
5848	45
5849	45
5850	45
5851	46
5852	45
5853	45
5854	45
5855	45
5856	45
5857	45
5858	45
5859	45
5860	45
5861	45
5862	45
5863	45
5864	45
5865	45
5866	45
5867	44
5868	46
5869	46
5870	45
5871	45
5872	45
5873	45
5874	44
5875	45
5876	45
5877	44
5878	44
5879	44
5880	45
5881	44
5882	44
5883	44
5884	44
5885	44
5886	44
5887	44
5888	43
5889	43
5890	43
5891	44
5892	44
5893	46
5894	45
5895	45
5896	45
5897	45
5898	45
5899	45
5900	45
5901	45
5902	46
5903	46
5904	46
5905	46
5906	46
5907	46
5908	46
5909	46
5910	45
5911	45
5912	45
5913	45
5914	46
5915	46
5916	46
5917	46
5918	46
5919	46
5920	46
5921	46
5922	47
5923	47
5924	47
5925	47
5926	47
5927	47
5928	47
5929	47
5930	47
5931	47
5932	47
5933	47
5934	46
5935	46
5936	46
5937	46
5938	46
5939	46
5940	46
5941	46
5942	46
5943	46
5944	46
5945	46
5946	46
5947	46
5948	46
5949	44
5950	44
5951	43
5952	43
5953	43
5954	43
5955	43
5956	43
5957	41
5958	41
5959	42
5960	42
5961	42
5962	41
5963	41
5964	42
5965	41
5966	41
5967	41
5968	42
5969	42
5970	41
5971	41
5972	41
5973	41
5974	41
5975	42
5976	41
5977	42
5978	42
5979	43
5980	43
5981	43
5982	43
5983	43
5984	43
5985	42
5986	42
5987	42
5988	42
5989	42
5990	42
5991	42
5992	42
5993	42
5994	42
5995	42
5996	42
5997	42
5998	42
5999	41
6000	40
6001	40
6002	39
6003	39
6004	38
6005	38
6006	38
6007	38
6008	38
6009	37
6010	37
6011	37
6012	36
6013	36
6014	35
6015	34
6016	34
6017	34
6018	33
6019	33
6020	32
6021	32
6022	31
6023	31
6024	30
6025	30
6026	29
6027	29
6028	30
6029	30
6030	29
6031	29
6032	29
6033	29
6034	29
6035	30
6036	30
6037	30
6038	30
6039	30
6040	30
6041	30
6042	30
6043	30
6044	31
6045	32
6046	32
6047	32
6048	33
6049	33
6050	33
6051	33
6052	33
6053	32
6054	31
6055	32
6056	33
6057	33
6058	34
6059	34
6060	33
6061	33
6062	33
6063	33
6064	33
6065	32
6066	33
6067	33
6068	34
6069	34
6070	34
6071	34
6072	34
6073	32
6074	32
6075	32
6076	32
6077	32
6078	32
6079	32
6080	32
6081	32
6082	32
6083	32
6084	32
6085	32
6086	32
6087	33
6088	33
6089	33
6090	33
6091	33
6092	33
6093	33
6094	32
6095	31
6096	30
6097	30
6098	30
6099	29
6100	29
6101	29
6102	29
6103	29
6104	29
6105	29
6106	30
6107	30
6108	30
6109	30
6110	29
6111	29
6112	29
6113	29
6114	29
6115	29
6116	29
6117	30
6118	29
6119	29
6120	29
6121	28
6122	28
6123	28
6124	29
6125	28
6126	28
6127	29
6128	31
6129	31
6130	31
6131	31
6132	31
6133	32
6134	32
6135	32
6136	32
6137	31
6138	31
6139	32
6140	32
6141	32
6142	32
6143	32
6144	33
6145	32
6146	32
6147	31
6148	30
6149	30
6150	30
6151	30
6152	32
6153	33
6154	33
6155	33
6156	33
6157	33
6158	33
6159	33
6160	33
6161	33
6162	33
6163	32
6164	33
6165	33
6166	33
6167	33
6168	34
6169	34
6170	34
6171	35
6172	35
6173	35
6174	35
6175	35
6176	34
6177	34
6178	34
6179	34
6180	34
6181	34
6182	34
6183	34
6184	34
6185	34
6186	34
6187	34
6188	34
6189	34
6190	34
6191	34
6192	34
6193	34
6194	34
6195	34
6196	34
6197	34
6198	34
6199	34
6200	34
6201	34
6202	34
6203	34
6204	34
6205	34
6206	34
6207	34
6208	34
6209	34
6210	34
6211	35
6212	35
6213	35
6214	35
6215	35
6216	35
6217	36
6218	36
6219	34
6220	34
6221	33
6222	32
6223	32
6224	32
6225	32
6226	32
6227	32
6228	32
6229	32
6230	32
6231	32
6232	32
6233	32
6234	32
6235	31
6236	31
6237	31
6238	30
6239	32
6240	32
6241	32
6242	32
6243	32
6244	32
6245	33
6246	34
6247	34
6248	34
6249	34
6250	34
6251	35
6252	34
6253	34
6254	34
6255	34
6256	34
6257	34
6258	34
6259	34
6260	34
6261	34
6262	34
6263	34
6264	34
6265	34
6266	34
6267	34
6268	34
6269	34
6270	34
6271	34
6272	34
6273	34
6274	33
6275	33
6276	33
6277	33
6278	33
6279	33
6280	33
6281	33
6282	33
6283	33
6284	31
6285	30
6286	30
6287	30
6288	29
6289	29
6290	29
6291	29
6292	29
6293	29
6294	29
6295	29
6296	30
6297	31
6298	31
6299	31
6300	31
6301	31
6302	31
6303	31
6304	31
6305	31
6306	31
6307	32
6308	32
6309	30
6310	30
6311	30
6312	31
6313	31
6314	31
6315	31
6316	31
6317	31
6318	31
6319	31
6320	31
6321	31
6322	31
6323	31
6324	31
6325	30
6326	30
6327	30
6328	29
6329	29
6330	29
6331	29
6332	30
6333	30
6334	30
6335	31
6336	31
6337	31
6338	32
6339	31
6340	30
6341	30
6342	30
6343	30
6344	30
6345	30
6346	30
6347	29
6348	29
6349	29
6350	29
6351	29
6352	30
6353	30
6354	29
6355	29
6356	29
6357	28
6358	28
6359	27
6360	27
6361	28
6362	28
6363	28
6364	28
6365	28
6366	28
6367	28
6368	28
6369	28
6370	28
6371	28
6372	28
6373	27
6374	27
6375	26
6376	26
6377	25
6378	26
6379	25
6380	25
6381	25
6382	25
6383	25
6384	25
6385	25
6386	26
6387	26
6388	25
6389	25
6390	25
6391	25
6392	25
6393	25
6394	25
6395	25
6396	25
6397	25
6398	25
6399	23
6400	23
6401	23
6402	23
6403	23
6404	23
6405	23
6406	23
6407	23
6408	23
6409	23
6410	23
6411	24
6412	25
6413	25
6414	25
6415	23
6416	23
6417	23
6418	24
6419	24
6420	23
6421	23
6422	23
6423	23
6424	23
6425	23
6426	23
6427	23
6428	24
6429	23
6430	22
6431	22
6432	22
6433	22
6434	22
6435	23
6436	23
6437	23
6438	23
6439	23
6440	23
6441	23
6442	23
6443	23
6444	23
6445	23
6446	22
6447	22
6448	21
6449	21
6450	20
6451	20
6452	20
6453	20
6454	20
6455	20
6456	20
6457	20
6458	21
6459	21
6460	21
6461	21
6462	21
6463	21
6464	21
6465	20
6466	21
6467	21
6468	20
6469	20
6470	20
6471	20
6472	20
6473	20
6474	20
6475	20
6476	20
6477	20
6478	20
6479	20
6480	20
6481	21
6482	21
6483	21
6484	21
6485	21
6486	21
6487	21
6488	21
6489	19
6490	19
6491	19
6492	19
6493	19
6494	19
6495	19
6496	19
6497	19
6498	19
6499	19
6500	19
6501	19
6502	19
6503	19
6504	19
6505	19
6506	19
6507	19
6508	18
6509	18
6510	18
6511	18
6512	18
6513	18
6514	18
6515	18
6516	18
6517	18
6518	18
6519	18
6520	18
6521	18
6522	17
6523	17
6524	17
6525	17
6526	17
6527	17
6528	17
6529	17
6530	18
6531	19
6532	19
6533	19
6534	20
6535	20
6536	20
6537	20
6538	20
6539	20
6540	19
6541	19
6542	19
6543	19
6544	19
6545	19
6546	19
6547	19
6548	20
6549	20
6550	20
6551	20
6552	20
6553	20
6554	20
6555	20
6556	20
6557	20
6558	20
6559	20
6560	20
6561	20
6562	20
6563	20
6564	20
6565	20
6566	20
6567	20
6568	20
6569	20
6570	20
6571	20
6572	21
6573	21
6574	21
6575	21
6576	20
6577	20
6578	20
6579	19
6580	19
6581	19
6582	19
6583	19
6584	19
6585	19
6586	20
6587	20
6588	20
6589	20
6590	20
6591	19
6592	19
6593	19
6594	19
6595	19
6596	19
6597	19
6598	18
6599	18
6600	18
6601	18
6602	19
6603	19
6604	19
6605	19
6606	19
6607	18
6608	18
6609	18
6610	18
6611	19
6612	19
6613	19
6614	19
6615	19
6616	19
6617	19
6618	19
6619	19
6620	19
6621	19
6622	19
6623	19
6624	19
6625	19
6626	19
6627	19
6628	19
6629	19
6630	18
6631	18
6632	17
6633	16
6634	17
6635	18
6636	18
6637	18
6638	18
6639	18
6640	18
6641	18
6642	19
6643	19
6644	19
6645	19
6646	19
6647	19
6648	19
6649	18
6650	19
6651	19
6652	19
6653	18
6654	18
6655	18
6656	18
6657	18
6658	18
6659	18
6660	18
6661	18
6662	18
6663	18
6664	18
6665	18
6666	18
6667	18
6668	18
6669	17
6670	17
6671	17
6672	17
6673	17
6674	17
6675	17
6676	17
6677	17
6678	17
6679	17
6680	17
6681	17
6682	17
6683	17
6684	17
6685	17
6686	17
6687	17
6688	17
6689	17
6690	17
6691	17
6692	17
6693	17
6694	17
6695	17
6696	17
6697	18
6698	18
6699	18
6700	18
6701	18
6702	18
6703	18
6704	18
6705	18
6706	18
6707	18
6708	18
6709	18
6710	18
6711	18
6712	18
6713	18
6714	18
6715	17
6716	17
6717	17
6718	18
6719	18
6720	16
6721	16
6722	16
6723	16
6724	16
6725	16
6726	16
6727	16
6728	15
6729	15
6730	15
6731	15
6732	15
6733	15
6734	15
6735	15
6736	15
6737	15
6738	15
6739	15
6740	15
6741	15
6742	15
6743	15
6744	15
6745	15
6746	15
6747	15
6748	15
6749	15
6750	15
6751	15
6752	15
6753	15
6754	15
6755	15
6756	15
6757	15
6758	14
6759	13
6760	13
6761	13
6762	13
6763	13
6764	13
6765	13
6766	13
6767	14
6768	14
6769	14
6770	14
6771	14
6772	14
6773	14
6774	14
6775	14
6776	14
6777	14
6778	14
6779	14
6780	14
6781	14
6782	14
6783	14
6784	14
6785	14
6786	14
6787	14
6788	14
6789	14
6790	14
6791	15
6792	15
6793	15
6794	15
6795	15
6796	15
6797	15
6798	15
6799	15
6800	15
6801	15
6802	15
6803	15
6804	15
6805	15
6806	15
6807	15
6808	15
6809	15
6810	14
6811	14
6812	14
6813	14
6814	14
6815	14
6816	14
6817	13
6818	13
6819	13
6820	13
6821	13
6822	13
6823	12
6824	12
6825	13
6826	13
6827	13
6828	13
6829	13
6830	13
6831	13
6832	13
6833	12
6834	13
6835	13
6836	13
6837	13
6838	14
6839	14
6840	14
6841	14
6842	14
6843	14
6844	14
6845	14
6846	14
6847	14
6848	13
6849	13
6850	13
6851	13
6852	13
6853	13
6854	13
6855	13
6856	12
6857	12
6858	12
6859	13
6860	13
6861	13
6862	13
6863	13
6864	12
6865	12
6866	13
6867	13
6868	13
6869	13
6870	12
6871	12
6872	12
6873	12
6874	12
6875	12
6876	12
6877	12
6878	12
6879	13
6880	13
6881	13
6882	13
6883	13
6884	13
6885	13
6886	13
6887	13
6888	13
6889	13
6890	13
6891	13
6892	13
6893	13
6894	13
6895	13
6896	13
6897	13
6898	14
6899	14
6900	13
6901	13
6902	13
6903	13
6904	13
6905	13
6906	13
6907	13
6908	13
6909	13
6910	13
6911	13
6912	13
6913	12
6914	12
6915	12
6916	12
6917	12
6918	12
6919	12
6920	12
6921	12
6922	12
6923	12
6924	12
6925	12
6926	12
6927	12
6928	12
6929	12
6930	12
6931	12
6932	12
6933	12
6934	12
6935	12
6936	12
6937	12
6938	12
6939	12
6940	11
6941	11
6942	11
6943	11
6944	11
6945	11
6946	11
6947	11
6948	11
6949	11
6950	11
6951	11
6952	11
6953	11
6954	11
6955	11
6956	11
6957	11
6958	12
6959	12
6960	12
6961	12
6962	12
6963	12
6964	12
6965	12
6966	12
6967	12
6968	12
6969	12
6970	12
6971	12
6972	12
6973	12
6974	12
6975	12
6976	12
6977	11
6978	11
6979	10
6980	10
6981	10
6982	10
6983	10
6984	9
6985	10
6986	10
6987	10
6988	10
6989	10
6990	10
6991	10
6992	10
6993	10
6994	10
6995	10
6996	10
6997	10
6998	10
6999	10
7000	10
7001	10
7002	10
7003	10
7004	10
7005	10
7006	11
7007	11
7008	11
7009	11
7010	11
7011	11
7012	11
7013	11
7014	10
7015	10
7016	10
7017	10
7018	10
7019	10
7020	10
7021	10
7022	10
7023	10
7024	10
7025	10
7026	9
7027	9
7028	10
7029	10
7030	10
7031	10
7032	10
7033	10
7034	10
7035	10
7036	10
7037	10
7038	10
7039	10
7040	10
7041	10
7042	10
7043	10
7044	10
7045	10
7046	10
7047	10
7048	10
7049	10
7050	10
7051	10
7052	10
7053	10
7054	10
7055	10
7056	10
7057	10
7058	10
7059	10
7060	10
7061	10
7062	10
7063	10
7064	10
7065	10
7066	10
7067	10
7068	10
7069	10
7070	10
7071	10
7072	10
7073	10
7074	10
7075	10
7076	10
7077	10
7078	10
7079	10
7080	10
7081	10
7082	9
7083	9
7084	9
7085	9
7086	9
7087	9
7088	9
7089	9
7090	10
7091	10
7092	10
7093	11
7094	11
7095	11
7096	11
7097	11
7098	11
7099	11
7100	11
7101	11
7102	11
7103	11
7104	11
7105	11
7106	11
7107	11
7108	11
7109	11
7110	11
7111	11
7112	11
7113	11
7114	11
7115	11
7116	11
7117	11
7118	11
7119	11
7120	11
7121	11
7122	10
7123	10
7124	10
7125	10
7126	10
7127	10
7128	10
7129	10
7130	10
7131	10
7132	10
7133	10
7134	10
7135	10
7136	10
7137	10
7138	11
7139	11
7140	11
7141	11
7142	11
7143	11
7144	11
7145	11
7146	11
7147	11
7148	11
7149	11
7150	11
7151	10
7152	10
7153	10
7154	9
7155	9
7156	9
7157	10
7158	10
7159	10
7160	10
7161	10
7162	10
7163	10
7164	10
7165	10
7166	10
7167	10
7168	10
7169	10
7170	10
7171	9
7172	9
7173	9
7174	9
7175	9
7176	9
7177	9
7178	9
7179	9
7180	9
7181	9
7182	9
7183	8
7184	8
7185	8
7186	8
7187	8
7188	8
7189	8
7190	8
7191	8
7192	8
7193	8
7194	7
7195	7
7196	7
7197	7
7198	7
7199	7
7200	7
7201	7
7202	7
7203	7
7204	7
7205	7
7206	6
7207	6
7208	6
7209	5
7210	4
7211	4
7212	4
7213	4
7214	4
7215	4
7216	4
7217	4
7218	4
7219	4
7220	4
7221	4
7222	4
7223	4
7224	4
7225	4
7226	4
7227	4
7228	4
7229	4
7230	4
7231	4
7232	4
7233	4
7234	4
7235	4
7236	4
7237	4
7238	4
7239	4
7240	4
7241	4
7242	4
7243	4
7244	4
7245	4
7246	4
7247	4
7248	4
7249	4
7250	4
7251	4
7252	4
7253	4
7254	4
7255	4
7256	4
7257	4
7258	4
7259	4
7260	4
7261	4
7262	4
7263	4
7264	4
7265	4
7266	4
7267	4
7268	4
7269	4
7270	4
7271	4
7272	4
7273	4
7274	4
7275	4
7276	4
7277	4
7278	4
7279	4
7280	4
7281	4
7282	4
7283	3
7284	3
7285	3
7286	3
7287	3
7288	3
7289	3
7290	3
7291	3
7292	3
7293	3
7294	3
7295	3
7296	3
7297	3
7298	3
7299	3
7300	4
7301	4
7302	4
7303	4
7304	4
7305	4
7306	4
7307	4
7308	4
7309	4
7310	4
7311	4
7312	4
7313	4
7314	5
7315	5
7316	5
7317	5
7318	4
7319	4
7320	4
7321	4
7322	4
7323	4
7324	4
7325	4
7326	4
7327	4
7328	4
7329	4
7330	4
7331	4
7332	4
7333	4
7334	4
7335	5
7336	5
7337	5
7338	5
7339	5
7340	5
7341	5
7342	5
7343	5
7344	5
7345	5
7346	5
7347	5
7348	5
7349	5
7350	5
7351	5
7352	5
7353	5
7354	5
7355	5
7356	5
7357	5
7358	5
7359	5
7360	5
7361	5
7362	5
7363	5
7364	5
7365	5
7366	5
7367	5
7368	5
7369	5
7370	5
7371	5
7372	5
7373	5
7374	5
7375	5
7376	5
7377	5
7378	5
7379	5
7380	5
7381	5
7382	5
7383	5
7384	5
7385	5
7386	5
7387	5
7388	5
7389	5
7390	5
7391	5
7392	5
7393	5
7394	5
7395	5
7396	5
7397	5
7398	5
7399	4
7400	4
7401	4
7402	4
7403	4
7404	4
7405	4
7406	4
7407	4
7408	4
7409	4
7410	4
7411	4
7412	4
7413	4
7414	4
7415	4
7416	4
7417	4
7418	4
7419	4
7420	4
7421	4
7422	4
7423	4
7424	4
7425	4
7426	4
7427	4
7428	4
7429	4
7430	4
7431	4
7432	4
7433	4
7434	4
7435	4
7436	4
7437	4
7438	4
7439	4
7440	4
7441	4
7442	4
7443	4
7444	4
7445	4
7446	4
7447	4
7448	4
7449	4
7450	4
7451	4
7452	4
7453	4
7454	4
7455	4
7456	4
7457	4
7458	4
7459	4
7460	4
7461	4
7462	4
7463	4
7464	4
7465	4
7466	4
7467	4
7468	4
7469	4
7470	4
7471	4
7472	4
7473	4
7474	4
7475	4
7476	4
7477	4
7478	4
7479	4
7480	4
7481	4
7482	4
7483	4
7484	4
7485	4
7486	4
7487	4
7488	4
7489	4
7490	4
7491	4
7492	4
7493	4
7494	4
7495	4
7496	4
7497	4
7498	4
7499	4
7500	4
7501	4
7502	4
7503	4
7504	4
7505	4
7506	4
7507	4
7508	4
7509	4
7510	4
7511	4
7512	4
7513	4
7514	4
7515	4
7516	4
7517	4
7518	4
7519	4
7520	4
7521	4
7522	4
7523	4
7524	4
7525	4
7526	4
7527	4
7528	4
7529	4
7530	4
7531	4
7532	4
7533	4
7534	4
7535	4
7536	4
7537	4
7538	4
7539	4
7540	4
7541	4
7542	4
7543	4
7544	4
7545	4
7546	4
7547	4
7548	4
7549	4
7550	4
7551	4
7552	4
7553	4
7554	4
7555	4
7556	4
7557	4
7558	4
7559	4
7560	4
7561	4
7562	3
7563	3
7564	3
7565	3
7566	3
7567	3
7568	3
7569	2
7570	2
7571	2
7572	2
7573	2
7574	2
7575	2
7576	2
7577	2
7578	2
7579	2
7580	2
7581	2
7582	2
7583	2
7584	2
7585	2
7586	2
7587	2
7588	2
7589	2
7590	1
7591	1
7592	1
7593	1
7594	1
7595	1
7596	1
7597	1
7598	1
7599	1
7600	1
7601	1
7602	1
7603	1
7604	1
7605	1
7606	1
7607	1
7608	1
7609	1
7610	1
7611	1
7612	1
7613	1
7614	1
7615	1
7616	1
7617	1
7618	1
7619	1
7620	1
7621	1
7622	1
7623	1
7624	1
7625	1
7626	1
7627	1
7628	1
7629	1
7630	1
7631	1
7632	1
7633	1
7634	1
7635	1
7636	1
7637	1
7638	1
7639	1
7640	1
7641	1
7642	1
7643	1
7644	1
7645	1
7646	1
7647	1
7648	1
7649	1
7650	1
7651	1
7652	1
7653	1
7654	1
7655	1
7656	1
7657	1
7658	1
7659	1
7660	1
7661	1
7662	1
7663	1
7664	1
7665	1
7666	1
7667	1
7668	1
7669	1
7670	1
7671	1
7672	1
7673	1
7674	1
7675	1
7676	1
7677	1
7678	1
7679	1
7680	1
7681	1
7682	1
7683	1
7684	1
7685	1
7686	1
7687	1
7688	1
7689	1
7690	1
7691	1
7692	1
7693	1
7694	1
7695	1
7696	0
7697	0
7698	0
7699	0
7700	0
7701	0
7702	0
7703	0
7704	0
7705	0
7706	0
7707	0
7708	0
7709	0
7710	0
7711	0
7712	0
7713	0
7714	0
7715	0
7716	0
7717	0
7718	0
7719	0
7720	0
7721	0
7722	0
7723	0
7724	0
7725	0
7726	0
7727	0
7728	0
7729	0
7730	0
7731	0
7732	0
7733	0
7734	0
7735	0
7736	0
7737	0
7738	0
7739	0
7740	0
7741	0
7742	0
7743	0
7744	0
7745	0
7746	0
7747	0
7748	0
7749	0
7750	0
7751	0
7752	0
7753	0
7754	0
7755	0
7756	0
7757	0
7758	0
7759	0
7760	0
7761	0
7762	0
7763	0
7764	0
7765	0
7766	0
7767	0
7768	0
7769	0
7770	0
7771	0
7772	0
7773	0
7774	0
7775	0
7776	0
7777	0
7778	0
7779	0
7780	0
7781	0
7782	0
7783	0
7784	0
7785	0
7786	0
7787	0
7788	0
7789	0
7790	0
7791	0
7792	0
7793	0
7794	0
7795	0
7796	0
7797	0
7798	0
7799	0
7800	0
7801	0
7802	0
7803	0
7804	0
7805	0
7806	0
7807	0
7808	0
7809	0
7810	0
7811	0
7812	0
7813	0
7814	0
7815	0
7816	0
7817	0
7818	0
7819	0
7820	0
7821	0
7822	0
7823	0
7824	0
7825	0
7826	0
7827	0
7828	0
7829	0
7830	0
7831	0
7832	0
7833	0
7834	0
7835	0
7836	0
7837	0
7838	0
7839	0
7840	0
7841	0
7842	0
7843	0
7844	0
7845	0
7846	0
7847	0
7848	0
7849	0
7850	0
7851	0
7852	0
7853	0
7854	0
7855	0
7856	0
7857	0
7858	0
7859	0
7860	0
7861	0
7862	0
7863	0
7864	0
7865	0
7866	0
7867	0
7868	0
7869	0
7870	0
7871	0
7872	0
7873	0
7874	0
7875	0
7876	0
7877	0
7878	0
7879	0
7880	0
7881	0
7882	0
7883	0
7884	0
7885	0
7886	0
7887	0
7888	0
7889	0
7890	0
7891	0
7892	0
7893	0
7894	0
7895	0
7896	0
7897	0
7898	0
7899	0
7900	0
7901	0
7902	0
7903	0
7904	0
7905	0
7906	0
7907	0
7908	0
7909	0
7910	0
7911	0
7912	0
7913	0
7914	0
7915	0
7916	0
7917	0
7918	0
7919	0
7920	0
7921	0
7922	0
7923	0
7924	0
7925	0
7926	0
7927	0
7928	0
7929	0
7930	0
7931	0
7932	0
7933	0
7934	0
7935	0
7936	0
7937	0
7938	0
7939	0
7940	0
7941	0
7942	0
7943	0
7944	0
7945	0
7946	0
7947	0
7948	0
7949	0
7950	0
7951	0
7952	0
7953	0
7954	0
7955	0
7956	0
7957	0
7958	0
7959	0
7960	0
7961	0
7962	0
7963	0
7964	0
7965	0
7966	0
7967	0
7968	0
7969	0
7970	0
7971	0
7972	0
7973	0
7974	0
7975	0
7976	0
7977	0
7978	0
7979	0
7980	0
7981	0
7982	0
7983	0
7984	0
7985	0
7986	0
7987	0
7988	0
7989	0
7990	0
7991	0
7992	0
7993	0
7994	0
7995	0
7996	0
7997	0
7998	0
7999	0
8000	0
8001	0
8002	0
8003	0
8004	0
8005	0
8006	0
8007	0
8008	0
8009	0
8010	0
8011	0
8012	0
8013	0
8014	0
8015	0
8016	0
8017	0
8018	0
8019	0
8020	0
8021	0
8022	0
8023	0
8024	0
8025	0
8026	0
8027	0
8028	0
8029	0
8030	0
8031	0
8032	0
8033	0
8034	0
8035	0
8036	0
8037	0
8038	0
8039	0
8040	0
8041	0
8042	0
8043	0
8044	0
8045	0
8046	0
8047	0
8048	0
8049	0
8050	0
8051	0
8052	0
8053	0
8054	0
8055	0
8056	0
8057	0
8058	0
8059	0
8060	0
8061	0
8062	0
8063	0
8064	0
8065	0
8066	0
8067	0
8068	0
8069	0
8070	0
8071	0
8072	0
8073	0
8074	0
8075	0
8076	0
8077	0
8078	0
8079	0
8080	0
8081	0
8082	0
8083	0
8084	0
8085	0
8086	0
8087	0
8088	0
8089	0
8090	0
8091	0
8092	0
8093	0
8094	0
8095	0
8096	0
8097	0
8098	0
8099	0
8100	0
8101	0
8102	0
8103	0
8104	0
8105	0
8106	0
8107	0
8108	0
8109	0
8110	0
8111	0
8112	0
8113	0
8114	0
8115	0
8116	0
8117	0
8118	0
8119	0
8120	0
8121	0
8122	0
8123	0
8124	0
8125	0
8126	0
8127	0
8128	0
8129	0
8130	0
8131	0
8132	0
8133	0
8134	0
8135	0
8136	0
8137	0
8138	0
8139	0
8140	0
8141	0
8142	0
8143	0
8144	0
8145	0
8146	0
8147	0
8148	0
8149	0
8150	0
8151	0
8152	0
8153	0
8154	0
8155	0
8156	0
8157	0
8158	0
8159	0
8160	0
8161	0
8162	0
8163	0
8164	0
8165	0
8166	0
8167	0
8168	0
8169	0
8170	0
8171	0
8172	0
8173	0
8174	0
8175	0
8176	0
8177	0
8178	0
8179	0
8180	0
8181	0
8182	0
8183	0
8184	0
8185	0
8186	0
8187	0
8188	0
8189	0
8190	0
8191	0
8192	0
8193	0
8194	0
8195	0
8196	0
8197	0
8198	0
8199	0
8200	0
8201	0
8202	0
