1	0
2	0
3	1
4	1
5	1
6	1
7	1
8	1
9	1
10	1
11	1
12	1
13	1
14	1
15	1
16	1
17	1
18	1
19	1
20	1
21	1
22	1
23	1
24	1
25	1
26	1
27	1
28	1
29	1
30	1
31	1
32	1
33	1
34	1
35	1
36	1
37	1
38	1
39	1
40	1
41	1
42	1
43	1
44	1
45	1
46	1
47	1
48	1
49	2
50	2
51	2
52	2
53	2
54	2
55	2
56	2
57	2
58	2
59	2
60	2
61	2
62	2
63	3
64	3
65	4
66	4
67	4
68	4
69	4
70	4
71	4
72	4
73	4
74	4
75	4
76	4
77	4
78	4
79	4
80	4
81	5
82	5
83	5
84	5
85	5
86	5
87	5
88	5
89	5
90	5
91	6
92	6
93	6
94	6
95	6
96	6
97	6
98	6
99	6
100	6
101	7
102	7
103	7
104	7
105	8
106	8
107	8
108	8
109	7
110	7
111	7
112	6
113	6
114	6
115	7
116	8
117	8
118	9
119	9
120	9
121	9
122	9
123	9
124	9
125	9
126	9
127	9
128	9
129	9
130	9
131	9
132	9
133	9
134	9
135	9
136	9
137	9
138	9
139	9
140	9
141	10
142	10
143	11
144	11
145	11
146	11
147	11
148	11
149	11
150	11
151	11
152	10
153	10
154	10
155	10
156	10
157	10
158	10
159	10
160	10
161	10
162	10
163	10
164	10
165	10
166	10
167	10
168	11
169	11
170	11
171	11
172	11
173	11
174	12
175	13
176	13
177	13
178	13
179	13
180	13
181	12
182	11
183	11
184	11
185	11
186	11
187	11
188	11
189	11
190	11
191	12
192	12
193	14
194	14
195	14
196	15
197	15
198	15
199	15
200	15
201	15
202	14
203	14
204	14
205	13
206	13
207	13
208	13
209	14
210	14
211	15
212	14
213	14
214	14
215	13
216	13
217	14
218	14
219	14
220	14
221	14
222	14
223	13
224	13
225	13
226	13
227	13
228	13
229	13
230	13
231	13
232	13
233	13
234	13
235	14
236	13
237	13
238	13
239	14
240	15
241	15
242	15
243	15
244	15
245	14
246	14
247	14
248	14
249	14
250	14
251	14
252	14
253	14
254	14
255	14
256	14
257	14
258	14
259	14
260	14
261	14
262	14
263	14
264	14
265	15
266	15
267	15
268	15
269	14
270	15
271	15
272	15
273	15
274	15
275	15
276	14
277	14
278	14
279	14
280	14
281	15
282	15
283	16
284	16
285	16
286	16
287	16
288	17
289	17
290	17
291	17
292	17
293	17
294	17
295	17
296	17
297	17
298	17
299	17
300	17
301	17
302	17
303	17
304	18
305	18
306	18
307	18
308	18
309	18
310	18
311	18
312	19
313	19
314	19
315	19
316	19
317	19
318	20
319	20
320	21
321	21
322	21
323	22
324	22
325	22
326	22
327	21
328	21
329	21
330	21
331	21
332	20
333	20
334	18
335	18
336	18
337	18
338	18
339	18
340	18
341	18
342	20
343	20
344	20
345	20
346	20
347	19
348	19
349	19
350	19
351	19
352	19
353	19
354	20
355	20
356	19
357	19
358	19
359	19
360	19
361	19
362	19
363	19
364	19
365	19
366	19
367	19
368	19
369	19
370	19
371	19
372	19
373	19
374	19
375	19
376	19
377	19
378	20
379	20
380	20
381	20
382	20
383	20
384	20
385	19
386	19
387	19
388	18
389	17
390	17
391	17
392	17
393	18
394	17
395	17
396	18
397	18
398	18
399	18
400	18
401	18
402	18
403	18
404	18
405	18
406	18
407	18
408	17
409	17
410	17
411	17
412	16
413	16
414	16
415	16
416	16
417	16
418	16
419	16
420	16
421	16
422	16
423	16
424	17
425	17
426	17
427	17
428	17
429	16
430	17
431	18
432	18
433	17
434	18
435	19
436	19
437	20
438	20
439	20
440	21
441	21
442	21
443	21
444	21
445	21
446	21
447	21
448	21
449	21
450	21
451	23
452	23
453	22
454	22
455	22
456	22
457	22
458	23
459	23
460	23
461	23
462	23
463	22
464	22
465	21
466	21
467	21
468	20
469	21
470	21
471	21
472	21
473	21
474	21
475	21
476	21
477	21
478	21
479	20
480	20
481	21
482	21
483	21
484	21
485	21
486	21
487	21
488	21
489	21
490	22
491	22
492	22
493	21
494	21
495	21
496	21
497	22
498	22
499	23
500	23
501	23
502	23
503	23
504	23
505	23
506	23
507	23
508	23
509	23
510	23
511	23
512	23
513	23
514	24
515	25
516	25
517	25
518	25
519	24
520	24
521	24
522	24
523	24
524	24
525	24
526	24
527	24
528	24
529	23
530	23
531	23
532	24
533	24
534	24
535	24
536	24
537	24
538	24
539	24
540	24
541	24
542	24
543	23
544	23
545	23
546	23
547	23
548	23
549	23
550	23
551	23
552	23
553	22
554	22
555	22
556	22
557	22
558	22
559	22
560	22
561	22
562	22
563	22
564	22
565	22
566	22
567	22
568	23
569	23
570	23
571	22
572	21
573	21
574	21
575	21
576	21
577	21
578	20
579	19
580	19
581	19
582	18
583	18
584	18
585	18
586	18
587	18
588	18
589	18
590	18
591	18
592	18
593	18
594	18
595	19
596	19
597	20
598	20
599	20
600	20
601	20
602	20
603	21
604	21
605	21
606	22
607	22
608	23
609	24
610	24
611	25
612	26
613	25
614	25
615	25
616	25
617	25
618	25
619	23
620	24
621	24
622	24
623	24
624	24
625	24
626	24
627	24
628	24
629	24
630	25
631	25
632	25
633	25
634	25
635	25
636	25
637	25
638	24
639	24
640	24
641	23
642	22
643	22
644	22
645	22
646	22
647	22
648	22
649	22
650	22
651	22
652	22
653	22
654	22
655	23
656	23
657	23
658	23
659	23
660	23
661	23
662	24
663	24
664	23
665	24
666	24
667	25
668	27
669	27
670	28
671	28
672	27
673	27
674	27
675	26
676	26
677	25
678	25
679	25
680	26
681	26
682	26
683	25
684	25
685	23
686	23
687	25
688	24
689	24
690	24
691	23
692	23
693	23
694	23
695	23
696	24
697	24
698	24
699	24
700	24
701	24
702	23
703	23
704	23
705	23
706	23
707	22
708	21
709	21
710	21
711	21
712	21
713	21
714	21
715	22
716	22
717	22
718	23
719	22
720	21
721	22
722	22
723	22
724	22
725	21
726	21
727	21
728	21
729	21
730	22
731	22
732	22
733	22
734	23
735	23
736	23
737	23
738	23
739	23
740	22
741	22
742	23
743	23
744	21
745	21
746	20
747	21
748	23
749	23
750	23
751	22
752	22
753	22
754	22
755	22
756	22
757	22
758	23
759	23
760	23
761	23
762	23
763	22
764	22
765	22
766	22
767	21
768	21
769	21
770	21
771	22
772	22
773	22
774	23
775	22
776	22
777	22
778	22
779	23
780	24
781	24
782	24
783	24
784	24
785	24
786	24
787	25
788	25
789	26
790	27
791	27
792	27
793	27
794	27
795	27
796	27
797	27
798	28
799	28
800	28
801	28
802	28
803	27
804	26
805	26
806	26
807	25
808	25
809	25
810	25
811	25
812	27
813	26
814	26
815	26
816	26
817	26
818	26
819	26
820	26
821	26
822	25
823	25
824	26
825	27
826	27
827	27
828	25
829	25
830	25
831	25
832	25
833	25
834	25
835	25
836	25
837	25
838	25
839	25
840	25
841	25
842	26
843	25
844	26
845	25
846	25
847	26
848	27
849	28
850	28
851	28
852	28
853	28
854	28
855	27
856	27
857	27
858	27
859	27
860	27
861	27
862	27
863	27
864	27
865	27
866	27
867	26
868	26
869	26
870	26
871	26
872	25
873	25
874	26
875	25
876	25
877	24
878	24
879	26
880	26
881	26
882	26
883	27
884	27
885	27
886	28
887	28
888	27
889	26
890	26
891	26
892	25
893	25
894	23
895	23
896	24
897	24
898	23
899	23
900	23
901	23
902	23
903	23
904	24
905	24
906	24
907	25
908	25
909	25
910	26
911	26
912	27
913	27
914	28
915	28
916	29
917	30
918	31
919	31
920	30
921	30
922	31
923	32
924	33
925	33
926	34
927	34
928	32
929	31
930	31
931	31
932	31
933	31
934	31
935	30
936	30
937	30
938	30
939	30
940	29
941	29
942	29
943	30
944	30
945	32
946	32
947	32
948	32
949	32
950	32
951	32
952	31
953	31
954	30
955	30
956	30
957	31
958	31
959	31
960	31
961	32
962	32
963	32
964	33
965	33
966	32
967	31
968	30
969	30
970	30
971	30
972	30
973	28
974	29
975	28
976	28
977	28
978	28
979	28
980	27
981	26
982	26
983	26
984	27
985	27
986	26
987	25
988	25
989	25
990	25
991	25
992	26
993	26
994	25
995	25
996	27
997	27
998	27
999	28
1000	27
1001	26
1002	26
1003	26
1004	26
1005	26
1006	26
1007	26
1008	27
1009	28
1010	28
1011	28
1012	28
1013	28
1014	27
1015	27
1016	27
1017	27
1018	27
1019	27
1020	27
1021	25
1022	25
1023	25
1024	25
1025	24
1026	24
1027	23
1028	23
1029	23
1030	23
1031	23
1032	23
1033	24
1034	25
1035	25
1036	25
1037	24
1038	25
1039	25
1040	26
1041	26
1042	26
1043	26
1044	25
1045	25
1046	25
1047	25
1048	25
1049	25
1050	25
1051	25
1052	26
1053	26
1054	27
1055	27
1056	27
1057	27
1058	28
1059	29
1060	29
1061	29
1062	29
1063	30
1064	30
1065	31
1066	31
1067	31
1068	30
1069	30
1070	29
1071	29
1072	29
1073	29
1074	29
1075	29
1076	29
1077	29
1078	28
1079	28
1080	28
1081	28
1082	28
1083	29
1084	29
1085	31
1086	30
1087	30
1088	30
1089	30
1090	29
1091	29
1092	29
1093	28
1094	28
1095	28
1096	28
1097	28
1098	28
1099	28
1100	27
1101	27
1102	26
1103	26
1104	26
1105	26
1106	26
1107	27
1108	27
1109	27
1110	26
1111	26
1112	26
1113	26
1114	26
1115	26
1116	26
1117	26
1118	26
1119	26
1120	26
1121	26
1122	25
1123	25
1124	25
1125	25
1126	25
1127	26
1128	27
1129	27
1130	28
1131	28
1132	28
1133	28
1134	29
1135	29
1136	28
1137	28
1138	28
1139	28
1140	27
1141	26
1142	26
1143	26
1144	26
1145	26
1146	26
1147	26
1148	26
1149	27
1150	27
1151	27
1152	27
1153	27
1154	26
1155	27
1156	27
1157	28
1158	28
1159	28
1160	28
1161	28
1162	28
1163	28
1164	30
1165	29
1166	29
1167	29
1168	28
1169	28
1170	29
1171	29
1172	29
1173	29
1174	29
1175	30
1176	30
1177	29
1178	29
1179	29
1180	28
1181	28
1182	27
1183	27
1184	27
1185	27
1186	27
1187	27
1188	27
1189	27
1190	27
1191	27
1192	27
1193	27
1194	28
1195	28
1196	28
1197	28
1198	27
1199	27
1200	26
1201	27
1202	27
1203	25
1204	25
1205	24
1206	24
1207	25
1208	25
1209	25
1210	25
1211	25
1212	25
1213	25
1214	25
1215	25
1216	25
1217	25
1218	25
1219	25
1220	25
1221	24
1222	24
1223	23
1224	23
1225	24
1226	24
1227	24
1228	24
1229	24
1230	24
1231	24
1232	23
1233	24
1234	23
1235	23
1236	23
1237	24
1238	24
1239	24
1240	24
1241	25
1242	26
1243	26
1244	26
1245	26
1246	26
1247	26
1248	26
1249	25
1250	25
1251	25
1252	25
1253	25
1254	25
1255	25
1256	25
1257	25
1258	25
1259	24
1260	24
1261	24
1262	23
1263	23
1264	23
1265	23
1266	23
1267	23
1268	23
1269	23
1270	23
1271	23
1272	22
1273	23
1274	23
1275	23
1276	23
1277	23
1278	23
1279	23
1280	23
1281	24
1282	24
1283	24
1284	24
1285	23
1286	22
1287	22
1288	22
1289	22
1290	23
1291	23
1292	24
1293	24
1294	24
1295	26
1296	26
1297	26
1298	27
1299	26
1300	26
1301	26
1302	26
1303	26
1304	26
1305	26
1306	26
1307	26
1308	26
1309	26
1310	26
1311	27
1312	27
1313	27
1314	28
1315	28
1316	28
1317	28
1318	28
1319	28
1320	28
1321	28
1322	28
1323	28
1324	28
1325	28
1326	28
1327	28
1328	28
1329	28
1330	28
1331	28
1332	28
1333	29
1334	29
1335	29
1336	29
1337	30
1338	30
1339	30
1340	30
1341	30
1342	31
1343	31
1344	31
1345	32
1346	32
1347	32
1348	34
1349	34
1350	34
1351	34
1352	34
1353	34
1354	34
1355	34
1356	33
1357	33
1358	33
1359	33
1360	33
1361	32
1362	33
1363	34
1364	35
1365	35
1366	35
1367	35
1368	35
1369	35
1370	36
1371	36
1372	37
1373	37
1374	37
1375	37
1376	37
1377	37
1378	36
1379	36
1380	36
1381	37
1382	34
1383	34
1384	34
1385	34
1386	33
1387	32
1388	34
1389	35
1390	35
1391	35
1392	35
1393	34
1394	34
1395	34
1396	34
1397	34
1398	34
1399	34
1400	34
1401	35
1402	36
1403	36
1404	37
1405	37
1406	37
1407	37
1408	36
1409	37
1410	37
1411	36
1412	35
1413	34
1414	34
1415	34
1416	34
1417	34
1418	34
1419	33
1420	32
1421	32
1422	32
1423	32
1424	33
1425	34
1426	34
1427	33
1428	33
1429	33
1430	33
1431	33
1432	33
1433	33
1434	33
1435	34
1436	34
1437	34
1438	34
1439	35
1440	35
1441	35
1442	34
1443	34
1444	35
1445	35
1446	35
1447	35
1448	35
1449	35
1450	35
1451	35
1452	34
1453	34
1454	34
1455	34
1456	34
1457	34
1458	35
1459	35
1460	34
1461	34
1462	34
1463	31
1464	31
1465	31
1466	31
1467	31
1468	32
1469	32
1470	33
1471	33
1472	32
1473	31
1474	32
1475	33
1476	33
1477	33
1478	33
1479	32
1480	32
1481	34
1482	34
1483	34
1484	35
1485	36
1486	37
1487	39
1488	39
1489	39
1490	39
1491	39
1492	39
1493	39
1494	41
1495	40
1496	41
1497	42
1498	41
1499	41
1500	41
1501	41
1502	41
1503	41
1504	40
1505	39
1506	39
1507	36
1508	36
1509	36
1510	37
1511	36
1512	36
1513	36
1514	35
1515	36
1516	37
1517	37
1518	36
1519	36
1520	35
1521	33
1522	34
1523	34
1524	34
1525	34
1526	35
1527	36
1528	36
1529	36
1530	36
1531	36
1532	36
1533	36
1534	36
1535	36
1536	35
1537	36
1538	36
1539	35
1540	35
1541	35
1542	35
1543	35
1544	36
1545	36
1546	37
1547	37
1548	38
1549	38
1550	38
1551	38
1552	37
1553	37
1554	37
1555	38
1556	38
1557	38
1558	38
1559	37
1560	38
1561	39
1562	39
1563	39
1564	39
1565	39
1566	38
1567	41
1568	40
1569	41
1570	41
1571	42
1572	40
1573	40
1574	40
1575	39
1576	40
1577	38
1578	39
1579	39
1580	39
1581	39
1582	40
1583	40
1584	39
1585	39
1586	38
1587	39
1588	38
1589	38
1590	38
1591	39
1592	38
1593	37
1594	37
1595	38
1596	37
1597	37
1598	37
1599	37
1600	37
1601	37
1602	37
1603	38
1604	40
1605	41
1606	41
1607	39
1608	39
1609	39
1610	39
1611	39
1612	38
1613	38
1614	38
1615	39
1616	41
1617	41
1618	41
1619	41
1620	42
1621	42
1622	42
1623	43
1624	43
1625	43
1626	43
1627	45
1628	46
1629	46
1630	47
1631	47
1632	48
1633	49
1634	49
1635	49
1636	48
1637	48
1638	48
1639	48
1640	48
1641	47
1642	47
1643	47
1644	47
1645	48
1646	48
1647	49
1648	48
1649	47
1650	47
1651	47
1652	47
1653	44
1654	44
1655	44
1656	43
1657	43
1658	43
1659	43
1660	44
1661	45
1662	45
1663	45
1664	44
1665	44
1666	45
1667	44
1668	43
1669	44
1670	44
1671	45
1672	45
1673	45
1674	46
1675	48
1676	47
1677	47
1678	47
1679	48
1680	48
1681	48
1682	48
1683	48
1684	48
1685	48
1686	48
1687	48
1688	48
1689	48
1690	48
1691	48
1692	48
1693	47
1694	47
1695	47
1696	47
1697	47
1698	47
1699	47
1700	47
1701	47
1702	47
1703	47
1704	47
1705	47
1706	47
1707	47
1708	47
1709	49
1710	49
1711	51
1712	51
1713	51
1714	51
1715	50
1716	50
1717	50
1718	50
1719	49
1720	47
1721	47
1722	47
1723	47
1724	48
1725	48
1726	47
1727	47
1728	47
1729	48
1730	48
1731	47
1732	47
1733	47
1734	46
1735	46
1736	46
1737	46
1738	46
1739	46
1740	46
1741	46
1742	45
1743	45
1744	45
1745	44
1746	42
1747	42
1748	42
1749	42
1750	43
1751	43
1752	43
1753	44
1754	45
1755	45
1756	45
1757	45
1758	45
1759	45
1760	43
1761	42
1762	41
1763	42
1764	42
1765	42
1766	42
1767	42
1768	41
1769	41
1770	41
1771	41
1772	41
1773	40
1774	41
1775	42
1776	43
1777	43
1778	43
1779	41
1780	41
1781	41
1782	41
1783	41
1784	41
1785	41
1786	43
1787	44
1788	44
1789	45
1790	45
1791	42
1792	44
1793	43
1794	44
1795	44
1796	44
1797	47
1798	47
1799	48
1800	48
1801	48
1802	49
1803	49
1804	50
1805	49
1806	50
1807	52
1808	52
1809	51
1810	52
1811	51
1812	51
1813	50
1814	50
1815	49
1816	48
1817	49
1818	48
1819	48
1820	48
1821	47
1822	47
1823	47
1824	47
1825	46
1826	47
1827	47
1828	49
1829	47
1830	46
1831	45
1832	45
1833	44
1834	44
1835	44
1836	44
1837	45
1838	45
1839	45
1840	47
1841	49
1842	49
1843	50
1844	49
1845	49
1846	49
1847	49
1848	49
1849	49
1850	49
1851	50
1852	50
1853	50
1854	50
1855	50
1856	49
1857	49
1858	49
1859	49
1860	49
1861	50
1862	51
1863	51
1864	50
1865	50
1866	48
1867	51
1868	52
1869	53
1870	53
1871	54
1872	54
1873	52
1874	51
1875	51
1876	50
1877	50
1878	50
1879	51
1880	51
1881	51
1882	51
1883	52
1884	53
1885	53
1886	53
1887	54
1888	53
1889	53
1890	55
1891	57
1892	57
1893	59
1894	59
1895	59
1896	60
1897	60
1898	60
1899	61
1900	59
1901	59
1902	59
1903	60
1904	59
1905	59
1906	59
1907	59
1908	58
1909	59
1910	59
1911	59
1912	60
1913	60
1914	58
1915	58
1916	59
1917	59
1918	58
1919	58
1920	58
1921	58
1922	59
1923	58
1924	57
1925	59
1926	59
1927	59
1928	58
1929	59
1930	59
1931	59
1932	59
1933	60
1934	59
1935	60
1936	60
1937	59
1938	60
1939	59
1940	59
1941	59
1942	60
1943	61
1944	61
1945	60
1946	61
1947	62
1948	62
1949	62
1950	61
1951	61
1952	60
1953	59
1954	57
1955	57
1956	57
1957	57
1958	57
1959	57
1960	56
1961	56
1962	57
1963	56
1964	56
1965	56
1966	57
1967	57
1968	55
1969	55
1970	55
1971	52
1972	52
1973	52
1974	54
1975	54
1976	54
1977	54
1978	54
1979	54
1980	54
1981	55
1982	55
1983	54
1984	54
1985	54
1986	53
1987	52
1988	52
1989	52
1990	53
1991	53
1992	53
1993	53
1994	54
1995	54
1996	54
1997	54
1998	55
1999	56
2000	57
2001	56
2002	56
2003	56
2004	55
2005	56
2006	56
2007	56
2008	56
2009	55
2010	53
2011	52
2012	51
2013	51
2014	51
2015	51
2016	50
2017	50
2018	49
2019	49
2020	50
2021	51
2022	50
2023	49
2024	49
2025	48
2026	48
2027	50
2028	52
2029	51
2030	51
2031	51
2032	51
2033	52
2034	53
2035	54
2036	54
2037	54
2038	54
2039	54
2040	54
2041	54
2042	54
2043	54
2044	53
2045	53
2046	53
2047	52
2048	52
2049	53
2050	53
2051	53
2052	52
2053	51
2054	51
2055	51
2056	51
2057	50
2058	50
2059	50
2060	51
2061	51
2062	50
2063	50
2064	50
2065	49
2066	49
2067	49
2068	49
2069	49
2070	50
2071	50
2072	50
2073	50
2074	50
2075	51
2076	51
2077	52
2078	52
2079	53
2080	53
2081	53
2082	53
2083	54
2084	53
2085	53
2086	52
2087	52
2088	53
2089	53
2090	54
2091	54
2092	54
2093	53
2094	52
2095	53
2096	52
2097	51
2098	52
2099	52
2100	52
2101	51
2102	51
2103	53
2104	54
2105	52
2106	54
2107	54
2108	54
2109	54
2110	55
2111	54
2112	53
2113	53
2114	54
2115	54
2116	53
2117	54
2118	55
2119	55
2120	54
2121	54
2122	53
2123	53
2124	53
2125	52
2126	52
2127	53
2128	53
2129	54
2130	55
2131	55
2132	54
2133	54
2134	54
2135	53
2136	53
2137	54
2138	53
2139	53
2140	53
2141	53
2142	53
2143	53
2144	54
2145	53
2146	51
2147	50
2148	49
2149	50
2150	51
2151	50
2152	49
2153	49
2154	49
2155	49
2156	48
2157	47
2158	47
2159	47
2160	47
2161	48
2162	47
2163	46
2164	46
2165	45
2166	45
2167	46
2168	46
2169	46
2170	46
2171	45
2172	46
2173	47
2174	47
2175	46
2176	45
2177	44
2178	44
2179	45
2180	44
2181	44
2182	44
2183	44
2184	44
2185	44
2186	44
2187	44
2188	44
2189	44
2190	44
2191	42
2192	42
2193	42
2194	42
2195	42
2196	44
2197	45
2198	46
2199	46
2200	48
2201	47
2202	47
2203	47
2204	47
2205	47
2206	46
2207	47
2208	47
2209	46
2210	44
2211	44
2212	44
2213	44
2214	43
2215	42
2216	43
2217	44
2218	44
2219	44
2220	44
2221	45
2222	45
2223	46
2224	47
2225	46
2226	46
2227	45
2228	46
2229	46
2230	46
2231	46
2232	46
2233	47
2234	46
2235	45
2236	44
2237	43
2238	43
2239	43
2240	44
2241	44
2242	44
2243	45
2244	45
2245	45
2246	43
2247	42
2248	42
2249	42
2250	41
2251	41
2252	41
2253	41
2254	41
2255	41
2256	41
2257	41
2258	41
2259	41
2260	41
2261	41
2262	41
2263	41
2264	41
2265	40
2266	40
2267	41
2268	41
2269	39
2270	40
2271	40
2272	40
2273	41
2274	41
2275	41
2276	42
2277	42
2278	41
2279	40
2280	41
2281	40
2282	39
2283	38
2284	38
2285	38
2286	38
2287	39
2288	39
2289	38
2290	38
2291	37
2292	37
2293	37
2294	37
2295	37
2296	38
2297	38
2298	38
2299	38
2300	38
2301	38
2302	38
2303	37
2304	37
2305	36
2306	34
2307	34
2308	34
2309	34
2310	34
2311	34
2312	34
2313	34
2314	34
2315	35
2316	35
2317	34
2318	33
2319	33
2320	33
2321	32
2322	33
2323	33
2324	33
2325	32
2326	33
2327	33
2328	34
2329	34
2330	33
2331	33
2332	32
2333	32
2334	32
2335	31
2336	31
2337	32
2338	32
2339	31
2340	32
2341	33
2342	33
2343	33
2344	32
2345	32
2346	32
2347	33
2348	33
2349	34
2350	35
2351	36
2352	37
2353	37
2354	37
2355	38
2356	38
2357	40
2358	39
2359	39
2360	40
2361	39
2362	37
2363	37
2364	38
2365	38
2366	37
2367	39
2368	40
2369	41
2370	40
2371	41
2372	42
2373	41
2374	40
2375	40
2376	40
2377	40
2378	41
2379	41
2380	42
2381	42
2382	42
2383	42
2384	42
2385	42
2386	43
2387	43
2388	42
2389	43
2390	42
2391	43
2392	44
2393	44
2394	44
2395	44
2396	44
2397	44
2398	44
2399	43
2400	42
2401	42
2402	42
2403	43
2404	44
2405	44
2406	44
2407	44
2408	44
2409	45
2410	45
2411	45
2412	45
2413	45
2414	45
2415	45
2416	45
2417	45
2418	45
2419	46
2420	46
2421	46
2422	46
2423	46
2424	47
2425	47
2426	48
2427	47
2428	46
2429	48
2430	47
2431	47
2432	47
2433	47
2434	47
2435	47
2436	48
2437	48
2438	48
2439	48
2440	48
2441	48
2442	47
2443	47
2444	48
2445	48
2446	48
2447	49
2448	49
2449	49
2450	50
2451	50
2452	51
2453	52
2454	52
2455	53
2456	53
2457	53
2458	54
2459	54
2460	54
2461	55
2462	55
2463	54
2464	54
2465	54
2466	53
2467	53
2468	53
2469	53
2470	53
2471	53
2472	55
2473	56
2474	57
2475	57
2476	57
2477	57
2478	57
2479	58
2480	57
2481	57
2482	57
2483	58
2484	57
2485	57
2486	55
2487	55
2488	55
2489	55
2490	54
2491	54
2492	53
2493	53
2494	53
2495	53
2496	53
2497	53
2498	53
2499	52
2500	52
2501	52
2502	53
2503	53
2504	51
2505	51
2506	50
2507	50
2508	51
2509	50
2510	51
2511	51
2512	51
2513	51
2514	52
2515	52
2516	53
2517	54
2518	54
2519	53
2520	53
2521	53
2522	53
2523	54
2524	56
2525	56
2526	57
2527	57
2528	57
2529	57
2530	57
2531	57
2532	56
2533	55
2534	53
2535	53
2536	53
2537	53
2538	53
2539	52
2540	52
2541	52
2542	52
2543	52
2544	53
2545	53
2546	52
2547	53
2548	52
2549	51
2550	51
2551	51
2552	51
2553	52
2554	52
2555	54
2556	55
2557	55
2558	54
2559	55
2560	54
2561	54
2562	55
2563	54
2564	54
2565	54
2566	54
2567	54
2568	53
2569	53
2570	52
2571	52
2572	52
2573	52
2574	50
2575	50
2576	50
2577	50
2578	49
2579	49
2580	49
2581	49
2582	50
2583	50
2584	50
2585	50
2586	50
2587	50
2588	50
2589	50
2590	51
2591	51
2592	49
2593	49
2594	50
2595	49
2596	49
2597	49
2598	49
2599	48
2600	48
2601	48
2602	48
2603	48
2604	48
2605	49
2606	48
2607	49
2608	49
2609	49
2610	49
2611	49
2612	49
2613	50
2614	49
2615	49
2616	49
2617	50
2618	50
2619	50
2620	50
2621	51
2622	49
2623	51
2624	51
2625	51
2626	52
2627	51
2628	51
2629	50
2630	50
2631	50
2632	48
2633	48
2634	48
2635	47
2636	47
2637	48
2638	48
2639	47
2640	48
2641	51
2642	49
2643	50
2644	50
2645	50
2646	51
2647	51
2648	50
2649	50
2650	49
2651	49
2652	48
2653	46
2654	45
2655	45
2656	47
2657	47
2658	46
2659	43
2660	43
2661	43
2662	41
2663	41
2664	41
2665	41
2666	40
2667	40
2668	40
2669	40
2670	40
2671	41
2672	41
2673	41
2674	40
2675	41
2676	41
2677	41
2678	40
2679	40
2680	39
2681	39
2682	39
2683	40
2684	40
2685	39
2686	39
2687	40
2688	40
2689	40
2690	40
2691	40
2692	40
2693	40
2694	39
2695	39
2696	39
2697	39
2698	39
2699	39
2700	39
2701	39
2702	39
2703	40
2704	39
2705	39
2706	40
2707	39
2708	39
2709	39
2710	39
2711	39
2712	38
2713	37
2714	36
2715	36
2716	37
2717	36
2718	37
2719	37
2720	37
2721	37
2722	36
2723	36
2724	35
2725	35
2726	33
2727	33
2728	33
2729	33
2730	33
2731	33
2732	33
2733	33
2734	33
2735	32
2736	31
2737	32
2738	32
2739	32
2740	33
2741	32
2742	32
2743	32
2744	31
2745	32
2746	32
2747	33
2748	33
2749	35
2750	35
2751	36
2752	37
2753	37
2754	36
2755	35
2756	34
2757	34
2758	34
2759	34
2760	34
2761	34
2762	34
2763	34
2764	35
2765	36
2766	36
2767	38
2768	38
2769	37
2770	38
2771	39
2772	39
2773	39
2774	39
2775	39
2776	40
2777	40
2778	38
2779	38
2780	39
2781	39
2782	40
2783	40
2784	39
2785	40
2786	40
2787	41
2788	39
2789	39
2790	39
2791	39
2792	40
2793	40
2794	38
2795	37
2796	37
2797	37
2798	37
2799	37
2800	37
2801	38
2802	37
2803	38
2804	39
2805	40
2806	42
2807	42
2808	42
2809	42
2810	43
2811	43
2812	43
2813	43
2814	42
2815	43
2816	43
2817	42
2818	44
2819	45
2820	43
2821	43
2822	41
2823	40
2824	41
2825	41
2826	41
2827	41
2828	42
2829	41
2830	41
2831	39
2832	40
2833	40
2834	40
2835	42
2836	41
2837	41
2838	42
2839	42
2840	43
2841	43
2842	43
2843	45
2844	44
2845	44
2846	44
2847	44
2848	44
2849	44
2850	44
2851	44
2852	44
2853	44
2854	43
2855	43
2856	42
2857	43
2858	44
2859	44
2860	44
2861	45
2862	45
2863	45
2864	46
2865	46
2866	46
2867	46
2868	46
2869	46
2870	48
2871	47
2872	47
2873	47
2874	46
2875	46
2876	46
2877	46
2878	46
2879	45
2880	45
2881	44
2882	44
2883	44
2884	44
2885	44
2886	44
2887	44
2888	44
2889	44
2890	44
2891	44
2892	44
2893	43
2894	44
2895	45
2896	45
2897	45
2898	46
2899	45
2900	45
2901	44
2902	43
2903	43
2904	42
2905	40
2906	40
2907	40
2908	39
2909	39
2910	37
2911	37
2912	37
2913	37
2914	37
2915	38
2916	38
2917	38
2918	38
2919	38
2920	38
2921	39
2922	39
2923	40
2924	40
2925	40
2926	40
2927	39
2928	39
2929	38
2930	38
2931	39
2932	39
2933	40
2934	40
2935	40
2936	41
2937	41
2938	41
2939	41
2940	40
2941	41
2942	41
2943	41
2944	41
2945	41
2946	40
2947	40
2948	40
2949	40
2950	39
2951	39
2952	39
2953	39
2954	39
2955	40
2956	38
2957	38
2958	38
2959	39
2960	39
2961	39
2962	39
2963	39
2964	40
2965	41
2966	40
2967	39
2968	39
2969	39
2970	39
2971	39
2972	40
2973	38
2974	39
2975	39
2976	39
2977	40
2978	39
2979	38
2980	38
2981	38
2982	37
2983	37
2984	37
2985	37
2986	38
2987	37
2988	38
2989	38
2990	38
2991	39
2992	39
2993	41
2994	41
2995	40
2996	39
2997	40
2998	39
2999	39
3000	39
3001	39
3002	39
3003	39
3004	40
3005	40
3006	40
3007	39
3008	39
3009	39
3010	39
3011	39
3012	39
3013	39
3014	39
3015	39
3016	40
3017	40
3018	40
3019	40
3020	41
3021	41
3022	41
3023	41
3024	41
3025	41
3026	41
3027	40
3028	40
3029	40
3030	40
3031	40
3032	40
3033	40
3034	40
3035	40
3036	39
3037	39
3038	39
3039	39
3040	38
3041	40
3042	40
3043	40
3044	40
3045	39
3046	40
3047	40
3048	40
3049	40
3050	40
3051	40
3052	39
3053	39
3054	39
3055	39
3056	39
3057	40
3058	40
3059	40
3060	40
3061	40
3062	39
3063	39
3064	39
3065	39
3066	40
3067	41
3068	41
3069	41
3070	41
3071	42
3072	42
3073	42
3074	42
3075	42
3076	43
3077	43
3078	43
3079	44
3080	43
3081	44
3082	44
3083	45
3084	46
3085	45
3086	45
3087	45
3088	45
3089	45
3090	46
3091	46
3092	45
3093	45
3094	46
3095	46
3096	46
3097	46
3098	45
3099	46
3100	46
3101	46
3102	46
3103	46
3104	47
3105	48
3106	47
3107	47
3108	46
3109	47
3110	47
3111	46
3112	46
3113	47
3114	46
3115	46
3116	45
3117	46
3118	46
3119	46
3120	46
3121	48
3122	49
3123	50
3124	49
3125	48
3126	47
3127	46
3128	47
3129	47
3130	47
3131	46
3132	46
3133	45
3134	45
3135	43
3136	43
3137	43
3138	42
3139	42
3140	42
3141	41
3142	42
3143	41
3144	41
3145	41
3146	42
3147	42
3148	41
3149	41
3150	42
3151	42
3152	41
3153	41
3154	41
3155	42
3156	41
3157	41
3158	40
3159	40
3160	39
3161	40
3162	40
3163	41
3164	41
3165	42
3166	42
3167	42
3168	42
3169	43
3170	43
3171	43
3172	44
3173	44
3174	45
3175	45
3176	46
3177	46
3178	46
3179	45
3180	45
3181	45
3182	44
3183	44
3184	42
3185	42
3186	42
3187	42
3188	43
3189	44
3190	44
3191	44
3192	43
3193	41
3194	41
3195	42
3196	44
3197	44
3198	44
3199	43
3200	43
3201	44
3202	43
3203	43
3204	44
3205	44
3206	45
3207	43
3208	42
3209	42
3210	42
3211	42
3212	42
3213	43
3214	42
3215	42
3216	41
3217	41
3218	41
3219	41
3220	41
3221	42
3222	42
3223	42
3224	42
3225	42
3226	43
3227	43
3228	43
3229	43
3230	43
3231	44
3232	45
3233	45
3234	43
3235	43
3236	43
3237	43
3238	43
3239	42
3240	42
3241	42
3242	42
3243	40
3244	40
3245	40
3246	40
3247	41
3248	41
3249	41
3250	41
3251	42
3252	42
3253	44
3254	44
3255	44
3256	45
3257	45
3258	45
3259	44
3260	45
3261	45
3262	45
3263	45
3264	45
3265	43
3266	43
3267	43
3268	43
3269	42
3270	42
3271	41
3272	41
3273	39
3274	39
3275	39
3276	40
3277	40
3278	40
3279	38
3280	37
3281	37
3282	38
3283	38
3284	38
3285	38
3286	38
3287	36
3288	35
3289	36
3290	36
3291	36
3292	36
3293	36
3294	36
3295	36
3296	37
3297	37
3298	36
3299	36
3300	37
3301	38
3302	38
3303	37
3304	37
3305	37
3306	37
3307	36
3308	36
3309	36
3310	38
3311	38
3312	36
3313	36
3314	36
3315	35
3316	37
3317	36
3318	36
3319	36
3320	36
3321	35
3322	34
3323	34
3324	33
3325	33
3326	33
3327	33
3328	32
3329	33
3330	33
3331	33
3332	33
3333	33
3334	32
3335	32
3336	33
3337	33
3338	33
3339	33
3340	33
3341	36
3342	36
3343	36
3344	37
3345	37
3346	37
3347	37
3348	37
3349	37
3350	37
3351	37
3352	37
3353	37
3354	38
3355	38
3356	39
3357	39
3358	39
3359	38
3360	39
3361	38
3362	38
3363	38
3364	38
3365	37
3366	36
3367	35
3368	35
3369	35
3370	34
3371	34
3372	34
3373	34
3374	34
3375	35
3376	35
3377	35
3378	34
3379	34
3380	34
3381	33
3382	31
3383	31
3384	30
3385	30
3386	30
3387	30
3388	30
3389	30
3390	30
3391	30
3392	30
3393	30
3394	30
3395	30
3396	30
3397	30
3398	31
3399	31
3400	32
3401	32
3402	32
3403	32
3404	32
3405	31
3406	29
3407	29
3408	30
3409	30
3410	30
3411	32
3412	33
3413	33
3414	32
3415	33
3416	33
3417	32
3418	32
3419	32
3420	31
3421	30
3422	30
3423	30
3424	30
3425	30
3426	30
3427	29
3428	29
3429	31
3430	31
3431	29
3432	30
3433	30
3434	30
3435	29
3436	29
3437	29
3438	29
3439	29
3440	29
3441	28
3442	28
3443	28
3444	28
3445	28
3446	29
3447	28
3448	28
3449	28
3450	28
3451	28
3452	28
3453	28
3454	27
3455	27
3456	27
3457	27
3458	28
3459	28
3460	27
3461	27
3462	27
3463	27
3464	27
3465	29
3466	29
3467	30
3468	29
3469	29
3470	29
3471	29
3472	29
3473	29
3474	30
3475	30
3476	30
3477	29
3478	30
3479	30
3480	30
3481	31
3482	31
3483	30
3484	31
3485	31
3486	31
3487	31
3488	32
3489	32
3490	32
3491	33
3492	33
3493	33
3494	33
3495	33
3496	33
3497	33
3498	32
3499	32
3500	30
3501	31
3502	31
3503	31
3504	31
3505	31
3506	31
3507	30
3508	30
3509	30
3510	30
3511	31
3512	31
3513	29
3514	29
3515	28
3516	29
3517	29
3518	30
3519	30
3520	30
3521	31
3522	32
3523	32
3524	32
3525	33
3526	33
3527	32
3528	32
3529	32
3530	32
3531	33
3532	34
3533	34
3534	34
3535	34
3536	33
3537	33
3538	33
3539	33
3540	33
3541	33
3542	33
3543	32
3544	29
3545	29
3546	30
3547	31
3548	31
3549	33
3550	33
3551	32
3552	32
3553	32
3554	32
3555	32
3556	31
3557	31
3558	31
3559	31
3560	31
3561	31
3562	31
3563	31
3564	31
3565	31
3566	30
3567	30
3568	29
3569	30
3570	29
3571	29
3572	29
3573	29
3574	29
3575	30
3576	30
3577	30
3578	30
3579	29
3580	29
3581	29
3582	30
3583	30
3584	31
3585	30
3586	30
3587	30
3588	30
3589	30
3590	30
3591	30
3592	30
3593	30
3594	28
3595	28
3596	28
3597	28
3598	28
3599	28
3600	28
3601	29
3602	28
3603	28
3604	27
3605	27
3606	27
3607	26
3608	27
3609	27
3610	28
3611	28
3612	28
3613	28
3614	28
3615	28
3616	29
3617	29
3618	28
3619	29
3620	29
3621	29
3622	29
3623	29
3624	29
3625	29
3626	30
3627	30
3628	31
3629	30
3630	29
3631	29
3632	28
3633	28
3634	27
3635	26
3636	26
3637	26
3638	27
3639	27
3640	27
3641	27
3642	28
3643	27
3644	27
3645	27
3646	25
3647	26
3648	26
3649	26
3650	26
3651	25
3652	25
3653	26
3654	26
3655	26
3656	26
3657	25
3658	25
3659	26
3660	26
3661	26
3662	26
3663	26
3664	26
3665	26
3666	26
3667	25
3668	24
3669	23
3670	23
3671	24
3672	25
3673	25
3674	25
3675	25
3676	26
3677	26
3678	26
3679	27
3680	27
3681	27
3682	26
3683	26
3684	25
3685	25
3686	26
3687	27
3688	27
3689	27
3690	28
3691	29
3692	29
3693	29
3694	29
3695	29
3696	29
3697	29
3698	29
3699	29
3700	29
3701	28
3702	29
3703	29
3704	29
3705	29
3706	31
3707	31
3708	32
3709	33
3710	33
3711	33
3712	33
3713	33
3714	33
3715	33
3716	33
3717	33
3718	34
3719	34
3720	34
3721	34
3722	31
3723	31
3724	31
3725	31
3726	32
3727	33
3728	33
3729	33
3730	33
3731	32
3732	32
3733	33
3734	33
3735	33
3736	33
3737	32
3738	31
3739	31
3740	31
3741	31
3742	31
3743	31
3744	31
3745	31
3746	31
3747	31
3748	31
3749	31
3750	32
3751	32
3752	32
3753	32
3754	32
3755	32
3756	33
3757	34
3758	33
3759	32
3760	32
3761	33
3762	33
3763	34
3764	33
3765	32
3766	32
3767	32
3768	32
3769	33
3770	33
3771	33
3772	33
3773	34
3774	36
3775	36
3776	36
3777	36
3778	36
3779	36
3780	36
3781	35
3782	35
3783	34
3784	34
3785	34
3786	32
3787	31
3788	31
3789	32
3790	32
3791	32
3792	33
3793	33
3794	33
3795	32
3796	32
3797	32
3798	32
3799	32
3800	32
3801	32
3802	32
3803	32
3804	32
3805	33
3806	33
3807	33
3808	33
3809	33
3810	35
3811	35
3812	36
3813	36
3814	36
3815	35
3816	35
3817	35
3818	35
3819	35
3820	34
3821	34
3822	34
3823	32
3824	32
3825	33
3826	31
3827	31
3828	30
3829	30
3830	30
3831	31
3832	32
3833	31
3834	30
3835	31
3836	30
3837	31
3838	32
3839	32
3840	32
3841	32
3842	32
3843	32
3844	32
3845	33
3846	33
3847	33
3848	34
3849	34
3850	34
3851	33
3852	32
3853	32
3854	32
3855	32
3856	31
3857	31
3858	31
3859	31
3860	32
3861	32
3862	32
3863	30
3864	30
3865	30
3866	30
3867	29
3868	30
3869	30
3870	29
3871	29
3872	29
3873	29
3874	30
3875	29
3876	29
3877	29
3878	29
3879	28
3880	29
3881	29
3882	29
3883	29
3884	28
3885	28
3886	29
3887	29
3888	29
3889	29
3890	28
3891	28
3892	28
3893	28
3894	28
3895	27
3896	27
3897	27
3898	27
3899	27
3900	27
3901	27
3902	26
3903	26
3904	26
3905	27
3906	26
3907	26
3908	26
3909	26
3910	26
3911	26
3912	27
3913	28
3914	28
3915	31
3916	30
3917	30
3918	29
3919	29
3920	28
3921	28
3922	28
3923	30
3924	28
3925	27
3926	27
3927	27
3928	28
3929	27
3930	30
3931	29
3932	28
3933	28
3934	28
3935	28
3936	28
3937	30
3938	31
3939	31
3940	31
3941	31
3942	30
3943	30
3944	29
3945	30
3946	30
3947	29
3948	29
3949	30
3950	30
3951	31
3952	31
3953	31
3954	32
3955	32
3956	31
3957	31
3958	32
3959	32
3960	32
3961	33
3962	33
3963	33
3964	34
3965	34
3966	34
3967	36
3968	36
3969	36
3970	37
3971	38
3972	37
3973	36
3974	36
3975	35
3976	36
3977	36
3978	37
3979	37
3980	37
3981	37
3982	37
3983	37
3984	36
3985	36
3986	37
3987	37
3988	37
3989	39
3990	39
3991	39
3992	40
3993	40
3994	40
3995	41
3996	40
3997	40
3998	41
3999	41
4000	39
4001	40
4002	40
4003	40
4004	39
4005	38
4006	38
4007	38
4008	38
4009	37
4010	37
4011	37
4012	37
4013	39
4014	38
4015	39
4016	40
4017	38
4018	39
4019	39
4020	38
4021	39
4022	39
4023	37
4024	37
4025	37
4026	37
4027	37
4028	37
4029	37
4030	37
4031	36
4032	35
4033	35
4034	37
4035	36
4036	37
4037	37
4038	37
4039	37
4040	38
4041	37
4042	37
4043	37
4044	36
4045	36
4046	37
4047	38
4048	38
4049	39
4050	38
4051	37
4052	37
4053	36
4054	35
4055	39
4056	37
4057	37
4058	37
4059	36
4060	35
4061	35
4062	35
4063	34
4064	35
4065	35
4066	36
4067	37
4068	37
4069	37
4070	38
4071	38
4072	37
4073	38
4074	38
4075	38
4076	39
4077	39
4078	39
4079	40
4080	39
4081	39
4082	40
4083	39
4084	38
4085	39
4086	38
4087	38
4088	39
4089	39
4090	39
4091	40
4092	37
4093	37
4094	37
4095	35
4096	35
4097	36
4098	35
4099	36
4100	36
4101	35
4102	37
4103	36
4104	35
4105	36
4106	36
4107	35
4108	37
4109	37
4110	37
4111	36
4112	36
4113	35
4114	37
4115	37
4116	37
4117	38
4118	38
4119	38
4120	37
4121	37
4122	36
4123	36
4124	35
4125	35
4126	34
4127	33
4128	33
4129	35
4130	34
4131	35
4132	33
4133	33
4134	35
4135	35
4136	36
4137	36
4138	36
4139	36
4140	36
4141	36
4142	37
4143	37
4144	38
4145	39
4146	39
4147	39
4148	40
4149	40
4150	41
4151	41
4152	40
4153	41
4154	41
4155	41
4156	42
4157	40
4158	41
4159	41
4160	39
4161	40
4162	40
4163	39
4164	41
4165	41
4166	40
4167	42
4168	43
4169	42
4170	43
4171	41
4172	41
4173	42
4174	44
4175	43
4176	42
4177	42
4178	42
4179	44
4180	43
4181	45
4182	44
4183	44
4184	44
4185	45
4186	46
4187	45
4188	45
4189	45
4190	45
4191	44
4192	45
4193	47
4194	46
4195	46
4196	46
4197	45
4198	46
4199	45
4200	44
4201	45
4202	45
4203	45
4204	46
4205	47
4206	47
4207	46
4208	44
4209	44
4210	42
4211	41
4212	40
4213	42
4214	43
4215	42
4216	41
4217	41
4218	41
4219	40
4220	40
4221	40
4222	40
4223	41
4224	41
4225	41
4226	41
4227	42
4228	42
4229	42
4230	42
4231	42
4232	41
4233	41
4234	39
4235	39
4236	37
4237	38
4238	37
4239	39
4240	40
4241	39
4242	40
4243	41
4244	42
4245	41
4246	42
4247	42
4248	42
4249	43
4250	44
4251	44
4252	43
4253	42
4254	42
4255	43
4256	45
4257	45
4258	45
4259	46
4260	45
4261	46
4262	46
4263	46
4264	46
4265	47
4266	48
4267	47
4268	47
4269	47
4270	48
4271	47
4272	47
4273	47
4274	48
4275	48
4276	48
4277	48
4278	48
4279	48
4280	47
4281	46
4282	47
4283	47
4284	46
4285	47
4286	48
4287	47
4288	46
4289	44
4290	44
4291	44
4292	45
4293	44
4294	44
4295	45
4296	45
4297	44
4298	44
4299	44
4300	43
4301	43
4302	43
4303	43
4304	43
4305	43
4306	43
4307	42
4308	43
4309	44
4310	43
4311	42
4312	41
4313	40
4314	41
4315	42
4316	41
4317	41
4318	43
4319	44
4320	43
4321	45
4322	44
4323	43
4324	43
4325	43
4326	42
4327	42
4328	41
4329	42
4330	43
4331	42
4332	41
4333	41
4334	41
4335	40
4336	42
4337	42
4338	43
4339	43
4340	42
4341	42
4342	42
4343	42
4344	41
4345	41
4346	42
4347	42
4348	42
4349	42
4350	42
4351	40
4352	40
4353	40
4354	41
4355	41
4356	41
4357	40
4358	39
4359	39
4360	39
4361	40
4362	39
4363	39
4364	40
4365	41
4366	40
4367	39
4368	39
4369	39
4370	38
4371	37
4372	37
4373	38
4374	38
4375	38
4376	38
4377	36
4378	37
4379	37
4380	37
4381	38
4382	38
4383	38
4384	37
4385	37
4386	36
4387	36
4388	37
4389	37
4390	37
4391	36
4392	36
4393	36
4394	37
4395	37
4396	36
4397	36
4398	34
4399	34
4400	34
4401	34
4402	33
4403	33
4404	34
4405	35
4406	35
4407	35
4408	36
4409	36
4410	36
4411	36
4412	36
4413	35
4414	36
4415	37
4416	37
4417	37
4418	37
4419	37
4420	37
4421	37
4422	37
4423	37
4424	39
4425	39
4426	39
4427	39
4428	39
4429	39
4430	38
4431	38
4432	38
4433	38
4434	38
4435	38
4436	38
4437	39
4438	40
4439	40
4440	41
4441	42
4442	44
4443	44
4444	44
4445	44
4446	43
4447	43
4448	43
4449	43
4450	43
4451	43
4452	44
4453	43
4454	42
4455	43
4456	43
4457	44
4458	44
4459	45
4460	45
4461	45
4462	45
4463	44
4464	47
4465	47
4466	47
4467	47
4468	48
4469	47
4470	47
4471	46
4472	46
4473	46
4474	45
4475	43
4476	43
4477	43
4478	43
4479	42
4480	43
4481	43
4482	43
4483	43
4484	43
4485	43
4486	43
4487	43
4488	45
4489	46
4490	47
4491	45
4492	45
4493	45
4494	45
4495	46
4496	45
4497	45
4498	45
4499	45
4500	45
4501	46
4502	46
4503	46
4504	47
4505	47
4506	47
4507	47
4508	47
4509	46
4510	46
4511	47
4512	47
4513	47
4514	47
4515	47
4516	47
4517	47
4518	45
4519	43
4520	43
4521	42
4522	41
4523	40
4524	40
4525	40
4526	41
4527	41
4528	42
4529	42
4530	43
4531	44
4532	44
4533	46
4534	46
4535	46
4536	48
4537	49
4538	49
4539	49
4540	48
4541	48
4542	48
4543	48
4544	48
4545	48
4546	48
4547	47
4548	47
4549	47
4550	47
4551	46
4552	45
4553	45
4554	45
4555	46
4556	46
4557	46
4558	46
4559	46
4560	48
4561	46
4562	46
4563	46
4564	46
4565	45
4566	45
4567	43
4568	43
4569	43
4570	42
4571	42
4572	42
4573	42
4574	42
4575	41
4576	42
4577	42
4578	42
4579	42
4580	41
4581	41
4582	42
4583	42
4584	41
4585	41
4586	41
4587	43
4588	42
4589	42
4590	42
4591	42
4592	41
4593	41
4594	41
4595	42
4596	41
4597	40
4598	40
4599	39
4600	39
4601	39
4602	39
4603	39
4604	40
4605	39
4606	40
4607	40
4608	40
4609	40
4610	41
4611	42
4612	42
4613	42
4614	42
4615	41
4616	40
4617	42
4618	42
4619	42
4620	43
4621	43
4622	43
4623	45
4624	45
4625	45
4626	45
4627	44
4628	44
4629	44
4630	44
4631	44
4632	45
4633	44
4634	44
4635	44
4636	44
4637	45
4638	45
4639	45
4640	45
4641	43
4642	43
4643	43
4644	44
4645	44
4646	44
4647	43
4648	43
4649	43
4650	44
4651	44
4652	44
4653	43
4654	42
4655	42
4656	43
4657	43
4658	44
4659	45
4660	44
4661	43
4662	44
4663	44
4664	44
4665	45
4666	46
4667	46
4668	46
4669	46
4670	46
4671	46
4672	46
4673	46
4674	46
4675	46
4676	46
4677	46
4678	45
4679	46
4680	47
4681	47
4682	46
4683	45
4684	45
4685	45
4686	45
4687	45
4688	45
4689	45
4690	45
4691	46
4692	46
4693	46
4694	47
4695	46
4696	48
4697	48
4698	48
4699	48
4700	48
4701	48
4702	49
4703	47
4704	47
4705	47
4706	48
4707	48
4708	48
4709	48
4710	48
4711	48
4712	48
4713	48
4714	48
4715	48
4716	48
4717	48
4718	48
4719	47
4720	47
4721	47
4722	47
4723	45
4724	45
4725	45
4726	46
4727	45
4728	44
4729	44
4730	42
4731	40
4732	40
4733	38
4734	37
4735	35
4736	35
4737	37
4738	37
4739	37
4740	37
4741	37
4742	36
4743	36
4744	34
4745	34
4746	33
4747	33
4748	32
4749	32
4750	32
4751	31
4752	30
4753	30
4754	30
4755	30
4756	28
4757	28
4758	27
4759	27
4760	29
4761	29
4762	28
4763	29
4764	29
4765	29
4766	29
4767	29
4768	29
4769	29
4770	30
4771	29
4772	30
4773	30
4774	30
4775	31
4776	31
4777	32
4778	31
4779	31
4780	31
4781	30
4782	31
4783	31
4784	30
4785	29
4786	30
4787	31
4788	31
4789	31
4790	30
4791	31
4792	31
4793	30
4794	30
4795	30
4796	30
4797	30
4798	30
4799	30
4800	30
4801	30
4802	29
4803	29
4804	29
4805	29
4806	29
4807	29
4808	28
4809	29
4810	29
4811	29
4812	30
4813	31
4814	31
4815	31
4816	30
4817	29
4818	29
4819	29
4820	29
4821	30
4822	30
4823	29
4824	30
4825	29
4826	29
4827	30
4828	30
4829	31
4830	30
4831	30
4832	32
4833	32
4834	32
4835	33
4836	33
4837	33
4838	33
4839	34
4840	33
4841	33
4842	33
4843	35
4844	34
4845	35
4846	36
4847	36
4848	36
4849	35
4850	36
4851	35
4852	35
4853	36
4854	35
4855	36
4856	37
4857	37
4858	37
4859	37
4860	37
4861	37
4862	37
4863	38
4864	37
4865	36
4866	36
4867	35
4868	35
4869	36
4870	35
4871	36
4872	36
4873	36
4874	36
4875	36
4876	37
4877	37
4878	37
4879	37
4880	38
4881	38
4882	37
4883	37
4884	38
4885	38
4886	38
4887	38
4888	39
4889	39
4890	38
4891	36
4892	36
4893	36
4894	37
4895	36
4896	37
4897	38
4898	38
4899	38
4900	37
4901	35
4902	36
4903	36
4904	39
4905	39
4906	39
4907	39
4908	39
4909	41
4910	41
4911	40
4912	41
4913	43
4914	43
4915	43
4916	43
4917	43
4918	43
4919	42
4920	44
4921	45
4922	45
4923	46
4924	47
4925	46
4926	46
4927	46
4928	46
4929	44
4930	44
4931	44
4932	45
4933	44
4934	43
4935	44
4936	44
4937	44
4938	44
4939	45
4940	44
4941	44
4942	45
4943	46
4944	44
4945	42
4946	41
4947	41
4948	41
4949	41
4950	39
4951	39
4952	38
4953	38
4954	38
4955	38
4956	38
4957	38
4958	39
4959	36
4960	36
4961	34
4962	35
4963	35
4964	34
4965	34
4966	34
4967	34
4968	32
4969	31
4970	31
4971	31
4972	31
4973	31
4974	31
4975	31
4976	31
4977	32
4978	33
4979	33
4980	33
4981	33
4982	33
4983	34
4984	35
4985	35
4986	35
4987	36
4988	36
4989	34
4990	34
4991	34
4992	34
4993	34
4994	33
4995	32
4996	32
4997	30
4998	31
4999	31
5000	35
5001	35
5002	36
5003	34
5004	34
5005	34
5006	34
5007	36
5008	34
5009	37
5010	37
5011	36
5012	37
5013	36
5014	36
5015	36
5016	34
5017	34
5018	34
5019	33
5020	33
5021	33
5022	32
5023	33
5024	34
5025	34
5026	34
5027	34
5028	34
5029	35
5030	35
5031	35
5032	36
5033	36
5034	36
5035	37
5036	37
5037	37
5038	37
5039	37
5040	35
5041	34
5042	35
5043	35
5044	37
5045	38
5046	40
5047	39
5048	39
5049	39
5050	37
5051	39
5052	39
5053	39
5054	39
5055	40
5056	40
5057	40
5058	41
5059	40
5060	40
5061	42
5062	42
5063	41
5064	41
5065	40
5066	41
5067	41
5068	41
5069	41
5070	44
5071	45
5072	45
5073	45
5074	46
5075	45
5076	44
5077	44
5078	44
5079	44
5080	45
5081	45
5082	45
5083	45
5084	46
5085	46
5086	47
5087	48
5088	47
5089	47
5090	47
5091	46
5092	45
5093	45
5094	45
5095	46
5096	45
5097	45
5098	45
5099	45
5100	44
5101	45
5102	45
5103	45
5104	46
5105	46
5106	47
5107	48
5108	49
5109	49
5110	50
5111	49
5112	48
5113	49
5114	49
5115	49
5116	49
5117	48
5118	48
5119	50
5120	49
5121	47
5122	47
5123	47
5124	47
5125	47
5126	48
5127	47
5128	47
5129	47
5130	47
5131	47
5132	46
5133	46
5134	46
5135	46
5136	45
5137	45
5138	44
5139	44
5140	44
5141	44
5142	44
5143	44
5144	44
5145	44
5146	44
5147	45
5148	44
5149	43
5150	44
5151	44
5152	45
5153	45
5154	44
5155	44
5156	43
5157	44
5158	45
5159	44
5160	44
5161	43
5162	44
5163	44
5164	44
5165	44
5166	44
5167	43
5168	43
5169	43
5170	43
5171	42
5172	42
5173	42
5174	42
5175	42
5176	41
5177	41
5178	40
5179	40
5180	40
5181	40
5182	40
5183	39
5184	39
5185	36
5186	37
5187	37
5188	37
5189	37
5190	37
5191	37
5192	37
5193	36
5194	36
5195	36
5196	36
5197	36
5198	37
5199	37
5200	38
5201	37
5202	36
5203	38
5204	37
5205	36
5206	35
5207	34
5208	34
5209	35
5210	36
5211	36
5212	36
5213	35
5214	35
5215	35
5216	34
5217	35
5218	36
5219	36
5220	36
5221	36
5222	35
5223	34
5224	34
5225	33
5226	33
5227	33
5228	35
5229	34
5230	34
5231	34
5232	35
5233	35
5234	36
5235	36
5236	37
5237	37
5238	38
5239	38
5240	38
5241	37
5242	38
5243	39
5244	39
5245	39
5246	39
5247	39
5248	39
5249	40
5250	40
5251	41
5252	42
5253	42
5254	43
5255	45
5256	44
5257	43
5258	43
5259	44
5260	45
5261	45
5262	46
5263	48
5264	48
5265	45
5266	45
5267	45
5268	45
5269	44
5270	44
5271	44
5272	44
5273	43
5274	43
5275	42
5276	42
5277	42
5278	42
5279	42
5280	42
5281	42
5282	43
5283	42
5284	42
5285	42
5286	42
5287	41
5288	41
5289	41
5290	41
5291	41
5292	41
5293	40
5294	41
5295	42
5296	41
5297	41
5298	41
5299	41
5300	42
5301	42
5302	43
5303	41
5304	41
5305	42
5306	42
5307	45
5308	45
5309	45
5310	45
5311	45
5312	44
5313	45
5314	45
5315	45
5316	44
5317	44
5318	44
5319	44
5320	44
5321	45
5322	44
5323	45
5324	47
5325	47
5326	47
5327	48
5328	48
5329	48
5330	48
5331	49
5332	49
5333	49
5334	47
5335	48
5336	48
5337	47
5338	46
5339	46
5340	46
5341	47
5342	48
5343	48
5344	49
5345	49
5346	50
5347	49
5348	49
5349	49
5350	50
5351	47
5352	47
5353	45
5354	45
5355	45
5356	44
5357	43
5358	40
5359	40
5360	41
5361	40
5362	40
5363	41
5364	42
5365	41
5366	41
5367	42
5368	42
5369	41
5370	42
5371	43
5372	44
5373	43
5374	43
5375	44
5376	43
5377	43
5378	44
5379	44
5380	44
5381	44
5382	46
5383	45
5384	45
5385	45
5386	45
5387	46
5388	45
5389	46
5390	46
5391	47
5392	47
5393	48
5394	47
5395	46
5396	46
5397	46
5398	46
5399	45
5400	45
5401	46
5402	46
5403	47
5404	47
5405	47
5406	47
5407	47
5408	47
5409	47
5410	46
5411	47
5412	47
5413	47
5414	47
5415	47
5416	47
5417	47
5418	47
5419	48
5420	49
5421	48
5422	48
5423	49
5424	49
5425	49
5426	49
5427	49
5428	49
5429	49
5430	49
5431	50
5432	50
5433	50
5434	52
5435	52
5436	51
5437	52
5438	51
5439	51
5440	51
5441	51
5442	50
5443	52
5444	52
5445	51
5446	50
5447	49
5448	49
5449	50
5450	49
5451	48
5452	47
5453	47
5454	48
5455	47
5456	47
5457	46
5458	46
5459	46
5460	47
5461	47
5462	48
5463	46
5464	46
5465	47
5466	46
5467	46
5468	45
5469	45
5470	45
5471	47
5472	46
5473	46
5474	47
5475	45
5476	46
5477	46
5478	46
5479	45
5480	46
5481	44
5482	43
5483	43
5484	44
5485	44
5486	44
5487	44
5488	44
5489	43
5490	43
5491	43
5492	43
5493	45
5494	44
5495	44
5496	44
5497	44
5498	44
5499	44
5500	45
5501	45
5502	45
5503	44
5504	45
5505	44
5506	45
5507	45
5508	44
5509	44
5510	44
5511	44
5512	44
5513	44
5514	44
5515	44
5516	43
5517	43
5518	43
5519	43
5520	41
5521	39
5522	40
5523	40
5524	39
5525	40
5526	40
5527	41
5528	42
5529	43
5530	43
5531	44
5532	45
5533	45
5534	45
5535	44
5536	44
5537	44
5538	44
5539	45
5540	42
5541	40
5542	40
5543	40
5544	39
5545	39
5546	40
5547	40
5548	40
5549	40
5550	40
5551	40
5552	40
5553	40
5554	40
5555	40
5556	39
5557	41
5558	41
5559	41
5560	41
5561	41
5562	42
5563	42
5564	41
5565	41
5566	41
5567	41
5568	41
5569	41
5570	41
5571	42
5572	42
5573	42
5574	41
5575	42
5576	42
5577	42
5578	42
5579	43
5580	42
5581	42
5582	42
5583	42
5584	42
5585	42
5586	42
5587	43
5588	40
5589	41
5590	41
5591	41
5592	42
5593	43
5594	44
5595	44
5596	45
5597	45
5598	45
5599	45
5600	46
5601	45
5602	44
5603	43
5604	42
5605	44
5606	44
5607	42
5608	42
5609	41
5610	41
5611	39
5612	39
5613	37
5614	38
5615	38
5616	38
5617	39
5618	39
5619	40
5620	40
5621	41
5622	41
5623	40
5624	40
5625	40
5626	39
5627	38
5628	39
5629	39
5630	39
5631	38
5632	36
5633	36
5634	35
5635	35
5636	35
5637	35
5638	35
5639	35
5640	34
5641	34
5642	34
5643	35
5644	35
5645	35
5646	36
5647	36
5648	36
5649	38
5650	38
5651	38
5652	38
5653	37
5654	37
5655	37
5656	37
5657	37
5658	37
5659	39
5660	40
5661	40
5662	40
5663	39
5664	37
5665	38
5666	38
5667	38
5668	38
5669	39
5670	39
5671	39
5672	39
5673	39
5674	39
5675	38
5676	38
5677	38
5678	39
5679	39
5680	38
5681	38
5682	40
5683	40
5684	40
5685	39
5686	39
5687	41
5688	41
5689	41
5690	41
5691	41
5692	40
5693	39
5694	38
5695	37
5696	37
5697	37
5698	37
5699	37
5700	37
5701	36
5702	36
5703	36
5704	36
5705	36
5706	36
5707	36
5708	35
5709	35
5710	35
5711	35
5712	35
5713	36
5714	36
5715	36
5716	36
5717	36
5718	36
5719	35
5720	35
5721	37
5722	37
5723	37
5724	38
5725	39
5726	38
5727	37
5728	37
5729	37
5730	38
5731	37
5732	38
5733	38
5734	39
5735	38
5736	37
5737	37
5738	37
5739	37
5740	37
5741	37
5742	37
5743	38
5744	37
5745	37
5746	38
5747	38
5748	37
5749	38
5750	37
5751	37
5752	37
5753	37
5754	37
5755	36
5756	36
5757	35
5758	35
5759	35
5760	34
5761	34
5762	34
5763	35
5764	36
5765	36
5766	36
5767	37
5768	38
5769	38
5770	39
5771	39
5772	39
5773	39
5774	39
5775	39
5776	39
5777	39
5778	40
5779	39
5780	39
5781	37
5782	37
5783	37
5784	37
5785	38
5786	38
5787	37
5788	36
5789	35
5790	34
5791	33
5792	34
5793	34
5794	34
5795	33
5796	34
5797	34
5798	34
5799	34
5800	34
5801	34
5802	34
5803	34
5804	34
5805	34
5806	35
5807	34
5808	34
5809	34
5810	36
5811	36
5812	38
5813	38
5814	38
5815	37
5816	37
5817	37
5818	37
5819	38
5820	38
5821	37
5822	35
5823	35
5824	35
5825	35
5826	36
5827	36
5828	37
5829	38
5830	38
5831	39
5832	39
5833	39
5834	39
5835	39
5836	38
5837	38
5838	38
5839	38
5840	38
5841	38
5842	38
5843	37
5844	36
5845	35
5846	34
5847	34
5848	34
5849	33
5850	33
5851	33
5852	33
5853	32
5854	32
5855	31
5856	31
5857	31
5858	32
5859	32
5860	33
5861	34
5862	33
5863	32
5864	33
5865	32
5866	32
5867	31
5868	31
5869	30
5870	31
5871	30
5872	29
5873	30
5874	30
5875	31
5876	30
5877	30
5878	31
5879	31
5880	31
5881	31
5882	31
5883	31
5884	31
5885	30
5886	30
5887	29
5888	29
5889	29
5890	31
5891	31
5892	31
5893	31
5894	31
5895	31
5896	33
5897	33
5898	33
5899	33
5900	33
5901	34
5902	35
5903	33
5904	33
5905	32
5906	31
5907	31
5908	31
5909	31
5910	31
5911	31
5912	31
5913	31
5914	32
5915	32
5916	33
5917	33
5918	33
5919	33
5920	33
5921	32
5922	32
5923	32
5924	31
5925	31
5926	32
5927	31
5928	31
5929	29
5930	29
5931	28
5932	27
5933	26
5934	27
5935	28
5936	28
5937	28
5938	29
5939	29
5940	30
5941	30
5942	30
5943	28
5944	29
5945	29
5946	29
5947	29
5948	30
5949	30
5950	29
5951	30
5952	30
5953	31
5954	31
5955	33
5956	33
5957	32
5958	34
5959	34
5960	34
5961	34
5962	35
5963	34
5964	34
5965	35
5966	34
5967	34
5968	34
5969	34
5970	34
5971	36
5972	35
5973	34
5974	34
5975	33
5976	33
5977	33
5978	34
5979	34
5980	34
5981	35
5982	35
5983	35
5984	36
5985	36
5986	37
5987	37
5988	37
5989	37
5990	38
5991	38
5992	39
5993	40
5994	41
5995	41
5996	42
5997	42
5998	42
5999	43
6000	42
6001	42
6002	41
6003	41
6004	42
6005	42
6006	43
6007	43
6008	44
6009	43
6010	41
6011	42
6012	42
6013	41
6014	42
6015	42
6016	43
6017	43
6018	43
6019	43
6020	43
6021	42
6022	43
6023	43
6024	43
6025	43
6026	44
6027	44
6028	43
6029	43
6030	43
6031	42
6032	42
6033	43
6034	43
6035	43
6036	42
6037	42
6038	42
6039	42
6040	41
6041	41
6042	40
6043	40
6044	39
6045	39
6046	39
6047	38
6048	38
6049	37
6050	37
6051	36
6052	35
6053	35
6054	36
6055	35
6056	34
6057	35
6058	35
6059	35
6060	36
6061	36
6062	38
6063	38
6064	38
6065	39
6066	39
6067	39
6068	39
6069	39
6070	39
6071	39
6072	39
6073	39
6074	39
6075	39
6076	39
6077	39
6078	39
6079	38
6080	37
6081	37
6082	38
6083	37
6084	35
6085	35
6086	35
6087	36
6088	37
6089	37
6090	36
6091	35
6092	34
6093	33
6094	32
6095	31
6096	31
6097	31
6098	31
6099	32
6100	33
6101	33
6102	33
6103	34
6104	34
6105	33
6106	34
6107	33
6108	33
6109	33
6110	32
6111	32
6112	31
6113	30
6114	30
6115	30
6116	29
6117	29
6118	29
6119	29
6120	30
6121	30
6122	29
6123	28
6124	29
6125	28
6126	27
6127	27
6128	27
6129	27
6130	27
6131	27
6132	27
6133	27
6134	27
6135	27
6136	28
6137	28
6138	27
6139	27
6140	27
6141	27
6142	26
6143	27
6144	27
6145	27
6146	27
6147	29
6148	29
6149	29
6150	30
6151	32
6152	32
6153	33
6154	33
6155	34
6156	33
6157	33
6158	33
6159	34
6160	34
6161	33
6162	32
6163	32
6164	31
6165	32
6166	33
6167	33
6168	32
6169	33
6170	32
6171	32
6172	32
6173	31
6174	31
6175	30
6176	28
6177	28
6178	28
6179	29
6180	29
6181	29
6182	30
6183	30
6184	29
6185	30
6186	30
6187	29
6188	30
6189	29
6190	29
6191	27
6192	28
6193	28
6194	29
6195	29
6196	29
6197	29
6198	30
6199	29
6200	28
6201	28
6202	28
6203	28
6204	27
6205	27
6206	27
6207	27
6208	27
6209	27
6210	27
6211	26
6212	26
6213	26
6214	26
6215	26
6216	26
6217	27
6218	28
6219	28
6220	28
6221	28
6222	27
6223	26
6224	26
6225	25
6226	25
6227	25
6228	23
6229	23
6230	23
6231	23
6232	22
6233	20
6234	21
6235	22
6236	22
6237	22
6238	22
6239	23
6240	23
6241	22
6242	22
6243	22
6244	22
6245	22
6246	21
6247	22
6248	24
6249	24
6250	25
6251	25
6252	24
6253	24
6254	23
6255	23
6256	23
6257	24
6258	24
6259	22
6260	23
6261	22
6262	25
6263	25
6264	25
6265	24
6266	25
6267	25
6268	25
6269	25
6270	25
6271	25
6272	25
6273	28
6274	28
6275	29
6276	30
6277	30
6278	30
6279	30
6280	31
6281	32
6282	32
6283	33
6284	34
6285	34
6286	34
6287	34
6288	33
6289	32
6290	31
6291	30
6292	30
6293	29
6294	29
6295	28
6296	28
6297	28
6298	28
6299	28
6300	27
6301	27
6302	28
6303	28
6304	28
6305	29
6306	29
6307	28
6308	27
6309	27
6310	27
6311	26
6312	27
6313	28
6314	28
6315	28
6316	28
6317	29
6318	29
6319	29
6320	29
6321	29
6322	29
6323	29
6324	28
6325	28
6326	27
6327	27
6328	27
6329	27
6330	27
6331	28
6332	27
6333	28
6334	28
6335	27
6336	27
6337	27
6338	26
6339	25
6340	26
6341	26
6342	26
6343	26
6344	26
6345	26
6346	26
6347	26
6348	26
6349	26
6350	26
6351	26
6352	26
6353	25
6354	25
6355	25
6356	25
6357	25
6358	25
6359	25
6360	26
6361	27
6362	27
6363	27
6364	27
6365	27
6366	26
6367	26
6368	27
6369	26
6370	26
6371	26
6372	25
6373	25
6374	25
6375	26
6376	25
6377	26
6378	28
6379	29
6380	29
6381	29
6382	29
6383	28
6384	28
6385	28
6386	28
6387	28
6388	27
6389	25
6390	24
6391	25
6392	25
6393	24
6394	24
6395	23
6396	23
6397	23
6398	22
6399	24
6400	23
6401	22
6402	22
6403	21
6404	21
6405	21
6406	19
6407	19
6408	19
6409	19
6410	19
6411	19
6412	20
6413	21
6414	21
6415	22
6416	21
6417	21
6418	21
6419	21
6420	21
6421	22
6422	22
6423	23
6424	23
6425	24
6426	24
6427	24
6428	24
6429	25
6430	26
6431	28
6432	27
6433	27
6434	27
6435	26
6436	25
6437	26
6438	26
6439	27
6440	27
6441	27
6442	27
6443	28
6444	28
6445	28
6446	28
6447	29
6448	29
6449	29
6450	29
6451	29
6452	29
6453	29
6454	29
6455	29
6456	30
6457	31
6458	32
6459	32
6460	32
6461	32
6462	32
6463	32
6464	31
6465	32
6466	32
6467	32
6468	32
6469	32
6470	31
6471	31
6472	31
6473	31
6474	33
6475	32
6476	32
6477	33
6478	33
6479	33
6480	33
6481	32
6482	32
6483	32
6484	33
6485	33
6486	33
6487	32
6488	33
6489	33
6490	33
6491	32
6492	32
6493	33
6494	33
6495	33
6496	32
6497	31
6498	31
6499	30
6500	30
6501	30
6502	30
6503	30
6504	30
6505	30
6506	30
6507	30
6508	31
6509	31
6510	32
6511	32
6512	32
6513	32
6514	33
6515	33
6516	32
6517	31
6518	31
6519	30
6520	30
6521	29
6522	29
6523	29
6524	29
6525	28
6526	28
6527	27
6528	27
6529	28
6530	26
6531	27
6532	27
6533	27
6534	27
6535	26
6536	26
6537	26
6538	26
6539	26
6540	26
6541	26
6542	26
6543	27
6544	28
6545	28
6546	28
6547	27
6548	27
6549	28
6550	26
6551	26
6552	26
6553	27
6554	27
6555	27
6556	28
6557	28
6558	27
6559	27
6560	28
6561	29
6562	29
6563	27
6564	27
6565	26
6566	26
6567	27
6568	27
6569	27
6570	27
6571	27
6572	27
6573	27
6574	26
6575	26
6576	26
6577	26
6578	26
6579	26
6580	27
6581	28
6582	27
6583	27
6584	26
6585	26
6586	26
6587	25
6588	24
6589	24
6590	24
6591	24
6592	25
6593	24
6594	22
6595	23
6596	23
6597	23
6598	23
6599	23
6600	23
6601	24
6602	24
6603	24
6604	24
6605	24
6606	24
6607	24
6608	23
6609	23
6610	23
6611	23
6612	22
6613	22
6614	20
6615	21
6616	21
6617	21
6618	22
6619	22
6620	22
6621	23
6622	22
6623	23
6624	23
6625	24
6626	24
6627	24
6628	25
6629	25
6630	25
6631	25
6632	24
6633	25
6634	25
6635	26
6636	25
6637	24
6638	24
6639	24
6640	24
6641	23
6642	23
6643	23
6644	23
6645	23
6646	24
6647	24
6648	24
6649	25
6650	25
6651	25
6652	25
6653	26
6654	25
6655	25
6656	23
6657	23
6658	23
6659	23
6660	22
6661	22
6662	21
6663	21
6664	21
6665	20
6666	20
6667	20
6668	21
6669	20
6670	20
6671	20
6672	20
6673	20
6674	22
6675	21
6676	21
6677	21
6678	21
6679	22
6680	22
6681	21
6682	20
6683	21
6684	21
6685	21
6686	21
6687	22
6688	22
6689	22
6690	22
6691	22
6692	23
6693	23
6694	23
6695	22
6696	22
6697	22
6698	22
6699	22
6700	22
6701	22
6702	22
6703	23
6704	23
6705	23
6706	22
6707	22
6708	22
6709	23
6710	24
6711	23
6712	23
6713	23
6714	24
6715	24
6716	23
6717	22
6718	22
6719	21
6720	20
6721	21
6722	22
6723	22
6724	22
6725	23
6726	23
6727	23
6728	23
6729	23
6730	23
6731	23
6732	23
6733	23
6734	22
6735	21
6736	21
6737	21
6738	22
6739	22
6740	22
6741	21
6742	22
6743	22
6744	24
6745	24
6746	24
6747	24
6748	23
6749	22
6750	22
6751	22
6752	21
6753	21
6754	21
6755	21
6756	21
6757	21
6758	21
6759	21
6760	20
6761	19
6762	19
6763	17
6764	16
6765	16
6766	16
6767	17
6768	18
6769	18
6770	18
6771	18
6772	19
6773	19
6774	18
6775	19
6776	18
6777	19
6778	19
6779	19
6780	20
6781	20
6782	19
6783	20
6784	21
6785	21
6786	21
6787	21
6788	21
6789	21
6790	21
6791	21
6792	22
6793	22
6794	23
6795	23
6796	23
6797	23
6798	23
6799	22
6800	21
6801	21
6802	21
6803	20
6804	20
6805	20
6806	20
6807	19
6808	19
6809	18
6810	18
6811	19
6812	20
6813	21
6814	19
6815	20
6816	20
6817	20
6818	21
6819	21
6820	21
6821	21
6822	21
6823	20
6824	21
6825	21
6826	21
6827	21
6828	21
6829	22
6830	22
6831	23
6832	23
6833	23
6834	23
6835	23
6836	23
6837	24
6838	25
6839	25
6840	24
6841	24
6842	24
6843	24
6844	24
6845	23
6846	23
6847	23
6848	23
6849	25
6850	25
6851	25
6852	24
6853	24
6854	24
6855	24
6856	25
6857	25
6858	25
6859	25
6860	25
6861	25
6862	25
6863	25
6864	25
6865	25
6866	24
6867	24
6868	24
6869	24
6870	24
6871	24
6872	24
6873	24
6874	24
6875	24
6876	24
6877	23
6878	22
6879	22
6880	21
6881	21
6882	20
6883	20
6884	20
6885	20
6886	20
6887	20
6888	20
6889	20
6890	20
6891	20
6892	20
6893	20
6894	20
6895	20
6896	20
6897	20
6898	21
6899	21
6900	22
6901	22
6902	21
6903	22
6904	22
6905	22
6906	22
6907	22
6908	22
6909	23
6910	23
6911	24
6912	24
6913	24
6914	24
6915	24
6916	24
6917	24
6918	23
6919	23
6920	23
6921	22
6922	22
6923	23
6924	22
6925	22
6926	22
6927	22
6928	22
6929	24
6930	24
6931	24
6932	24
6933	24
6934	24
6935	24
6936	24
6937	23
6938	23
6939	23
6940	22
6941	22
6942	21
6943	22
6944	22
6945	22
6946	21
6947	21
6948	21
6949	21
6950	21
6951	22
6952	22
6953	22
6954	24
6955	24
6956	24
6957	25
6958	25
6959	25
6960	26
6961	26
6962	26
6963	25
6964	25
6965	25
6966	24
6967	24
6968	23
6969	23
6970	23
6971	23
6972	23
6973	23
6974	23
6975	23
6976	24
6977	23
6978	24
6979	23
6980	25
6981	25
6982	25
6983	25
6984	24
6985	23
6986	22
6987	22
6988	22
6989	23
6990	23
6991	21
6992	21
6993	21
6994	22
6995	22
6996	22
6997	22
6998	22
6999	22
7000	22
7001	22
7002	22
7003	22
7004	22
7005	22
7006	22
7007	22
7008	23
7009	23
7010	22
7011	22
7012	22
7013	22
7014	22
7015	22
7016	23
7017	23
7018	23
7019	23
7020	23
7021	24
7022	25
7023	25
7024	24
7025	24
7026	24
7027	23
7028	23
7029	23
7030	23
7031	24
7032	23
7033	23
7034	23
7035	23
7036	23
7037	23
7038	23
7039	23
7040	23
7041	22
7042	21
7043	22
7044	22
7045	22
7046	22
7047	22
7048	22
7049	22
7050	21
7051	21
7052	21
7053	19
7054	19
7055	19
7056	19
7057	20
7058	21
7059	21
7060	20
7061	20
7062	20
7063	20
7064	20
7065	19
7066	19
7067	19
7068	19
7069	19
7070	19
7071	19
7072	19
7073	19
7074	20
7075	20
7076	20
7077	21
7078	21
7079	20
7080	20
7081	21
7082	19
7083	19
7084	20
7085	20
7086	20
7087	20
7088	20
7089	20
7090	18
7091	18
7092	18
7093	18
7094	18
7095	18
7096	19
7097	19
7098	19
7099	19
7100	19
7101	19
7102	19
7103	20
7104	20
7105	20
7106	20
7107	20
7108	21
7109	22
7110	22
7111	21
7112	22
7113	22
7114	22
7115	22
7116	21
7117	20
7118	20
7119	20
7120	20
7121	19
7122	19
7123	19
7124	20
7125	20
7126	20
7127	20
7128	20
7129	20
7130	20
7131	20
7132	20
7133	20
7134	20
7135	21
7136	21
7137	21
7138	21
7139	21
7140	22
7141	22
7142	22
7143	20
7144	19
7145	19
7146	19
7147	20
7148	21
7149	21
7150	21
7151	21
7152	20
7153	20
7154	20
7155	20
7156	20
7157	20
7158	20
7159	20
7160	20
7161	19
7162	20
7163	21
7164	21
7165	21
7166	22
7167	22
7168	22
7169	22
7170	22
7171	22
7172	20
7173	20
7174	21
7175	22
7176	22
7177	22
7178	21
7179	20
7180	20
7181	21
7182	20
7183	20
7184	20
7185	20
7186	20
7187	20
7188	20
7189	20
7190	18
7191	19
7192	19
7193	19
7194	19
7195	19
7196	19
7197	19
7198	19
7199	19
7200	19
7201	19
7202	18
7203	17
7204	17
7205	17
7206	16
7207	16
7208	17
7209	17
7210	17
7211	16
7212	16
7213	16
7214	16
7215	16
7216	16
7217	16
7218	15
7219	15
7220	15
7221	15
7222	15
7223	14
7224	14
7225	14
7226	14
7227	14
7228	14
7229	13
7230	13
7231	13
7232	13
7233	13
7234	13
7235	12
7236	11
7237	10
7238	10
7239	10
7240	10
7241	10
7242	10
7243	9
7244	9
7245	9
7246	8
7247	8
7248	8
7249	8
7250	8
7251	8
7252	8
7253	8
7254	8
7255	8
7256	8
7257	8
7258	8
7259	8
7260	8
7261	8
7262	8
7263	7
7264	7
7265	7
7266	7
7267	7
7268	7
7269	6
7270	6
7271	6
7272	6
7273	6
7274	6
7275	6
7276	6
7277	6
7278	6
7279	7
7280	7
7281	7
7282	7
7283	7
7284	7
7285	7
7286	7
7287	7
7288	7
7289	7
7290	7
7291	7
7292	7
7293	7
7294	7
7295	6
7296	6
7297	6
7298	6
7299	5
7300	5
7301	5
7302	4
7303	4
7304	4
7305	4
7306	4
7307	4
7308	4
7309	4
7310	4
7311	4
7312	4
7313	4
7314	4
7315	4
7316	4
7317	4
7318	4
7319	4
7320	4
7321	4
7322	4
7323	4
7324	4
7325	4
7326	4
7327	4
7328	4
7329	4
7330	3
7331	3
7332	3
7333	3
7334	3
7335	3
7336	2
7337	1
7338	1
7339	1
7340	1
7341	1
7342	1
7343	1
7344	1
7345	1
7346	1
7347	1
7348	1
7349	1
7350	1
7351	1
7352	1
7353	1
7354	1
7355	1
7356	1
7357	1
7358	1
7359	1
7360	1
7361	1
7362	1
7363	1
7364	1
7365	1
7366	1
7367	1
7368	1
7369	1
7370	1
7371	1
7372	1
7373	1
7374	1
7375	1
7376	1
7377	1
7378	1
7379	1
7380	1
7381	1
7382	1
7383	1
7384	1
7385	1
7386	1
7387	1
7388	1
7389	1
7390	1
7391	1
7392	1
7393	1
7394	1
7395	1
7396	1
7397	1
7398	1
7399	1
7400	1
7401	1
7402	1
7403	1
7404	1
7405	1
7406	1
7407	1
7408	1
7409	1
7410	1
7411	1
7412	1
7413	1
7414	1
7415	1
7416	1
7417	0
7418	0
7419	0
7420	0
7421	0
7422	0
7423	0
7424	0
7425	0
7426	0
7427	0
7428	0
7429	0
7430	0
7431	0
7432	0
7433	0
7434	0
7435	0
7436	0
7437	0
7438	0
7439	0
7440	0
7441	0
7442	0
7443	0
7444	0
7445	0
7446	0
7447	0
7448	0
7449	0
7450	0
7451	0
7452	0
7453	0
7454	0
7455	0
7456	0
7457	0
7458	0
7459	0
7460	0
7461	0
7462	0
7463	0
7464	0
7465	0
7466	0
7467	0
7468	0
7469	0
7470	0
7471	0
7472	0
7473	0
7474	0
7475	0
7476	0
7477	0
7478	0
7479	0
7480	0
7481	0
7482	0
7483	0
7484	0
7485	0
7486	0
7487	0
7488	0
7489	0
7490	0
7491	0
7492	0
7493	0
7494	0
7495	0
7496	0
7497	0
7498	0
7499	0
7500	0
7501	0
7502	0
7503	0
7504	1
7505	0
7506	0
7507	0
7508	0
7509	0
7510	0
7511	0
7512	0
7513	0
7514	0
7515	0
7516	0
7517	0
7518	0
7519	0
7520	0
7521	0
7522	0
7523	0
7524	0
7525	0
7526	0
7527	0
7528	0
7529	0
7530	1
7531	1
7532	1
7533	1
7534	1
7535	1
7536	2
7537	2
7538	2
7539	2
7540	2
7541	2
7542	2
7543	2
7544	2
7545	2
7546	2
7547	2
7548	2
7549	2
7550	2
7551	2
7552	2
7553	2
7554	2
7555	2
7556	2
7557	2
7558	2
7559	2
7560	2
7561	2
7562	2
7563	2
7564	2
7565	2
7566	2
7567	2
7568	2
7569	2
7570	2
7571	2
7572	2
7573	2
7574	2
7575	2
7576	1
7577	1
7578	1
7579	1
7580	1
7581	1
7582	1
7583	1
7584	1
7585	1
7586	1
7587	1
7588	1
7589	1
7590	1
7591	1
7592	1
7593	1
7594	1
7595	1
7596	1
7597	1
7598	1
7599	1
7600	1
7601	1
7602	1
7603	1
7604	1
7605	1
7606	1
7607	1
7608	1
7609	1
7610	1
7611	1
7612	1
7613	1
7614	1
7615	1
7616	1
7617	1
7618	1
7619	1
7620	1
7621	1
7622	1
7623	1
7624	1
7625	1
7626	1
7627	1
7628	1
7629	1
7630	1
7631	1
7632	1
7633	1
7634	1
7635	1
7636	1
7637	1
7638	1
7639	1
7640	1
7641	1
7642	1
7643	1
7644	1
7645	1
7646	1
7647	1
7648	1
7649	1
7650	1
7651	1
7652	1
7653	1
7654	1
7655	1
7656	1
7657	1
7658	1
7659	1
7660	1
7661	1
7662	1
7663	1
7664	1
7665	1
7666	1
7667	1
7668	1
7669	1
7670	1
7671	1
7672	1
7673	1
7674	1
7675	1
7676	1
7677	1
7678	1
7679	1
7680	1
7681	1
7682	1
7683	1
7684	1
7685	1
7686	1
7687	1
7688	1
7689	1
7690	1
7691	1
7692	1
7693	1
7694	1
7695	1
7696	1
7697	1
7698	1
7699	1
7700	1
7701	1
7702	1
7703	1
7704	1
7705	1
7706	1
7707	1
7708	1
7709	1
7710	1
7711	1
7712	1
7713	1
7714	1
7715	1
7716	1
7717	1
7718	1
7719	1
7720	1
7721	1
7722	1
7723	1
7724	1
7725	1
7726	1
7727	1
7728	1
7729	1
7730	1
7731	1
7732	1
7733	1
7734	1
7735	1
7736	1
7737	1
7738	1
7739	1
7740	1
7741	1
7742	1
7743	1
7744	1
7745	1
7746	1
7747	1
7748	1
7749	1
7750	1
7751	1
7752	1
7753	1
7754	1
7755	1
7756	1
7757	1
7758	1
7759	1
7760	1
7761	1
7762	1
7763	1
7764	1
7765	1
7766	1
7767	1
7768	1
7769	1
7770	1
7771	1
7772	1
7773	1
7774	1
7775	1
7776	1
7777	1
7778	1
7779	1
7780	1
7781	1
7782	1
7783	1
7784	1
7785	1
7786	1
7787	1
7788	1
7789	1
7790	1
7791	1
7792	1
7793	1
7794	1
7795	1
7796	1
7797	1
7798	1
7799	1
7800	1
7801	1
7802	1
7803	1
7804	1
7805	1
7806	1
7807	1
7808	1
7809	1
7810	1
7811	1
7812	1
7813	1
7814	1
7815	1
7816	1
7817	1
7818	1
7819	1
7820	1
7821	1
7822	1
7823	1
7824	1
7825	1
7826	1
7827	1
7828	1
7829	1
7830	1
7831	1
7832	1
7833	1
7834	1
7835	1
7836	1
7837	1
7838	1
7839	1
7840	1
7841	1
7842	1
7843	1
7844	1
7845	1
7846	1
7847	1
7848	1
7849	1
7850	1
7851	1
7852	1
7853	1
7854	1
7855	1
7856	1
7857	1
7858	1
7859	1
7860	1
7861	2
7862	2
7863	2
7864	2
7865	2
7866	2
7867	2
7868	2
7869	2
7870	2
7871	2
7872	2
7873	2
7874	2
7875	2
7876	2
7877	2
7878	2
7879	2
7880	2
7881	2
7882	2
7883	2
7884	2
7885	2
7886	2
7887	2
7888	2
7889	2
7890	2
7891	2
7892	2
7893	2
7894	2
7895	2
7896	2
7897	2
7898	2
7899	2
7900	2
7901	2
7902	3
7903	3
7904	3
7905	3
7906	3
7907	3
7908	2
7909	2
7910	2
7911	2
7912	2
7913	2
7914	2
7915	2
7916	2
7917	2
7918	2
7919	2
7920	2
7921	2
7922	2
7923	2
7924	2
7925	2
7926	2
7927	2
7928	2
7929	2
7930	2
7931	2
7932	2
7933	2
7934	2
7935	2
7936	2
7937	2
7938	2
7939	2
7940	2
7941	2
7942	1
7943	1
7944	1
7945	1
7946	1
7947	0
7948	0
7949	0
7950	0
7951	0
7952	0
7953	0
7954	0
7955	0
7956	0
7957	0
7958	0
7959	0
7960	0
7961	0
7962	0
7963	0
7964	0
7965	0
7966	0
7967	0
7968	0
7969	0
7970	0
7971	0
7972	0
7973	0
7974	0
7975	0
7976	0
7977	0
7978	0
7979	0
7980	0
7981	0
7982	0
7983	0
7984	0
7985	0
7986	0
7987	0
7988	0
7989	0
7990	0
7991	0
7992	0
7993	0
7994	0
7995	0
7996	0
7997	0
7998	0
7999	0
8000	0
8001	0
8002	0
8003	0
8004	0
8005	0
8006	0
8007	0
8008	0
8009	0
8010	0
8011	0
8012	0
8013	1
8014	1
8015	1
8016	1
8017	1
8018	1
8019	1
8020	1
8021	1
8022	1
8023	1
8024	1
8025	1
8026	1
8027	1
8028	1
8029	1
8030	1
8031	1
8032	1
8033	1
8034	1
8035	1
8036	1
8037	1
8038	1
8039	1
8040	1
8041	1
8042	1
8043	1
8044	1
8045	1
8046	1
8047	1
8048	1
8049	1
8050	0
8051	0
8052	0
8053	0
8054	0
8055	0
8056	0
8057	0
8058	0
8059	0
8060	0
8061	0
8062	0
8063	0
8064	0
8065	0
8066	0
8067	0
8068	0
8069	0
8070	0
8071	0
8072	0
8073	0
8074	0
8075	0
8076	0
8077	0
8078	0
8079	0
8080	0
8081	0
8082	0
8083	0
8084	0
8085	0
8086	0
8087	0
8088	0
8089	0
8090	0
8091	0
8092	0
8093	0
8094	0
8095	0
8096	0
8097	0
8098	0
8099	0
8100	0
8101	0
8102	0
8103	0
8104	0
8105	0
8106	0
8107	0
8108	0
8109	0
8110	0
8111	0
8112	0
8113	0
8114	0
8115	0
8116	0
8117	0
8118	0
8119	0
8120	0
8121	0
8122	0
8123	0
8124	0
8125	0
8126	0
8127	0
8128	0
8129	0
8130	0
8131	0
8132	0
8133	0
8134	0
8135	0
8136	0
8137	0
8138	0
8139	0
8140	0
8141	0
8142	0
8143	0
8144	0
8145	0
8146	0
8147	0
8148	0
8149	0
8150	0
8151	0
8152	0
8153	0
8154	0
8155	0
8156	0
8157	0
8158	0
8159	0
8160	0
8161	0
8162	0
8163	0
8164	0
8165	0
8166	0
8167	0
8168	0
8169	0
8170	0
8171	0
8172	0
8173	0
8174	0
8175	0
8176	0
8177	0
8178	0
8179	0
8180	0
8181	0
8182	0
8183	0
8184	0
8185	0
8186	0
8187	0
8188	0
8189	0
8190	0
8191	0
8192	0
8193	0
8194	0
8195	0
8196	0
8197	0
8198	0
8199	0
8200	0
8201	0
8202	0
