1	0
2	0
3	0
4	0
5	0
6	0
7	0
8	0
9	0
10	0
11	0
12	0
13	0
14	0
15	0
16	0
17	0
18	0
19	0
20	1
21	1
22	1
23	2
24	2
25	2
26	2
27	2
28	2
29	2
30	2
31	2
32	2
33	2
34	2
35	2
36	2
37	2
38	2
39	2
40	2
41	2
42	2
43	2
44	2
45	2
46	2
47	2
48	2
49	2
50	2
51	2
52	2
53	2
54	2
55	2
56	2
57	2
58	2
59	2
60	2
61	1
62	2
63	2
64	2
65	2
66	2
67	3
68	3
69	3
70	3
71	3
72	3
73	3
74	3
75	3
76	3
77	3
78	3
79	3
80	3
81	3
82	3
83	3
84	3
85	3
86	3
87	3
88	3
89	3
90	3
91	3
92	3
93	3
94	4
95	4
96	4
97	4
98	4
99	4
100	4
101	4
102	4
103	4
104	4
105	4
106	4
107	4
108	4
109	4
110	4
111	5
112	5
113	5
114	5
115	5
116	5
117	5
118	5
119	5
120	5
121	5
122	4
123	4
124	5
125	5
126	5
127	5
128	5
129	5
130	5
131	6
132	6
133	6
134	6
135	7
136	7
137	7
138	7
139	7
140	7
141	7
142	7
143	7
144	7
145	7
146	7
147	7
148	7
149	7
150	7
151	8
152	8
153	8
154	8
155	8
156	7
157	7
158	7
159	7
160	7
161	8
162	8
163	8
164	8
165	8
166	8
167	8
168	9
169	9
170	9
171	9
172	9
173	10
174	10
175	10
176	10
177	9
178	9
179	10
180	10
181	10
182	10
183	10
184	11
185	12
186	13
187	13
188	13
189	13
190	13
191	13
192	13
193	13
194	13
195	13
196	13
197	13
198	13
199	14
200	14
201	14
202	14
203	15
204	15
205	15
206	15
207	15
208	15
209	15
210	15
211	15
212	15
213	15
214	15
215	15
216	15
217	15
218	15
219	15
220	15
221	15
222	15
223	15
224	15
225	15
226	15
227	15
228	15
229	15
230	15
231	14
232	14
233	13
234	13
235	13
236	13
237	13
238	13
239	14
240	14
241	14
242	15
243	15
244	15
245	15
246	15
247	16
248	16
249	16
250	17
251	18
252	18
253	19
254	20
255	20
256	20
257	20
258	20
259	20
260	20
261	20
262	20
263	20
264	21
265	21
266	21
267	21
268	22
269	22
270	20
271	20
272	20
273	20
274	20
275	20
276	21
277	21
278	21
279	21
280	21
281	21
282	21
283	21
284	20
285	20
286	20
287	20
288	21
289	21
290	21
291	21
292	21
293	21
294	21
295	22
296	22
297	22
298	22
299	22
300	22
301	21
302	21
303	22
304	22
305	22
306	22
307	23
308	23
309	24
310	25
311	25
312	25
313	25
314	25
315	25
316	25
317	25
318	25
319	25
320	25
321	25
322	25
323	25
324	25
325	26
326	26
327	26
328	26
329	26
330	25
331	25
332	25
333	25
334	25
335	26
336	26
337	26
338	25
339	25
340	25
341	26
342	26
343	26
344	26
345	26
346	26
347	26
348	26
349	26
350	26
351	26
352	26
353	26
354	26
355	26
356	26
357	27
358	27
359	27
360	27
361	27
362	27
363	27
364	27
365	27
366	27
367	27
368	27
369	27
370	25
371	26
372	26
373	26
374	26
375	26
376	26
377	26
378	26
379	26
380	26
381	26
382	26
383	26
384	26
385	26
386	26
387	25
388	25
389	25
390	25
391	25
392	25
393	25
394	25
395	25
396	25
397	25
398	25
399	26
400	26
401	26
402	26
403	26
404	26
405	26
406	26
407	26
408	26
409	26
410	26
411	25
412	25
413	25
414	25
415	25
416	24
417	24
418	24
419	24
420	24
421	24
422	24
423	24
424	23
425	23
426	23
427	23
428	23
429	23
430	23
431	23
432	23
433	23
434	23
435	23
436	23
437	23
438	23
439	23
440	23
441	23
442	23
443	23
444	23
445	23
446	23
447	23
448	23
449	23
450	23
451	22
452	22
453	22
454	22
455	22
456	22
457	22
458	23
459	23
460	22
461	22
462	22
463	22
464	22
465	22
466	22
467	23
468	23
469	23
470	23
471	23
472	23
473	23
474	23
475	23
476	23
477	23
478	22
479	22
480	22
481	22
482	22
483	22
484	22
485	22
486	22
487	22
488	22
489	23
490	23
491	23
492	23
493	23
494	23
495	23
496	23
497	23
498	23
499	22
500	22
501	22
502	22
503	22
504	22
505	22
506	21
507	21
508	21
509	21
510	21
511	21
512	21
513	21
514	20
515	19
516	19
517	19
518	19
519	18
520	18
521	18
522	18
523	17
524	17
525	17
526	17
527	17
528	17
529	17
530	17
531	17
532	17
533	17
534	17
535	17
536	17
537	17
538	17
539	17
540	17
541	17
542	18
543	18
544	18
545	18
546	18
547	18
548	18
549	19
550	19
551	19
552	19
553	19
554	19
555	20
556	20
557	20
558	20
559	20
560	20
561	20
562	20
563	20
564	19
565	19
566	19
567	19
568	20
569	19
570	19
571	19
572	19
573	19
574	19
575	19
576	19
577	19
578	18
579	18
580	18
581	18
582	18
583	19
584	19
585	19
586	19
587	18
588	18
589	18
590	18
591	17
592	17
593	17
594	17
595	17
596	17
597	17
598	18
599	18
600	19
601	19
602	19
603	19
604	20
605	20
606	20
607	20
608	20
609	20
610	20
611	20
612	20
613	20
614	20
615	20
616	20
617	20
618	20
619	20
620	20
621	20
622	21
623	21
624	21
625	21
626	22
627	22
628	23
629	23
630	23
631	23
632	23
633	23
634	23
635	23
636	24
637	24
638	24
639	24
640	24
641	24
642	24
643	22
644	22
645	23
646	23
647	23
648	23
649	23
650	23
651	24
652	24
653	24
654	24
655	24
656	23
657	23
658	23
659	23
660	23
661	23
662	22
663	22
664	22
665	22
666	23
667	23
668	24
669	24
670	24
671	24
672	24
673	24
674	24
675	24
676	23
677	23
678	23
679	23
680	23
681	23
682	24
683	24
684	24
685	24
686	23
687	23
688	23
689	23
690	23
691	23
692	23
693	23
694	23
695	23
696	23
697	23
698	23
699	23
700	23
701	22
702	22
703	22
704	22
705	22
706	22
707	22
708	22
709	22
710	22
711	22
712	22
713	22
714	23
715	23
716	23
717	23
718	23
719	23
720	23
721	23
722	22
723	22
724	22
725	22
726	22
727	22
728	22
729	23
730	24
731	24
732	24
733	24
734	24
735	24
736	24
737	24
738	24
739	24
740	23
741	23
742	23
743	23
744	23
745	23
746	23
747	23
748	23
749	23
750	23
751	23
752	23
753	22
754	22
755	22
756	22
757	22
758	22
759	22
760	22
761	22
762	22
763	22
764	22
765	22
766	22
767	22
768	21
769	20
770	20
771	20
772	20
773	20
774	20
775	21
776	21
777	20
778	20
779	20
780	19
781	19
782	19
783	20
784	19
785	20
786	20
787	20
788	20
789	20
790	20
791	20
792	19
793	19
794	19
795	19
796	19
797	19
798	19
799	19
800	19
801	19
802	18
803	18
804	18
805	18
806	18
807	18
808	18
809	18
810	18
811	18
812	18
813	17
814	17
815	18
816	18
817	18
818	18
819	18
820	19
821	19
822	19
823	19
824	19
825	19
826	19
827	19
828	19
829	19
830	19
831	19
832	19
833	20
834	20
835	20
836	20
837	20
838	20
839	20
840	19
841	18
842	18
843	18
844	18
845	18
846	18
847	18
848	18
849	18
850	18
851	18
852	19
853	19
854	19
855	19
856	19
857	19
858	19
859	19
860	19
861	19
862	20
863	20
864	20
865	20
866	19
867	19
868	18
869	18
870	18
871	18
872	17
873	17
874	17
875	17
876	17
877	17
878	17
879	17
880	16
881	16
882	16
883	16
884	16
885	16
886	16
887	16
888	16
889	16
890	16
891	16
892	16
893	16
894	18
895	18
896	18
897	18
898	18
899	18
900	18
901	18
902	19
903	19
904	19
905	19
906	19
907	18
908	18
909	19
910	19
911	19
912	19
913	19
914	19
915	20
916	20
917	19
918	19
919	19
920	20
921	20
922	20
923	21
924	21
925	21
926	21
927	21
928	21
929	22
930	22
931	22
932	22
933	22
934	22
935	22
936	22
937	22
938	22
939	22
940	22
941	23
942	22
943	22
944	22
945	22
946	22
947	22
948	22
949	22
950	22
951	22
952	22
953	22
954	21
955	19
956	20
957	20
958	20
959	20
960	20
961	19
962	19
963	20
964	20
965	20
966	19
967	19
968	19
969	19
970	19
971	19
972	19
973	19
974	19
975	19
976	19
977	19
978	19
979	19
980	19
981	19
982	19
983	19
984	18
985	18
986	18
987	18
988	18
989	18
990	18
991	18
992	19
993	19
994	19
995	19
996	19
997	19
998	19
999	19
1000	19
1001	19
1002	19
1003	19
1004	19
1005	19
1006	20
1007	20
1008	20
1009	20
1010	20
1011	20
1012	20
1013	20
1014	20
1015	20
1016	20
1017	20
1018	20
1019	20
1020	20
1021	20
1022	20
1023	20
1024	20
1025	20
1026	20
1027	20
1028	20
1029	20
1030	20
1031	20
1032	20
1033	20
1034	21
1035	21
1036	21
1037	21
1038	21
1039	21
1040	21
1041	21
1042	21
1043	21
1044	21
1045	21
1046	22
1047	20
1048	20
1049	20
1050	20
1051	20
1052	20
1053	20
1054	20
1055	20
1056	20
1057	19
1058	19
1059	19
1060	20
1061	20
1062	21
1063	21
1064	20
1065	20
1066	20
1067	20
1068	20
1069	20
1070	20
1071	20
1072	20
1073	20
1074	20
1075	20
1076	20
1077	19
1078	19
1079	19
1080	19
1081	19
1082	19
1083	19
1084	19
1085	19
1086	19
1087	19
1088	19
1089	18
1090	18
1091	18
1092	18
1093	19
1094	18
1095	18
1096	18
1097	19
1098	18
1099	18
1100	18
1101	19
1102	19
1103	19
1104	18
1105	18
1106	18
1107	18
1108	18
1109	18
1110	18
1111	17
1112	18
1113	18
1114	18
1115	19
1116	19
1117	19
1118	19
1119	19
1120	19
1121	19
1122	19
1123	19
1124	19
1125	19
1126	19
1127	19
1128	19
1129	19
1130	19
1131	19
1132	19
1133	18
1134	18
1135	18
1136	17
1137	17
1138	17
1139	17
1140	16
1141	16
1142	16
1143	16
1144	16
1145	16
1146	16
1147	16
1148	16
1149	16
1150	16
1151	15
1152	14
1153	14
1154	14
1155	14
1156	14
1157	14
1158	14
1159	14
1160	14
1161	12
1162	12
1163	12
1164	13
1165	13
1166	13
1167	13
1168	13
1169	13
1170	13
1171	13
1172	13
1173	12
1174	12
1175	12
1176	12
1177	12
1178	12
1179	12
1180	12
1181	12
1182	12
1183	12
1184	12
1185	12
1186	12
1187	12
1188	12
1189	12
1190	12
1191	12
1192	11
1193	11
1194	10
1195	10
1196	10
1197	10
1198	10
1199	10
1200	10
1201	10
1202	10
1203	10
1204	10
1205	10
1206	11
1207	11
1208	11
1209	11
1210	11
1211	11
1212	11
1213	11
1214	11
1215	11
1216	11
1217	11
1218	11
1219	11
1220	11
1221	11
1222	11
1223	11
1224	11
1225	10
1226	10
1227	10
1228	10
1229	10
1230	10
1231	10
1232	10
1233	10
1234	11
1235	11
1236	11
1237	11
1238	11
1239	12
1240	13
1241	13
1242	13
1243	13
1244	13
1245	13
1246	13
1247	13
1248	13
1249	13
1250	13
1251	13
1252	14
1253	14
1254	14
1255	14
1256	16
1257	16
1258	16
1259	16
1260	16
1261	16
1262	15
1263	15
1264	16
1265	16
1266	16
1267	16
1268	17
1269	17
1270	16
1271	16
1272	16
1273	16
1274	16
1275	16
1276	16
1277	15
1278	15
1279	15
1280	15
1281	15
1282	15
1283	15
1284	15
1285	16
1286	16
1287	16
1288	16
1289	17
1290	17
1291	17
1292	17
1293	16
1294	16
1295	16
1296	16
1297	16
1298	16
1299	16
1300	16
1301	16
1302	16
1303	16
1304	16
1305	16
1306	16
1307	16
1308	16
1309	16
1310	16
1311	16
1312	16
1313	16
1314	16
1315	16
1316	16
1317	16
1318	16
1319	16
1320	16
1321	16
1322	17
1323	17
1324	17
1325	17
1326	17
1327	17
1328	17
1329	18
1330	18
1331	18
1332	18
1333	17
1334	17
1335	17
1336	17
1337	17
1338	18
1339	18
1340	18
1341	18
1342	18
1343	18
1344	18
1345	18
1346	18
1347	18
1348	18
1349	18
1350	18
1351	18
1352	18
1353	18
1354	18
1355	19
1356	19
1357	19
1358	19
1359	18
1360	19
1361	19
1362	19
1363	19
1364	19
1365	19
1366	18
1367	18
1368	18
1369	18
1370	18
1371	18
1372	18
1373	18
1374	18
1375	18
1376	19
1377	19
1378	19
1379	20
1380	20
1381	20
1382	20
1383	19
1384	19
1385	19
1386	19
1387	18
1388	18
1389	19
1390	19
1391	19
1392	19
1393	19
1394	19
1395	19
1396	18
1397	18
1398	18
1399	17
1400	17
1401	17
1402	17
1403	17
1404	17
1405	17
1406	17
1407	17
1408	17
1409	17
1410	17
1411	17
1412	17
1413	17
1414	18
1415	18
1416	18
1417	18
1418	18
1419	18
1420	18
1421	18
1422	18
1423	18
1424	18
1425	18
1426	18
1427	18
1428	18
1429	18
1430	18
1431	18
1432	18
1433	18
1434	18
1435	17
1436	17
1437	17
1438	17
1439	17
1440	17
1441	17
1442	17
1443	17
1444	17
1445	16
1446	17
1447	17
1448	18
1449	18
1450	18
1451	18
1452	18
1453	18
1454	18
1455	18
1456	18
1457	19
1458	19
1459	19
1460	19
1461	19
1462	19
1463	19
1464	18
1465	17
1466	17
1467	17
1468	17
1469	17
1470	17
1471	17
1472	17
1473	16
1474	16
1475	16
1476	16
1477	16
1478	16
1479	16
1480	16
1481	16
1482	16
1483	16
1484	15
1485	15
1486	15
1487	15
1488	15
1489	16
1490	16
1491	16
1492	16
1493	16
1494	16
1495	16
1496	16
1497	16
1498	16
1499	17
1500	17
1501	17
1502	17
1503	17
1504	17
1505	17
1506	16
1507	16
1508	16
1509	16
1510	15
1511	15
1512	16
1513	17
1514	17
1515	17
1516	17
1517	17
1518	17
1519	19
1520	19
1521	19
1522	19
1523	19
1524	19
1525	19
1526	19
1527	19
1528	19
1529	19
1530	20
1531	20
1532	21
1533	22
1534	22
1535	22
1536	22
1537	22
1538	22
1539	22
1540	21
1541	21
1542	20
1543	20
1544	20
1545	20
1546	21
1547	22
1548	22
1549	22
1550	22
1551	23
1552	20
1553	20
1554	20
1555	20
1556	20
1557	20
1558	20
1559	21
1560	22
1561	22
1562	22
1563	22
1564	22
1565	21
1566	22
1567	22
1568	23
1569	23
1570	23
1571	23
1572	23
1573	23
1574	23
1575	23
1576	24
1577	24
1578	24
1579	24
1580	24
1581	24
1582	24
1583	24
1584	24
1585	23
1586	23
1587	23
1588	23
1589	23
1590	23
1591	23
1592	22
1593	22
1594	22
1595	22
1596	22
1597	22
1598	22
1599	22
1600	22
1601	22
1602	22
1603	22
1604	22
1605	22
1606	22
1607	22
1608	22
1609	22
1610	22
1611	23
1612	23
1613	23
1614	23
1615	23
1616	23
1617	23
1618	23
1619	23
1620	23
1621	23
1622	23
1623	23
1624	23
1625	23
1626	22
1627	22
1628	22
1629	22
1630	22
1631	22
1632	22
1633	23
1634	23
1635	23
1636	23
1637	23
1638	23
1639	23
1640	23
1641	23
1642	23
1643	23
1644	23
1645	22
1646	23
1647	23
1648	23
1649	23
1650	23
1651	23
1652	23
1653	23
1654	23
1655	23
1656	23
1657	22
1658	22
1659	22
1660	22
1661	22
1662	22
1663	22
1664	22
1665	22
1666	22
1667	22
1668	22
1669	21
1670	21
1671	21
1672	21
1673	21
1674	21
1675	20
1676	20
1677	20
1678	20
1679	20
1680	20
1681	20
1682	20
1683	20
1684	20
1685	19
1686	19
1687	19
1688	19
1689	19
1690	18
1691	18
1692	18
1693	17
1694	17
1695	17
1696	17
1697	17
1698	17
1699	17
1700	17
1701	17
1702	17
1703	17
1704	17
1705	17
1706	17
1707	17
1708	17
1709	17
1710	17
1711	17
1712	17
1713	17
1714	18
1715	18
1716	18
1717	18
1718	18
1719	18
1720	18
1721	18
1722	18
1723	18
1724	18
1725	18
1726	18
1727	18
1728	18
1729	19
1730	19
1731	19
1732	19
1733	19
1734	19
1735	19
1736	19
1737	18
1738	18
1739	18
1740	18
1741	18
1742	18
1743	18
1744	18
1745	17
1746	16
1747	16
1748	16
1749	16
1750	16
1751	16
1752	16
1753	16
1754	16
1755	16
1756	17
1757	16
1758	16
1759	16
1760	15
1761	15
1762	15
1763	15
1764	15
1765	15
1766	15
1767	16
1768	16
1769	16
1770	16
1771	16
1772	16
1773	16
1774	16
1775	16
1776	16
1777	16
1778	16
1779	16
1780	16
1781	16
1782	16
1783	16
1784	16
1785	16
1786	16
1787	16
1788	16
1789	16
1790	16
1791	16
1792	17
1793	17
1794	16
1795	16
1796	17
1797	16
1798	15
1799	15
1800	15
1801	15
1802	15
1803	15
1804	15
1805	15
1806	14
1807	14
1808	14
1809	14
1810	14
1811	16
1812	15
1813	16
1814	16
1815	16
1816	16
1817	16
1818	16
1819	16
1820	16
1821	16
1822	16
1823	16
1824	16
1825	16
1826	16
1827	16
1828	16
1829	16
1830	16
1831	16
1832	16
1833	16
1834	16
1835	16
1836	16
1837	16
1838	16
1839	15
1840	15
1841	15
1842	15
1843	15
1844	15
1845	15
1846	16
1847	16
1848	16
1849	16
1850	16
1851	16
1852	16
1853	16
1854	16
1855	15
1856	15
1857	15
1858	15
1859	16
1860	17
1861	17
1862	17
1863	17
1864	17
1865	15
1866	15
1867	15
1868	15
1869	15
1870	15
1871	15
1872	16
1873	16
1874	16
1875	16
1876	17
1877	17
1878	17
1879	17
1880	17
1881	17
1882	17
1883	17
1884	17
1885	17
1886	17
1887	17
1888	17
1889	17
1890	17
1891	18
1892	18
1893	18
1894	18
1895	18
1896	18
1897	18
1898	18
1899	18
1900	18
1901	18
1902	18
1903	18
1904	18
1905	18
1906	19
1907	19
1908	19
1909	19
1910	19
1911	20
1912	20
1913	21
1914	21
1915	21
1916	21
1917	21
1918	21
1919	22
1920	21
1921	21
1922	21
1923	21
1924	21
1925	21
1926	21
1927	22
1928	22
1929	22
1930	22
1931	22
1932	22
1933	23
1934	24
1935	24
1936	25
1937	25
1938	25
1939	25
1940	25
1941	25
1942	25
1943	25
1944	25
1945	27
1946	27
1947	27
1948	27
1949	26
1950	26
1951	26
1952	26
1953	26
1954	26
1955	26
1956	27
1957	27
1958	27
1959	26
1960	26
1961	26
1962	26
1963	25
1964	25
1965	25
1966	25
1967	25
1968	25
1969	24
1970	24
1971	24
1972	24
1973	24
1974	24
1975	24
1976	24
1977	24
1978	24
1979	24
1980	25
1981	25
1982	25
1983	24
1984	24
1985	24
1986	24
1987	24
1988	24
1989	24
1990	24
1991	24
1992	24
1993	24
1994	24
1995	25
1996	26
1997	26
1998	26
1999	27
2000	28
2001	28
2002	29
2003	29
2004	29
2005	29
2006	29
2007	30
2008	30
2009	30
2010	30
2011	32
2012	32
2013	31
2014	31
2015	31
2016	31
2017	31
2018	31
2019	32
2020	32
2021	32
2022	32
2023	32
2024	32
2025	32
2026	33
2027	33
2028	33
2029	33
2030	33
2031	33
2032	33
2033	33
2034	33
2035	32
2036	31
2037	31
2038	31
2039	31
2040	31
2041	31
2042	31
2043	29
2044	29
2045	31
2046	31
2047	31
2048	31
2049	31
2050	31
2051	31
2052	31
2053	31
2054	30
2055	30
2056	31
2057	31
2058	31
2059	31
2060	31
2061	31
2062	31
2063	31
2064	31
2065	31
2066	31
2067	31
2068	31
2069	31
2070	31
2071	31
2072	31
2073	31
2074	31
2075	31
2076	31
2077	32
2078	32
2079	32
2080	32
2081	32
2082	32
2083	31
2084	31
2085	31
2086	31
2087	31
2088	32
2089	32
2090	32
2091	32
2092	32
2093	32
2094	32
2095	32
2096	32
2097	32
2098	32
2099	32
2100	32
2101	32
2102	32
2103	32
2104	32
2105	32
2106	31
2107	32
2108	32
2109	32
2110	32
2111	32
2112	32
2113	32
2114	32
2115	32
2116	32
2117	32
2118	32
2119	32
2120	32
2121	33
2122	34
2123	34
2124	34
2125	34
2126	34
2127	33
2128	33
2129	33
2130	33
2131	32
2132	32
2133	32
2134	31
2135	31
2136	31
2137	31
2138	31
2139	31
2140	31
2141	31
2142	31
2143	31
2144	31
2145	31
2146	30
2147	30
2148	30
2149	30
2150	31
2151	31
2152	31
2153	31
2154	31
2155	31
2156	31
2157	30
2158	29
2159	29
2160	28
2161	28
2162	28
2163	28
2164	28
2165	28
2166	28
2167	28
2168	28
2169	28
2170	28
2171	28
2172	28
2173	28
2174	28
2175	28
2176	28
2177	27
2178	27
2179	27
2180	26
2181	26
2182	25
2183	25
2184	25
2185	25
2186	25
2187	25
2188	25
2189	26
2190	26
2191	26
2192	25
2193	25
2194	25
2195	25
2196	25
2197	25
2198	25
2199	25
2200	25
2201	25
2202	25
2203	25
2204	25
2205	25
2206	24
2207	24
2208	24
2209	24
2210	24
2211	24
2212	24
2213	24
2214	25
2215	25
2216	24
2217	24
2218	23
2219	23
2220	24
2221	25
2222	25
2223	25
2224	25
2225	25
2226	24
2227	24
2228	24
2229	23
2230	23
2231	25
2232	25
2233	24
2234	24
2235	24
2236	24
2237	24
2238	24
2239	23
2240	23
2241	24
2242	24
2243	25
2244	25
2245	25
2246	25
2247	26
2248	26
2249	26
2250	26
2251	26
2252	26
2253	27
2254	27
2255	27
2256	28
2257	28
2258	28
2259	28
2260	28
2261	27
2262	26
2263	26
2264	25
2265	24
2266	24
2267	24
2268	24
2269	24
2270	24
2271	25
2272	25
2273	25
2274	25
2275	25
2276	25
2277	25
2278	26
2279	26
2280	26
2281	26
2282	26
2283	26
2284	27
2285	27
2286	27
2287	27
2288	27
2289	26
2290	26
2291	27
2292	28
2293	28
2294	28
2295	28
2296	28
2297	28
2298	28
2299	29
2300	29
2301	28
2302	28
2303	28
2304	28
2305	27
2306	26
2307	26
2308	26
2309	26
2310	26
2311	26
2312	25
2313	25
2314	25
2315	26
2316	25
2317	25
2318	25
2319	25
2320	25
2321	25
2322	25
2323	25
2324	26
2325	26
2326	26
2327	26
2328	26
2329	26
2330	26
2331	25
2332	25
2333	25
2334	25
2335	25
2336	25
2337	25
2338	25
2339	25
2340	25
2341	26
2342	26
2343	26
2344	27
2345	28
2346	28
2347	28
2348	28
2349	27
2350	27
2351	27
2352	27
2353	27
2354	28
2355	28
2356	28
2357	27
2358	27
2359	27
2360	27
2361	27
2362	27
2363	27
2364	28
2365	28
2366	28
2367	28
2368	28
2369	28
2370	28
2371	28
2372	29
2373	29
2374	29
2375	29
2376	29
2377	29
2378	29
2379	29
2380	29
2381	29
2382	29
2383	29
2384	29
2385	29
2386	29
2387	29
2388	29
2389	29
2390	29
2391	28
2392	29
2393	29
2394	29
2395	29
2396	29
2397	28
2398	28
2399	29
2400	29
2401	29
2402	30
2403	30
2404	30
2405	30
2406	29
2407	29
2408	28
2409	28
2410	27
2411	27
2412	29
2413	29
2414	29
2415	29
2416	29
2417	29
2418	29
2419	29
2420	30
2421	30
2422	29
2423	28
2424	28
2425	28
2426	27
2427	26
2428	26
2429	26
2430	26
2431	27
2432	27
2433	27
2434	27
2435	27
2436	27
2437	27
2438	27
2439	27
2440	27
2441	27
2442	27
2443	28
2444	29
2445	29
2446	29
2447	29
2448	29
2449	29
2450	29
2451	29
2452	29
2453	28
2454	28
2455	28
2456	28
2457	29
2458	29
2459	29
2460	29
2461	29
2462	31
2463	31
2464	31
2465	31
2466	31
2467	31
2468	31
2469	31
2470	31
2471	31
2472	31
2473	31
2474	31
2475	31
2476	31
2477	31
2478	31
2479	31
2480	31
2481	31
2482	31
2483	31
2484	31
2485	32
2486	32
2487	32
2488	33
2489	34
2490	35
2491	35
2492	35
2493	35
2494	35
2495	36
2496	36
2497	36
2498	36
2499	36
2500	36
2501	36
2502	36
2503	36
2504	36
2505	36
2506	37
2507	37
2508	37
2509	37
2510	37
2511	37
2512	37
2513	37
2514	36
2515	37
2516	37
2517	37
2518	37
2519	37
2520	37
2521	38
2522	38
2523	38
2524	38
2525	38
2526	39
2527	39
2528	39
2529	39
2530	39
2531	40
2532	40
2533	40
2534	42
2535	42
2536	42
2537	42
2538	43
2539	43
2540	43
2541	43
2542	43
2543	43
2544	42
2545	42
2546	42
2547	43
2548	43
2549	43
2550	43
2551	43
2552	43
2553	43
2554	44
2555	44
2556	44
2557	44
2558	44
2559	44
2560	44
2561	44
2562	43
2563	43
2564	43
2565	43
2566	43
2567	43
2568	43
2569	42
2570	42
2571	42
2572	41
2573	42
2574	42
2575	42
2576	42
2577	41
2578	41
2579	41
2580	41
2581	40
2582	40
2583	40
2584	39
2585	39
2586	39
2587	39
2588	39
2589	39
2590	39
2591	39
2592	39
2593	39
2594	38
2595	38
2596	37
2597	36
2598	36
2599	36
2600	35
2601	35
2602	34
2603	34
2604	34
2605	34
2606	34
2607	34
2608	34
2609	34
2610	34
2611	34
2612	34
2613	34
2614	34
2615	34
2616	35
2617	35
2618	35
2619	35
2620	33
2621	33
2622	33
2623	33
2624	33
2625	32
2626	32
2627	31
2628	31
2629	31
2630	31
2631	31
2632	30
2633	30
2634	30
2635	30
2636	30
2637	29
2638	29
2639	30
2640	31
2641	33
2642	33
2643	33
2644	33
2645	33
2646	34
2647	34
2648	34
2649	34
2650	34
2651	34
2652	34
2653	35
2654	35
2655	35
2656	36
2657	36
2658	35
2659	35
2660	36
2661	35
2662	35
2663	35
2664	35
2665	34
2666	34
2667	32
2668	32
2669	32
2670	32
2671	32
2672	32
2673	32
2674	31
2675	31
2676	31
2677	31
2678	31
2679	31
2680	31
2681	31
2682	31
2683	31
2684	30
2685	30
2686	30
2687	30
2688	29
2689	29
2690	29
2691	29
2692	30
2693	30
2694	30
2695	30
2696	30
2697	30
2698	30
2699	30
2700	30
2701	30
2702	30
2703	30
2704	30
2705	30
2706	30
2707	29
2708	29
2709	29
2710	29
2711	29
2712	30
2713	30
2714	30
2715	30
2716	30
2717	30
2718	31
2719	30
2720	30
2721	30
2722	30
2723	29
2724	29
2725	29
2726	29
2727	29
2728	29
2729	29
2730	29
2731	29
2732	29
2733	30
2734	30
2735	30
2736	30
2737	30
2738	30
2739	30
2740	30
2741	30
2742	30
2743	30
2744	30
2745	30
2746	29
2747	30
2748	30
2749	31
2750	31
2751	32
2752	32
2753	32
2754	32
2755	32
2756	32
2757	32
2758	32
2759	32
2760	33
2761	33
2762	33
2763	33
2764	33
2765	33
2766	33
2767	33
2768	33
2769	33
2770	33
2771	33
2772	33
2773	33
2774	33
2775	33
2776	33
2777	33
2778	33
2779	33
2780	33
2781	33
2782	33
2783	33
2784	33
2785	33
2786	33
2787	33
2788	33
2789	33
2790	33
2791	32
2792	32
2793	32
2794	31
2795	31
2796	30
2797	30
2798	30
2799	30
2800	28
2801	28
2802	28
2803	28
2804	28
2805	28
2806	28
2807	28
2808	27
2809	26
2810	24
2811	24
2812	24
2813	24
2814	23
2815	23
2816	22
2817	22
2818	22
2819	22
2820	22
2821	22
2822	22
2823	22
2824	22
2825	22
2826	22
2827	21
2828	21
2829	21
2830	21
2831	22
2832	22
2833	22
2834	22
2835	22
2836	22
2837	22
2838	22
2839	22
2840	22
2841	22
2842	22
2843	22
2844	22
2845	22
2846	21
2847	21
2848	21
2849	21
2850	21
2851	21
2852	21
2853	21
2854	22
2855	22
2856	22
2857	22
2858	22
2859	21
2860	21
2861	21
2862	21
2863	21
2864	21
2865	21
2866	21
2867	21
2868	21
2869	21
2870	21
2871	21
2872	20
2873	20
2874	20
2875	20
2876	20
2877	20
2878	20
2879	20
2880	20
2881	20
2882	20
2883	20
2884	20
2885	20
2886	20
2887	20
2888	20
2889	20
2890	20
2891	20
2892	21
2893	21
2894	21
2895	21
2896	21
2897	22
2898	23
2899	23
2900	22
2901	21
2902	21
2903	21
2904	21
2905	21
2906	21
2907	21
2908	21
2909	21
2910	22
2911	22
2912	22
2913	22
2914	21
2915	21
2916	19
2917	19
2918	18
2919	18
2920	18
2921	18
2922	18
2923	18
2924	18
2925	18
2926	19
2927	19
2928	19
2929	19
2930	19
2931	19
2932	19
2933	19
2934	19
2935	19
2936	19
2937	19
2938	19
2939	20
2940	20
2941	20
2942	21
2943	21
2944	20
2945	20
2946	20
2947	20
2948	20
2949	20
2950	21
2951	21
2952	21
2953	21
2954	21
2955	20
2956	20
2957	20
2958	20
2959	20
2960	20
2961	20
2962	20
2963	20
2964	20
2965	20
2966	20
2967	20
2968	20
2969	20
2970	20
2971	20
2972	20
2973	20
2974	20
2975	20
2976	20
2977	21
2978	21
2979	22
2980	21
2981	21
2982	21
2983	21
2984	21
2985	21
2986	21
2987	22
2988	22
2989	22
2990	22
2991	22
2992	22
2993	23
2994	23
2995	23
2996	23
2997	23
2998	23
2999	23
3000	23
3001	23
3002	23
3003	23
3004	23
3005	23
3006	23
3007	23
3008	23
3009	23
3010	23
3011	23
3012	24
3013	24
3014	24
3015	23
3016	23
3017	24
3018	24
3019	26
3020	26
3021	26
3022	27
3023	27
3024	27
3025	27
3026	28
3027	28
3028	28
3029	28
3030	28
3031	28
3032	27
3033	28
3034	28
3035	28
3036	27
3037	27
3038	26
3039	26
3040	26
3041	26
3042	26
3043	25
3044	25
3045	25
3046	25
3047	25
3048	25
3049	26
3050	26
3051	26
3052	26
3053	26
3054	26
3055	26
3056	26
3057	26
3058	27
3059	27
3060	28
3061	28
3062	28
3063	29
3064	29
3065	29
3066	29
3067	29
3068	29
3069	29
3070	29
3071	29
3072	29
3073	30
3074	30
3075	28
3076	27
3077	27
3078	27
3079	28
3080	28
3081	28
3082	28
3083	28
3084	27
3085	28
3086	28
3087	28
3088	28
3089	28
3090	28
3091	28
3092	28
3093	28
3094	28
3095	28
3096	28
3097	28
3098	28
3099	28
3100	28
3101	28
3102	28
3103	28
3104	28
3105	28
3106	28
3107	28
3108	28
3109	28
3110	29
3111	29
3112	29
3113	29
3114	29
3115	29
3116	28
3117	28
3118	27
3119	27
3120	27
3121	28
3122	29
3123	28
3124	28
3125	27
3126	27
3127	27
3128	27
3129	27
3130	27
3131	27
3132	27
3133	27
3134	27
3135	27
3136	27
3137	27
3138	27
3139	27
3140	27
3141	27
3142	27
3143	26
3144	26
3145	26
3146	26
3147	26
3148	27
3149	27
3150	27
3151	28
3152	28
3153	27
3154	28
3155	29
3156	29
3157	30
3158	30
3159	30
3160	30
3161	30
3162	30
3163	30
3164	30
3165	30
3166	31
3167	31
3168	31
3169	31
3170	31
3171	31
3172	32
3173	33
3174	33
3175	33
3176	33
3177	33
3178	33
3179	33
3180	33
3181	33
3182	33
3183	34
3184	34
3185	34
3186	34
3187	34
3188	34
3189	34
3190	34
3191	34
3192	34
3193	34
3194	34
3195	34
3196	34
3197	34
3198	34
3199	34
3200	34
3201	34
3202	34
3203	35
3204	35
3205	34
3206	34
3207	33
3208	33
3209	33
3210	32
3211	32
3212	32
3213	32
3214	31
3215	31
3216	31
3217	31
3218	30
3219	31
3220	32
3221	32
3222	32
3223	32
3224	32
3225	31
3226	31
3227	31
3228	31
3229	30
3230	29
3231	29
3232	29
3233	29
3234	29
3235	29
3236	28
3237	28
3238	28
3239	28
3240	28
3241	28
3242	28
3243	28
3244	28
3245	29
3246	29
3247	29
3248	30
3249	29
3250	29
3251	29
3252	28
3253	28
3254	27
3255	27
3256	27
3257	27
3258	27
3259	27
3260	28
3261	28
3262	28
3263	28
3264	28
3265	28
3266	28
3267	28
3268	28
3269	28
3270	28
3271	28
3272	28
3273	28
3274	28
3275	28
3276	29
3277	29
3278	29
3279	29
3280	29
3281	29
3282	30
3283	29
3284	29
3285	29
3286	29
3287	29
3288	29
3289	29
3290	29
3291	29
3292	29
3293	29
3294	29
3295	29
3296	29
3297	29
3298	29
3299	27
3300	27
3301	27
3302	27
3303	26
3304	27
3305	27
3306	27
3307	28
3308	28
3309	29
3310	29
3311	29
3312	27
3313	27
3314	27
3315	27
3316	27
3317	27
3318	28
3319	28
3320	28
3321	28
3322	28
3323	28
3324	28
3325	28
3326	28
3327	28
3328	28
3329	28
3330	28
3331	29
3332	29
3333	29
3334	31
3335	31
3336	31
3337	31
3338	31
3339	31
3340	31
3341	30
3342	30
3343	30
3344	30
3345	30
3346	30
3347	29
3348	30
3349	30
3350	31
3351	31
3352	31
3353	31
3354	29
3355	29
3356	29
3357	30
3358	30
3359	30
3360	30
3361	30
3362	31
3363	31
3364	31
3365	31
3366	31
3367	31
3368	31
3369	31
3370	31
3371	31
3372	31
3373	31
3374	31
3375	31
3376	31
3377	31
3378	31
3379	31
3380	31
3381	31
3382	31
3383	31
3384	31
3385	32
3386	32
3387	33
3388	32
3389	32
3390	32
3391	32
3392	32
3393	32
3394	33
3395	33
3396	33
3397	33
3398	34
3399	34
3400	34
3401	34
3402	34
3403	34
3404	34
3405	34
3406	34
3407	34
3408	34
3409	34
3410	34
3411	34
3412	34
3413	34
3414	35
3415	35
3416	35
3417	35
3418	35
3419	35
3420	35
3421	36
3422	36
3423	36
3424	37
3425	38
3426	39
3427	39
3428	39
3429	39
3430	38
3431	38
3432	36
3433	37
3434	37
3435	36
3436	35
3437	34
3438	34
3439	34
3440	34
3441	34
3442	34
3443	34
3444	34
3445	34
3446	34
3447	34
3448	34
3449	34
3450	34
3451	34
3452	34
3453	34
3454	33
3455	33
3456	33
3457	33
3458	33
3459	33
3460	33
3461	33
3462	32
3463	32
3464	31
3465	31
3466	32
3467	32
3468	32
3469	33
3470	34
3471	33
3472	33
3473	32
3474	33
3475	32
3476	31
3477	30
3478	30
3479	30
3480	30
3481	30
3482	29
3483	29
3484	29
3485	29
3486	28
3487	28
3488	28
3489	28
3490	28
3491	27
3492	27
3493	27
3494	27
3495	27
3496	28
3497	28
3498	29
3499	29
3500	29
3501	29
3502	29
3503	29
3504	28
3505	28
3506	29
3507	29
3508	29
3509	29
3510	29
3511	27
3512	27
3513	27
3514	28
3515	28
3516	28
3517	28
3518	28
3519	29
3520	29
3521	29
3522	29
3523	29
3524	29
3525	29
3526	29
3527	28
3528	28
3529	29
3530	29
3531	29
3532	29
3533	29
3534	28
3535	28
3536	28
3537	28
3538	28
3539	28
3540	28
3541	28
3542	28
3543	28
3544	28
3545	28
3546	28
3547	28
3548	28
3549	28
3550	28
3551	28
3552	28
3553	27
3554	27
3555	27
3556	27
3557	26
3558	27
3559	27
3560	27
3561	27
3562	26
3563	26
3564	26
3565	26
3566	26
3567	26
3568	26
3569	26
3570	26
3571	26
3572	26
3573	26
3574	27
3575	29
3576	29
3577	29
3578	28
3579	29
3580	29
3581	28
3582	28
3583	28
3584	28
3585	27
3586	27
3587	27
3588	27
3589	28
3590	27
3591	27
3592	27
3593	27
3594	27
3595	27
3596	27
3597	27
3598	26
3599	26
3600	27
3601	26
3602	26
3603	26
3604	26
3605	26
3606	26
3607	26
3608	26
3609	26
3610	26
3611	26
3612	26
3613	26
3614	26
3615	25
3616	25
3617	25
3618	25
3619	25
3620	25
3621	25
3622	24
3623	24
3624	24
3625	24
3626	24
3627	24
3628	24
3629	24
3630	24
3631	24
3632	24
3633	24
3634	24
3635	25
3636	24
3637	24
3638	24
3639	24
3640	24
3641	24
3642	24
3643	24
3644	24
3645	24
3646	24
3647	24
3648	24
3649	25
3650	25
3651	25
3652	26
3653	26
3654	26
3655	26
3656	25
3657	24
3658	24
3659	24
3660	26
3661	26
3662	26
3663	26
3664	26
3665	27
3666	28
3667	28
3668	27
3669	27
3670	28
3671	28
3672	29
3673	29
3674	28
3675	28
3676	28
3677	28
3678	28
3679	27
3680	27
3681	27
3682	27
3683	27
3684	27
3685	27
3686	26
3687	26
3688	26
3689	26
3690	26
3691	26
3692	26
3693	27
3694	27
3695	27
3696	27
3697	28
3698	27
3699	27
3700	27
3701	26
3702	26
3703	25
3704	25
3705	24
3706	24
3707	24
3708	24
3709	24
3710	23
3711	23
3712	23
3713	23
3714	23
3715	23
3716	23
3717	23
3718	22
3719	23
3720	22
3721	22
3722	22
3723	22
3724	22
3725	23
3726	22
3727	22
3728	22
3729	22
3730	22
3731	22
3732	22
3733	22
3734	22
3735	22
3736	24
3737	24
3738	24
3739	24
3740	24
3741	24
3742	25
3743	24
3744	24
3745	23
3746	25
3747	25
3748	25
3749	25
3750	25
3751	25
3752	25
3753	25
3754	25
3755	25
3756	25
3757	25
3758	25
3759	25
3760	25
3761	24
3762	24
3763	24
3764	24
3765	25
3766	26
3767	27
3768	27
3769	27
3770	27
3771	27
3772	27
3773	27
3774	28
3775	28
3776	28
3777	28
3778	28
3779	28
3780	28
3781	28
3782	28
3783	28
3784	28
3785	28
3786	27
3787	26
3788	26
3789	26
3790	26
3791	26
3792	26
3793	26
3794	27
3795	28
3796	28
3797	28
3798	27
3799	27
3800	27
3801	27
3802	27
3803	27
3804	27
3805	27
3806	26
3807	26
3808	26
3809	26
3810	26
3811	26
3812	26
3813	26
3814	26
3815	26
3816	25
3817	25
3818	25
3819	25
3820	25
3821	25
3822	25
3823	25
3824	26
3825	26
3826	26
3827	26
3828	26
3829	26
3830	26
3831	26
3832	26
3833	26
3834	26
3835	26
3836	26
3837	25
3838	25
3839	24
3840	24
3841	24
3842	24
3843	24
3844	24
3845	24
3846	24
3847	24
3848	24
3849	24
3850	24
3851	24
3852	24
3853	24
3854	25
3855	25
3856	25
3857	25
3858	25
3859	25
3860	25
3861	25
3862	25
3863	25
3864	25
3865	24
3866	24
3867	24
3868	24
3869	24
3870	24
3871	24
3872	23
3873	23
3874	23
3875	23
3876	24
3877	24
3878	24
3879	24
3880	24
3881	25
3882	25
3883	25
3884	25
3885	25
3886	25
3887	26
3888	26
3889	26
3890	26
3891	26
3892	26
3893	26
3894	26
3895	25
3896	24
3897	24
3898	24
3899	24
3900	24
3901	24
3902	24
3903	24
3904	25
3905	25
3906	25
3907	25
3908	25
3909	25
3910	26
3911	26
3912	26
3913	26
3914	27
3915	27
3916	27
3917	27
3918	27
3919	27
3920	27
3921	27
3922	27
3923	27
3924	28
3925	29
3926	29
3927	28
3928	28
3929	27
3930	28
3931	28
3932	28
3933	28
3934	27
3935	28
3936	28
3937	28
3938	29
3939	29
3940	29
3941	29
3942	29
3943	29
3944	29
3945	29
3946	29
3947	29
3948	29
3949	29
3950	29
3951	29
3952	29
3953	29
3954	29
3955	30
3956	30
3957	30
3958	30
3959	30
3960	30
3961	29
3962	30
3963	30
3964	31
3965	31
3966	32
3967	32
3968	32
3969	32
3970	31
3971	31
3972	31
3973	31
3974	32
3975	32
3976	32
3977	32
3978	32
3979	32
3980	32
3981	32
3982	31
3983	31
3984	31
3985	31
3986	32
3987	32
3988	32
3989	32
3990	32
3991	32
3992	31
3993	30
3994	29
3995	29
3996	28
3997	28
3998	29
3999	30
4000	30
4001	30
4002	31
4003	30
4004	30
4005	30
4006	31
4007	32
4008	33
4009	33
4010	33
4011	33
4012	33
4013	33
4014	33
4015	33
4016	33
4017	33
4018	33
4019	33
4020	32
4021	32
4022	32
4023	33
4024	33
4025	32
4026	31
4027	30
4028	30
4029	30
4030	30
4031	31
4032	30
4033	30
4034	30
4035	30
4036	30
4037	30
4038	30
4039	30
4040	29
4041	29
4042	29
4043	30
4044	30
4045	30
4046	30
4047	30
4048	30
4049	30
4050	30
4051	31
4052	31
4053	31
4054	31
4055	31
4056	31
4057	31
4058	30
4059	30
4060	30
4061	28
4062	28
4063	28
4064	28
4065	28
4066	28
4067	28
4068	29
4069	29
4070	30
4071	30
4072	30
4073	29
4074	30
4075	31
4076	30
4077	30
4078	30
4079	30
4080	29
4081	29
4082	29
4083	29
4084	29
4085	30
4086	31
4087	31
4088	31
4089	31
4090	31
4091	31
4092	32
4093	32
4094	32
4095	32
4096	32
4097	32
4098	32
4099	32
4100	32
4101	32
4102	32
4103	32
4104	32
4105	32
4106	31
4107	30
4108	31
4109	32
4110	33
4111	33
4112	33
4113	32
4114	32
4115	32
4116	32
4117	32
4118	32
4119	32
4120	32
4121	32
4122	32
4123	32
4124	32
4125	32
4126	32
4127	32
4128	32
4129	31
4130	31
4131	31
4132	31
4133	31
4134	31
4135	31
4136	31
4137	30
4138	30
4139	30
4140	30
4141	30
4142	30
4143	30
4144	30
4145	31
4146	31
4147	30
4148	30
4149	30
4150	30
4151	30
4152	30
4153	30
4154	30
4155	30
4156	30
4157	30
4158	30
4159	31
4160	31
4161	31
4162	31
4163	31
4164	31
4165	31
4166	31
4167	32
4168	32
4169	32
4170	32
4171	33
4172	34
4173	34
4174	34
4175	34
4176	34
4177	35
4178	34
4179	34
4180	34
4181	34
4182	34
4183	34
4184	34
4185	33
4186	33
4187	33
4188	33
4189	32
4190	31
4191	30
4192	31
4193	31
4194	30
4195	30
4196	30
4197	31
4198	32
4199	32
4200	32
4201	31
4202	31
4203	32
4204	32
4205	32
4206	32
4207	32
4208	32
4209	32
4210	33
4211	33
4212	33
4213	32
4214	33
4215	33
4216	33
4217	33
4218	34
4219	34
4220	33
4221	32
4222	31
4223	30
4224	31
4225	31
4226	31
4227	31
4228	31
4229	31
4230	31
4231	32
4232	32
4233	32
4234	32
4235	32
4236	32
4237	32
4238	32
4239	32
4240	31
4241	33
4242	34
4243	35
4244	35
4245	35
4246	35
4247	35
4248	35
4249	35
4250	35
4251	35
4252	35
4253	35
4254	35
4255	35
4256	35
4257	35
4258	35
4259	35
4260	35
4261	35
4262	35
4263	35
4264	35
4265	35
4266	35
4267	36
4268	37
4269	37
4270	37
4271	37
4272	37
4273	37
4274	37
4275	36
4276	38
4277	38
4278	37
4279	37
4280	37
4281	37
4282	37
4283	37
4284	37
4285	37
4286	37
4287	36
4288	36
4289	36
4290	34
4291	34
4292	34
4293	35
4294	35
4295	35
4296	35
4297	35
4298	35
4299	35
4300	35
4301	35
4302	35
4303	35
4304	35
4305	35
4306	35
4307	34
4308	34
4309	33
4310	33
4311	33
4312	33
4313	33
4314	33
4315	33
4316	33
4317	33
4318	33
4319	34
4320	34
4321	33
4322	33
4323	33
4324	33
4325	33
4326	34
4327	34
4328	34
4329	35
4330	34
4331	33
4332	33
4333	34
4334	34
4335	34
4336	33
4337	33
4338	33
4339	33
4340	33
4341	33
4342	33
4343	33
4344	33
4345	33
4346	33
4347	33
4348	34
4349	34
4350	34
4351	34
4352	34
4353	34
4354	34
4355	34
4356	34
4357	34
4358	33
4359	33
4360	33
4361	34
4362	34
4363	34
4364	34
4365	34
4366	34
4367	34
4368	34
4369	34
4370	34
4371	34
4372	33
4373	33
4374	34
4375	34
4376	34
4377	33
4378	32
4379	31
4380	31
4381	31
4382	31
4383	31
4384	31
4385	31
4386	31
4387	31
4388	31
4389	30
4390	30
4391	30
4392	30
4393	30
4394	30
4395	30
4396	31
4397	31
4398	31
4399	31
4400	29
4401	29
4402	28
4403	28
4404	29
4405	29
4406	29
4407	29
4408	29
4409	29
4410	29
4411	29
4412	31
4413	31
4414	31
4415	31
4416	31
4417	31
4418	30
4419	30
4420	29
4421	29
4422	30
4423	30
4424	30
4425	30
4426	29
4427	29
4428	29
4429	28
4430	28
4431	27
4432	27
4433	27
4434	27
4435	28
4436	26
4437	26
4438	26
4439	26
4440	26
4441	26
4442	25
4443	25
4444	24
4445	25
4446	25
4447	25
4448	25
4449	25
4450	26
4451	26
4452	26
4453	27
4454	27
4455	27
4456	27
4457	27
4458	27
4459	27
4460	27
4461	28
4462	28
4463	28
4464	28
4465	29
4466	29
4467	28
4468	26
4469	26
4470	26
4471	26
4472	25
4473	25
4474	25
4475	25
4476	27
4477	27
4478	27
4479	27
4480	26
4481	26
4482	26
4483	26
4484	26
4485	26
4486	26
4487	26
4488	26
4489	26
4490	26
4491	26
4492	26
4493	26
4494	27
4495	27
4496	28
4497	28
4498	28
4499	28
4500	28
4501	28
4502	28
4503	28
4504	28
4505	29
4506	29
4507	29
4508	29
4509	29
4510	29
4511	29
4512	29
4513	29
4514	29
4515	28
4516	29
4517	29
4518	29
4519	30
4520	30
4521	30
4522	30
4523	30
4524	32
4525	33
4526	33
4527	33
4528	33
4529	33
4530	34
4531	34
4532	34
4533	34
4534	34
4535	34
4536	34
4537	34
4538	34
4539	34
4540	34
4541	34
4542	34
4543	34
4544	34
4545	34
4546	34
4547	34
4548	35
4549	35
4550	35
4551	35
4552	34
4553	34
4554	34
4555	34
4556	32
4557	31
4558	31
4559	31
4560	31
4561	32
4562	32
4563	32
4564	32
4565	32
4566	32
4567	32
4568	32
4569	33
4570	33
4571	32
4572	32
4573	32
4574	31
4575	31
4576	30
4577	30
4578	30
4579	29
4580	29
4581	30
4582	29
4583	30
4584	30
4585	30
4586	30
4587	31
4588	31
4589	31
4590	31
4591	31
4592	31
4593	31
4594	30
4595	30
4596	30
4597	30
4598	30
4599	30
4600	31
4601	31
4602	31
4603	31
4604	31
4605	31
4606	31
4607	31
4608	31
4609	30
4610	30
4611	31
4612	30
4613	30
4614	30
4615	30
4616	30
4617	30
4618	30
4619	30
4620	30
4621	30
4622	30
4623	30
4624	30
4625	29
4626	29
4627	28
4628	28
4629	28
4630	28
4631	28
4632	28
4633	28
4634	27
4635	26
4636	26
4637	26
4638	26
4639	26
4640	26
4641	25
4642	25
4643	25
4644	25
4645	24
4646	24
4647	24
4648	25
4649	25
4650	25
4651	25
4652	25
4653	25
4654	26
4655	26
4656	26
4657	26
4658	24
4659	25
4660	26
4661	26
4662	27
4663	28
4664	29
4665	29
4666	29
4667	29
4668	28
4669	28
4670	28
4671	28
4672	28
4673	28
4674	28
4675	28
4676	28
4677	28
4678	27
4679	27
4680	26
4681	26
4682	26
4683	26
4684	26
4685	26
4686	26
4687	26
4688	26
4689	26
4690	26
4691	26
4692	26
4693	26
4694	26
4695	26
4696	25
4697	26
4698	26
4699	26
4700	26
4701	26
4702	26
4703	26
4704	26
4705	27
4706	26
4707	26
4708	26
4709	26
4710	26
4711	26
4712	26
4713	26
4714	26
4715	26
4716	26
4717	26
4718	27
4719	27
4720	27
4721	27
4722	27
4723	28
4724	28
4725	28
4726	28
4727	28
4728	28
4729	28
4730	28
4731	28
4732	28
4733	28
4734	28
4735	27
4736	27
4737	27
4738	27
4739	27
4740	27
4741	27
4742	27
4743	27
4744	27
4745	28
4746	28
4747	28
4748	28
4749	28
4750	28
4751	28
4752	28
4753	28
4754	28
4755	28
4756	28
4757	28
4758	28
4759	28
4760	28
4761	28
4762	28
4763	28
4764	28
4765	28
4766	28
4767	28
4768	28
4769	28
4770	29
4771	29
4772	29
4773	29
4774	29
4775	30
4776	30
4777	31
4778	30
4779	29
4780	29
4781	29
4782	29
4783	28
4784	28
4785	28
4786	28
4787	28
4788	28
4789	28
4790	28
4791	28
4792	28
4793	28
4794	28
4795	28
4796	28
4797	28
4798	28
4799	29
4800	28
4801	28
4802	28
4803	28
4804	30
4805	30
4806	30
4807	30
4808	30
4809	29
4810	29
4811	29
4812	28
4813	28
4814	28
4815	28
4816	29
4817	29
4818	30
4819	30
4820	29
4821	29
4822	30
4823	30
4824	31
4825	31
4826	30
4827	31
4828	29
4829	29
4830	29
4831	29
4832	29
4833	29
4834	29
4835	29
4836	29
4837	29
4838	29
4839	29
4840	29
4841	29
4842	29
4843	30
4844	30
4845	30
4846	30
4847	30
4848	30
4849	29
4850	29
4851	30
4852	30
4853	30
4854	30
4855	30
4856	31
4857	31
4858	31
4859	31
4860	31
4861	30
4862	30
4863	30
4864	30
4865	30
4866	30
4867	30
4868	30
4869	30
4870	30
4871	30
4872	30
4873	31
4874	31
4875	31
4876	31
4877	32
4878	32
4879	32
4880	32
4881	32
4882	32
4883	32
4884	32
4885	31
4886	31
4887	31
4888	32
4889	32
4890	32
4891	32
4892	33
4893	33
4894	33
4895	33
4896	33
4897	33
4898	33
4899	34
4900	34
4901	34
4902	34
4903	34
4904	34
4905	33
4906	33
4907	33
4908	33
4909	33
4910	33
4911	33
4912	33
4913	34
4914	34
4915	32
4916	32
4917	33
4918	33
4919	33
4920	33
4921	33
4922	32
4923	32
4924	32
4925	32
4926	32
4927	32
4928	31
4929	31
4930	32
4931	32
4932	32
4933	32
4934	32
4935	32
4936	32
4937	32
4938	32
4939	32
4940	32
4941	32
4942	33
4943	34
4944	34
4945	34
4946	34
4947	35
4948	35
4949	34
4950	34
4951	34
4952	34
4953	34
4954	34
4955	34
4956	34
4957	34
4958	34
4959	34
4960	34
4961	34
4962	35
4963	35
4964	34
4965	34
4966	34
4967	33
4968	32
4969	32
4970	32
4971	32
4972	32
4973	31
4974	29
4975	28
4976	28
4977	28
4978	28
4979	28
4980	28
4981	28
4982	28
4983	28
4984	28
4985	28
4986	27
4987	27
4988	27
4989	27
4990	27
4991	27
4992	27
4993	27
4994	28
4995	29
4996	29
4997	29
4998	29
4999	29
5000	29
5001	29
5002	29
5003	29
5004	30
5005	30
5006	30
5007	29
5008	29
5009	29
5010	30
5011	30
5012	30
5013	30
5014	31
5015	31
5016	30
5017	30
5018	30
5019	29
5020	29
5021	29
5022	29
5023	29
5024	29
5025	29
5026	30
5027	30
5028	30
5029	30
5030	31
5031	32
5032	32
5033	32
5034	32
5035	32
5036	32
5037	32
5038	33
5039	33
5040	33
5041	34
5042	35
5043	35
5044	34
5045	34
5046	34
5047	34
5048	35
5049	35
5050	34
5051	33
5052	33
5053	33
5054	34
5055	34
5056	34
5057	34
5058	34
5059	35
5060	34
5061	34
5062	34
5063	34
5064	34
5065	34
5066	34
5067	34
5068	33
5069	33
5070	33
5071	32
5072	31
5073	31
5074	31
5075	31
5076	31
5077	31
5078	31
5079	32
5080	32
5081	31
5082	31
5083	32
5084	32
5085	32
5086	32
5087	32
5088	32
5089	32
5090	32
5091	32
5092	31
5093	31
5094	31
5095	30
5096	29
5097	29
5098	29
5099	30
5100	30
5101	30
5102	30
5103	30
5104	31
5105	31
5106	31
5107	31
5108	31
5109	31
5110	31
5111	32
5112	32
5113	32
5114	32
5115	32
5116	31
5117	31
5118	31
5119	31
5120	30
5121	30
5122	31
5123	31
5124	31
5125	31
5126	31
5127	31
5128	31
5129	32
5130	32
5131	32
5132	32
5133	32
5134	32
5135	32
5136	33
5137	33
5138	33
5139	32
5140	32
5141	32
5142	32
5143	33
5144	33
5145	33
5146	33
5147	33
5148	33
5149	33
5150	33
5151	33
5152	32
5153	32
5154	32
5155	32
5156	31
5157	31
5158	31
5159	31
5160	31
5161	31
5162	30
5163	30
5164	30
5165	30
5166	31
5167	31
5168	32
5169	32
5170	32
5171	32
5172	32
5173	32
5174	32
5175	32
5176	32
5177	32
5178	32
5179	32
5180	32
5181	32
5182	32
5183	31
5184	32
5185	33
5186	33
5187	33
5188	33
5189	33
5190	33
5191	33
5192	33
5193	33
5194	34
5195	34
5196	34
5197	34
5198	34
5199	34
5200	34
5201	34
5202	34
5203	34
5204	34
5205	34
5206	34
5207	34
5208	33
5209	33
5210	34
5211	34
5212	34
5213	33
5214	33
5215	33
5216	33
5217	33
5218	33
5219	33
5220	33
5221	33
5222	33
5223	33
5224	33
5225	33
5226	33
5227	33
5228	33
5229	33
5230	32
5231	32
5232	33
5233	33
5234	34
5235	34
5236	34
5237	33
5238	33
5239	33
5240	33
5241	32
5242	32
5243	32
5244	32
5245	32
5246	32
5247	31
5248	31
5249	31
5250	31
5251	31
5252	31
5253	31
5254	31
5255	31
5256	31
5257	31
5258	31
5259	31
5260	31
5261	31
5262	31
5263	31
5264	32
5265	32
5266	32
5267	32
5268	32
5269	32
5270	32
5271	33
5272	33
5273	33
5274	33
5275	32
5276	32
5277	31
5278	31
5279	30
5280	31
5281	31
5282	30
5283	30
5284	30
5285	30
5286	30
5287	30
5288	30
5289	29
5290	29
5291	29
5292	29
5293	29
5294	29
5295	28
5296	28
5297	27
5298	26
5299	26
5300	26
5301	25
5302	25
5303	25
5304	25
5305	25
5306	25
5307	25
5308	24
5309	24
5310	25
5311	25
5312	25
5313	26
5314	26
5315	26
5316	26
5317	26
5318	26
5319	26
5320	26
5321	26
5322	26
5323	26
5324	27
5325	27
5326	27
5327	27
5328	28
5329	28
5330	28
5331	28
5332	28
5333	28
5334	28
5335	29
5336	29
5337	29
5338	29
5339	29
5340	28
5341	28
5342	29
5343	29
5344	29
5345	29
5346	29
5347	29
5348	29
5349	29
5350	29
5351	29
5352	29
5353	29
5354	29
5355	29
5356	29
5357	30
5358	30
5359	31
5360	31
5361	31
5362	31
5363	31
5364	31
5365	31
5366	30
5367	30
5368	30
5369	30
5370	30
5371	30
5372	30
5373	30
5374	30
5375	30
5376	30
5377	31
5378	30
5379	30
5380	30
5381	30
5382	30
5383	30
5384	30
5385	30
5386	31
5387	31
5388	30
5389	30
5390	30
5391	30
5392	30
5393	30
5394	30
5395	30
5396	30
5397	30
5398	30
5399	30
5400	30
5401	30
5402	30
5403	30
5404	29
5405	29
5406	29
5407	29
5408	29
5409	29
5410	27
5411	26
5412	26
5413	25
5414	25
5415	25
5416	25
5417	25
5418	24
5419	24
5420	23
5421	24
5422	23
5423	22
5424	22
5425	22
5426	22
5427	23
5428	23
5429	24
5430	24
5431	25
5432	25
5433	25
5434	25
5435	25
5436	24
5437	24
5438	23
5439	23
5440	23
5441	23
5442	23
5443	23
5444	23
5445	24
5446	24
5447	24
5448	24
5449	24
5450	25
5451	25
5452	25
5453	25
5454	26
5455	26
5456	25
5457	24
5458	24
5459	24
5460	24
5461	23
5462	23
5463	23
5464	24
5465	24
5466	24
5467	24
5468	24
5469	24
5470	24
5471	24
5472	24
5473	24
5474	25
5475	26
5476	26
5477	27
5478	27
5479	27
5480	27
5481	27
5482	27
5483	26
5484	26
5485	26
5486	26
5487	26
5488	26
5489	26
5490	26
5491	26
5492	26
5493	26
5494	27
5495	27
5496	27
5497	27
5498	27
5499	27
5500	27
5501	26
5502	26
5503	27
5504	27
5505	27
5506	27
5507	28
5508	28
5509	28
5510	28
5511	28
5512	28
5513	28
5514	28
5515	28
5516	28
5517	28
5518	28
5519	28
5520	28
5521	28
5522	28
5523	28
5524	28
5525	28
5526	28
5527	28
5528	28
5529	27
5530	27
5531	26
5532	26
5533	26
5534	26
5535	26
5536	26
5537	26
5538	26
5539	26
5540	26
5541	26
5542	26
5543	26
5544	26
5545	26
5546	26
5547	26
5548	25
5549	25
5550	25
5551	25
5552	25
5553	25
5554	25
5555	25
5556	25
5557	25
5558	25
5559	25
5560	25
5561	25
5562	25
5563	25
5564	25
5565	25
5566	25
5567	25
5568	25
5569	25
5570	25
5571	25
5572	24
5573	25
5574	25
5575	26
5576	26
5577	26
5578	26
5579	25
5580	25
5581	25
5582	26
5583	26
5584	26
5585	26
5586	26
5587	25
5588	25
5589	25
5590	24
5591	23
5592	23
5593	21
5594	21
5595	21
5596	21
5597	21
5598	21
5599	21
5600	21
5601	21
5602	20
5603	21
5604	22
5605	22
5606	22
5607	22
5608	22
5609	22
5610	22
5611	22
5612	22
5613	22
5614	22
5615	23
5616	23
5617	23
5618	23
5619	23
5620	23
5621	23
5622	23
5623	23
5624	23
5625	23
5626	23
5627	23
5628	23
5629	23
5630	23
5631	23
5632	23
5633	23
5634	24
5635	24
5636	24
5637	24
5638	24
5639	24
5640	24
5641	25
5642	25
5643	25
5644	25
5645	24
5646	25
5647	25
5648	25
5649	25
5650	26
5651	26
5652	26
5653	26
5654	27
5655	28
5656	28
5657	26
5658	26
5659	26
5660	26
5661	26
5662	25
5663	25
5664	25
5665	25
5666	25
5667	25
5668	25
5669	25
5670	25
5671	25
5672	25
5673	25
5674	26
5675	26
5676	26
5677	26
5678	26
5679	26
5680	25
5681	25
5682	25
5683	25
5684	26
5685	27
5686	26
5687	27
5688	27
5689	27
5690	27
5691	27
5692	26
5693	26
5694	26
5695	26
5696	26
5697	26
5698	26
5699	26
5700	26
5701	26
5702	26
5703	27
5704	27
5705	27
5706	27
5707	27
5708	28
5709	29
5710	29
5711	29
5712	29
5713	29
5714	29
5715	29
5716	29
5717	29
5718	29
5719	29
5720	29
5721	29
5722	29
5723	29
5724	29
5725	29
5726	28
5727	28
5728	28
5729	28
5730	28
5731	28
5732	28
5733	28
5734	28
5735	28
5736	28
5737	28
5738	28
5739	28
5740	28
5741	28
5742	28
5743	28
5744	29
5745	28
5746	28
5747	27
5748	27
5749	27
5750	27
5751	27
5752	27
5753	27
5754	27
5755	27
5756	28
5757	28
5758	27
5759	27
5760	28
5761	28
5762	28
5763	28
5764	28
5765	28
5766	27
5767	26
5768	26
5769	27
5770	27
5771	27
5772	27
5773	27
5774	27
5775	27
5776	27
5777	27
5778	27
5779	27
5780	27
5781	26
5782	26
5783	26
5784	27
5785	27
5786	27
5787	27
5788	27
5789	27
5790	27
5791	27
5792	27
5793	27
5794	27
5795	27
5796	27
5797	27
5798	27
5799	27
5800	27
5801	27
5802	27
5803	27
5804	28
5805	28
5806	29
5807	29
5808	29
5809	29
5810	29
5811	29
5812	29
5813	29
5814	29
5815	29
5816	29
5817	28
5818	28
5819	28
5820	28
5821	28
5822	28
5823	28
5824	28
5825	28
5826	28
5827	28
5828	28
5829	28
5830	28
5831	28
5832	30
5833	30
5834	30
5835	30
5836	30
5837	30
5838	30
5839	30
5840	30
5841	30
5842	30
5843	30
5844	30
5845	31
5846	31
5847	31
5848	31
5849	31
5850	31
5851	30
5852	30
5853	30
5854	30
5855	30
5856	30
5857	30
5858	30
5859	30
5860	29
5861	28
5862	28
5863	28
5864	29
5865	29
5866	29
5867	29
5868	28
5869	28
5870	28
5871	28
5872	28
5873	28
5874	30
5875	30
5876	29
5877	29
5878	29
5879	29
5880	29
5881	29
5882	30
5883	30
5884	30
5885	30
5886	30
5887	32
5888	32
5889	32
5890	32
5891	33
5892	33
5893	33
5894	33
5895	33
5896	33
5897	34
5898	34
5899	34
5900	35
5901	35
5902	36
5903	35
5904	35
5905	35
5906	34
5907	34
5908	35
5909	35
5910	35
5911	35
5912	35
5913	35
5914	36
5915	36
5916	36
5917	36
5918	36
5919	36
5920	36
5921	36
5922	36
5923	36
5924	36
5925	37
5926	37
5927	37
5928	37
5929	37
5930	37
5931	37
5932	37
5933	38
5934	39
5935	39
5936	39
5937	39
5938	39
5939	39
5940	39
5941	40
5942	40
5943	40
5944	40
5945	41
5946	41
5947	40
5948	40
5949	40
5950	39
5951	39
5952	39
5953	39
5954	39
5955	38
5956	38
5957	37
5958	37
5959	37
5960	37
5961	37
5962	37
5963	37
5964	36
5965	36
5966	36
5967	36
5968	35
5969	35
5970	35
5971	35
5972	35
5973	35
5974	35
5975	35
5976	35
5977	35
5978	35
5979	34
5980	34
5981	34
5982	34
5983	33
5984	33
5985	33
5986	33
5987	33
5988	33
5989	33
5990	33
5991	33
5992	33
5993	33
5994	33
5995	33
5996	33
5997	33
5998	33
5999	33
6000	33
6001	33
6002	33
6003	33
6004	33
6005	33
6006	33
6007	33
6008	33
6009	33
6010	33
6011	33
6012	32
6013	31
6014	32
6015	31
6016	31
6017	31
6018	31
6019	31
6020	31
6021	31
6022	31
6023	31
6024	31
6025	31
6026	31
6027	31
6028	31
6029	31
6030	31
6031	32
6032	31
6033	31
6034	31
6035	31
6036	30
6037	31
6038	31
6039	31
6040	30
6041	29
6042	30
6043	30
6044	31
6045	30
6046	30
6047	30
6048	30
6049	30
6050	30
6051	29
6052	29
6053	30
6054	29
6055	29
6056	29
6057	29
6058	29
6059	29
6060	29
6061	28
6062	27
6063	26
6064	26
6065	26
6066	26
6067	26
6068	26
6069	26
6070	26
6071	26
6072	26
6073	26
6074	26
6075	26
6076	26
6077	27
6078	27
6079	27
6080	27
6081	27
6082	27
6083	28
6084	28
6085	28
6086	27
6087	27
6088	28
6089	28
6090	28
6091	28
6092	28
6093	28
6094	28
6095	29
6096	29
6097	29
6098	29
6099	29
6100	29
6101	29
6102	29
6103	29
6104	29
6105	29
6106	29
6107	29
6108	29
6109	28
6110	28
6111	28
6112	28
6113	28
6114	29
6115	29
6116	28
6117	29
6118	29
6119	29
6120	29
6121	28
6122	29
6123	29
6124	29
6125	29
6126	29
6127	29
6128	29
6129	29
6130	30
6131	30
6132	30
6133	30
6134	30
6135	29
6136	29
6137	29
6138	29
6139	29
6140	29
6141	29
6142	29
6143	29
6144	29
6145	29
6146	29
6147	29
6148	29
6149	29
6150	29
6151	29
6152	29
6153	29
6154	28
6155	28
6156	29
6157	30
6158	30
6159	30
6160	30
6161	30
6162	30
6163	30
6164	30
6165	30
6166	30
6167	30
6168	30
6169	30
6170	30
6171	30
6172	30
6173	30
6174	30
6175	30
6176	30
6177	30
6178	29
6179	30
6180	30
6181	30
6182	30
6183	30
6184	29
6185	30
6186	30
6187	31
6188	31
6189	31
6190	30
6191	31
6192	31
6193	31
6194	31
6195	31
6196	31
6197	31
6198	31
6199	31
6200	30
6201	30
6202	30
6203	30
6204	30
6205	31
6206	31
6207	31
6208	31
6209	31
6210	31
6211	30
6212	30
6213	30
6214	30
6215	30
6216	30
6217	30
6218	30
6219	30
6220	30
6221	30
6222	30
6223	30
6224	30
6225	30
6226	30
6227	30
6228	30
6229	30
6230	30
6231	29
6232	29
6233	29
6234	29
6235	29
6236	29
6237	29
6238	29
6239	28
6240	28
6241	28
6242	28
6243	29
6244	29
6245	29
6246	29
6247	29
6248	28
6249	27
6250	27
6251	27
6252	27
6253	27
6254	27
6255	27
6256	27
6257	28
6258	28
6259	28
6260	29
6261	30
6262	30
6263	30
6264	29
6265	29
6266	29
6267	29
6268	29
6269	30
6270	30
6271	30
6272	30
6273	30
6274	30
6275	31
6276	29
6277	29
6278	29
6279	29
6280	30
6281	30
6282	30
6283	30
6284	30
6285	29
6286	29
6287	28
6288	29
6289	29
6290	30
6291	30
6292	30
6293	30
6294	30
6295	30
6296	30
6297	31
6298	31
6299	31
6300	31
6301	31
6302	31
6303	31
6304	31
6305	31
6306	31
6307	30
6308	30
6309	30
6310	30
6311	29
6312	29
6313	29
6314	30
6315	30
6316	30
6317	29
6318	29
6319	29
6320	29
6321	29
6322	29
6323	29
6324	29
6325	29
6326	29
6327	29
6328	29
6329	29
6330	29
6331	29
6332	28
6333	29
6334	29
6335	28
6336	28
6337	28
6338	28
6339	28
6340	28
6341	28
6342	28
6343	30
6344	30
6345	30
6346	30
6347	31
6348	31
6349	31
6350	31
6351	31
6352	32
6353	32
6354	30
6355	30
6356	29
6357	29
6358	29
6359	28
6360	28
6361	28
6362	27
6363	27
6364	28
6365	28
6366	28
6367	28
6368	28
6369	28
6370	28
6371	28
6372	28
6373	28
6374	28
6375	28
6376	28
6377	28
6378	27
6379	27
6380	27
6381	27
6382	27
6383	27
6384	27
6385	27
6386	26
6387	26
6388	26
6389	26
6390	26
6391	26
6392	27
6393	27
6394	28
6395	28
6396	28
6397	29
6398	29
6399	29
6400	27
6401	27
6402	26
6403	26
6404	26
6405	26
6406	26
6407	27
6408	27
6409	27
6410	27
6411	27
6412	27
6413	27
6414	27
6415	27
6416	27
6417	27
6418	27
6419	27
6420	27
6421	27
6422	27
6423	27
6424	27
6425	28
6426	28
6427	28
6428	28
6429	28
6430	27
6431	27
6432	27
6433	27
6434	27
6435	27
6436	27
6437	27
6438	27
6439	28
6440	28
6441	27
6442	27
6443	27
6444	27
6445	29
6446	28
6447	27
6448	27
6449	27
6450	27
6451	27
6452	27
6453	28
6454	28
6455	29
6456	29
6457	28
6458	28
6459	29
6460	29
6461	29
6462	29
6463	29
6464	28
6465	28
6466	28
6467	28
6468	28
6469	28
6470	28
6471	28
6472	28
6473	28
6474	28
6475	28
6476	27
6477	27
6478	27
6479	28
6480	29
6481	28
6482	28
6483	29
6484	30
6485	30
6486	30
6487	30
6488	30
6489	30
6490	29
6491	29
6492	28
6493	28
6494	28
6495	29
6496	29
6497	29
6498	29
6499	29
6500	30
6501	31
6502	31
6503	31
6504	31
6505	31
6506	30
6507	30
6508	30
6509	29
6510	28
6511	28
6512	28
6513	28
6514	28
6515	28
6516	28
6517	28
6518	28
6519	28
6520	28
6521	28
6522	28
6523	28
6524	28
6525	28
6526	28
6527	28
6528	28
6529	28
6530	28
6531	27
6532	27
6533	26
6534	27
6535	27
6536	27
6537	28
6538	30
6539	30
6540	30
6541	30
6542	29
6543	29
6544	29
6545	29
6546	29
6547	29
6548	29
6549	29
6550	29
6551	30
6552	30
6553	31
6554	31
6555	31
6556	31
6557	31
6558	31
6559	31
6560	31
6561	31
6562	30
6563	30
6564	30
6565	30
6566	31
6567	31
6568	31
6569	31
6570	31
6571	31
6572	31
6573	31
6574	31
6575	31
6576	32
6577	32
6578	34
6579	34
6580	34
6581	33
6582	33
6583	33
6584	33
6585	33
6586	33
6587	33
6588	33
6589	32
6590	32
6591	31
6592	31
6593	31
6594	30
6595	30
6596	30
6597	30
6598	32
6599	32
6600	32
6601	32
6602	33
6603	34
6604	34
6605	34
6606	34
6607	34
6608	34
6609	34
6610	34
6611	34
6612	34
6613	34
6614	35
6615	35
6616	35
6617	35
6618	34
6619	34
6620	34
6621	34
6622	34
6623	34
6624	34
6625	33
6626	34
6627	33
6628	33
6629	33
6630	33
6631	32
6632	32
6633	32
6634	32
6635	32
6636	32
6637	32
6638	32
6639	31
6640	31
6641	31
6642	30
6643	30
6644	30
6645	30
6646	30
6647	31
6648	30
6649	29
6650	28
6651	28
6652	28
6653	28
6654	28
6655	28
6656	28
6657	28
6658	29
6659	29
6660	29
6661	29
6662	29
6663	29
6664	29
6665	29
6666	29
6667	29
6668	29
6669	29
6670	29
6671	29
6672	29
6673	29
6674	29
6675	29
6676	29
6677	29
6678	29
6679	29
6680	29
6681	29
6682	30
6683	30
6684	30
6685	30
6686	30
6687	30
6688	30
6689	30
6690	30
6691	30
6692	30
6693	30
6694	30
6695	30
6696	30
6697	30
6698	31
6699	31
6700	31
6701	31
6702	31
6703	31
6704	31
6705	30
6706	30
6707	30
6708	30
6709	30
6710	31
6711	31
6712	30
6713	30
6714	30
6715	29
6716	29
6717	29
6718	28
6719	30
6720	30
6721	30
6722	30
6723	30
6724	30
6725	30
6726	30
6727	30
6728	29
6729	29
6730	29
6731	29
6732	29
6733	29
6734	29
6735	29
6736	29
6737	29
6738	28
6739	27
6740	27
6741	26
6742	26
6743	26
6744	26
6745	25
6746	25
6747	25
6748	25
6749	25
6750	25
6751	25
6752	24
6753	24
6754	25
6755	24
6756	25
6757	25
6758	25
6759	25
6760	24
6761	24
6762	23
6763	23
6764	22
6765	21
6766	21
6767	20
6768	20
6769	20
6770	20
6771	20
6772	20
6773	20
6774	20
6775	20
6776	20
6777	20
6778	20
6779	20
6780	21
6781	21
6782	21
6783	21
6784	21
6785	22
6786	21
6787	21
6788	21
6789	21
6790	21
6791	21
6792	21
6793	21
6794	21
6795	21
6796	21
6797	21
6798	21
6799	21
6800	21
6801	21
6802	21
6803	21
6804	21
6805	19
6806	19
6807	19
6808	20
6809	20
6810	20
6811	20
6812	20
6813	20
6814	20
6815	20
6816	20
6817	20
6818	19
6819	19
6820	20
6821	19
6822	19
6823	19
6824	19
6825	19
6826	19
6827	19
6828	19
6829	18
6830	18
6831	18
6832	17
6833	17
6834	17
6835	17
6836	17
6837	17
6838	17
6839	17
6840	17
6841	17
6842	17
6843	17
6844	17
6845	17
6846	16
6847	17
6848	17
6849	17
6850	17
6851	17
6852	17
6853	17
6854	17
6855	17
6856	17
6857	17
6858	16
6859	16
6860	16
6861	16
6862	17
6863	17
6864	17
6865	17
6866	17
6867	16
6868	16
6869	16
6870	16
6871	15
6872	15
6873	15
6874	15
6875	16
6876	16
6877	16
6878	16
6879	16
6880	16
6881	16
6882	17
6883	17
6884	17
6885	17
6886	18
6887	18
6888	18
6889	19
6890	19
6891	18
6892	18
6893	18
6894	18
6895	18
6896	17
6897	17
6898	17
6899	17
6900	17
6901	17
6902	17
6903	17
6904	17
6905	17
6906	17
6907	17
6908	17
6909	17
6910	17
6911	17
6912	17
6913	17
6914	17
6915	17
6916	16
6917	16
6918	16
6919	16
6920	16
6921	16
6922	16
6923	16
6924	16
6925	16
6926	16
6927	16
6928	16
6929	16
6930	16
6931	16
6932	16
6933	16
6934	16
6935	16
6936	17
6937	17
6938	17
6939	17
6940	16
6941	14
6942	14
6943	14
6944	14
6945	14
6946	15
6947	15
6948	15
6949	15
6950	15
6951	15
6952	15
6953	15
6954	14
6955	15
6956	15
6957	15
6958	15
6959	15
6960	15
6961	15
6962	15
6963	15
6964	15
6965	15
6966	15
6967	15
6968	15
6969	15
6970	16
6971	16
6972	16
6973	16
6974	16
6975	16
6976	16
6977	16
6978	17
6979	17
6980	17
6981	17
6982	17
6983	17
6984	17
6985	17
6986	15
6987	15
6988	15
6989	13
6990	13
6991	13
6992	13
6993	12
6994	11
6995	11
6996	11
6997	11
6998	11
6999	11
7000	11
7001	11
7002	11
7003	11
7004	11
7005	11
7006	11
7007	11
7008	11
7009	11
7010	11
7011	11
7012	11
7013	11
7014	11
7015	11
7016	11
7017	11
7018	11
7019	11
7020	12
7021	12
7022	12
7023	12
7024	12
7025	11
7026	11
7027	11
7028	11
7029	11
7030	9
7031	9
7032	9
7033	9
7034	9
7035	9
7036	8
7037	8
7038	8
7039	8
7040	8
7041	9
7042	9
7043	9
7044	9
7045	9
7046	9
7047	9
7048	9
7049	9
7050	9
7051	9
7052	9
7053	9
7054	9
7055	9
7056	9
7057	9
7058	9
7059	9
7060	9
7061	9
7062	9
7063	9
7064	9
7065	9
7066	8
7067	8
7068	8
7069	9
7070	9
7071	9
7072	9
7073	9
7074	9
7075	8
7076	8
7077	8
7078	8
7079	8
7080	8
7081	8
7082	8
7083	8
7084	8
7085	9
7086	9
7087	9
7088	9
7089	9
7090	9
7091	9
7092	9
7093	9
7094	9
7095	9
7096	9
7097	9
7098	9
7099	9
7100	10
7101	10
7102	10
7103	10
7104	10
7105	10
7106	10
7107	10
7108	11
7109	11
7110	11
7111	11
7112	11
7113	11
7114	12
7115	12
7116	12
7117	12
7118	12
7119	12
7120	12
7121	12
7122	13
7123	13
7124	13
7125	13
7126	13
7127	13
7128	14
7129	14
7130	14
7131	14
7132	14
7133	14
7134	14
7135	14
7136	14
7137	14
7138	14
7139	14
7140	15
7141	15
7142	15
7143	16
7144	16
7145	16
7146	16
7147	16
7148	16
7149	16
7150	16
7151	16
7152	16
7153	16
7154	16
7155	16
7156	16
7157	16
7158	16
7159	16
7160	16
7161	16
7162	16
7163	16
7164	16
7165	15
7166	15
7167	15
7168	13
7169	13
7170	13
7171	13
7172	13
7173	13
7174	13
7175	13
7176	13
7177	13
7178	13
7179	13
7180	13
7181	12
7182	12
7183	12
7184	12
7185	13
7186	13
7187	13
7188	14
7189	14
7190	14
7191	14
7192	14
7193	14
7194	14
7195	14
7196	14
7197	14
7198	14
7199	14
7200	14
7201	14
7202	14
7203	14
7204	14
7205	14
7206	14
7207	14
7208	14
7209	14
7210	14
7211	14
7212	14
7213	14
7214	14
7215	14
7216	14
7217	14
7218	15
7219	15
7220	15
7221	15
7222	15
7223	15
7224	15
7225	15
7226	15
7227	14
7228	14
7229	14
7230	14
7231	14
7232	14
7233	14
7234	14
7235	14
7236	14
7237	14
7238	14
7239	14
7240	14
7241	14
7242	14
7243	14
7244	14
7245	14
7246	14
7247	14
7248	14
7249	14
7250	14
7251	14
7252	14
7253	14
7254	14
7255	14
7256	14
7257	13
7258	13
7259	13
7260	13
7261	13
7262	13
7263	13
7264	13
7265	13
7266	13
7267	13
7268	13
7269	13
7270	13
7271	13
7272	13
7273	13
7274	13
7275	13
7276	13
7277	13
7278	13
7279	13
7280	13
7281	13
7282	13
7283	13
7284	13
7285	13
7286	13
7287	13
7288	13
7289	12
7290	11
7291	11
7292	11
7293	11
7294	11
7295	11
7296	11
7297	11
7298	11
7299	11
7300	11
7301	11
7302	11
7303	11
7304	11
7305	11
7306	11
7307	11
7308	11
7309	11
7310	11
7311	11
7312	11
7313	11
7314	11
7315	11
7316	11
7317	11
7318	11
7319	11
7320	11
7321	11
7322	11
7323	11
7324	11
7325	11
7326	10
7327	10
7328	10
7329	10
7330	10
7331	10
7332	10
7333	10
7334	10
7335	10
7336	10
7337	9
7338	8
7339	8
7340	8
7341	8
7342	8
7343	8
7344	8
7345	8
7346	8
7347	8
7348	8
7349	8
7350	8
7351	8
7352	8
7353	8
7354	8
7355	8
7356	8
7357	8
7358	8
7359	8
7360	8
7361	8
7362	8
7363	8
7364	8
7365	8
7366	8
7367	8
7368	8
7369	8
7370	8
7371	8
7372	8
7373	8
7374	8
7375	8
7376	8
7377	8
7378	8
7379	8
7380	8
7381	8
7382	8
7383	8
7384	8
7385	8
7386	8
7387	8
7388	8
7389	8
7390	8
7391	8
7392	8
7393	8
7394	8
7395	7
7396	7
7397	7
7398	7
7399	7
7400	7
7401	7
7402	7
7403	7
7404	7
7405	7
7406	6
7407	6
7408	6
7409	6
7410	6
7411	6
7412	6
7413	6
7414	6
7415	6
7416	6
7417	6
7418	6
7419	6
7420	6
7421	6
7422	6
7423	6
7424	6
7425	6
7426	6
7427	6
7428	6
7429	6
7430	6
7431	6
7432	6
7433	6
7434	6
7435	6
7436	6
7437	6
7438	6
7439	6
7440	6
7441	6
7442	6
7443	6
7444	6
7445	6
7446	6
7447	6
7448	6
7449	6
7450	6
7451	6
7452	6
7453	6
7454	6
7455	6
7456	6
7457	6
7458	6
7459	6
7460	6
7461	6
7462	6
7463	6
7464	6
7465	6
7466	6
7467	6
7468	6
7469	6
7470	6
7471	6
7472	6
7473	6
7474	6
7475	6
7476	6
7477	6
7478	6
7479	6
7480	6
7481	6
7482	6
7483	6
7484	6
7485	6
7486	6
7487	6
7488	6
7489	6
7490	6
7491	6
7492	6
7493	6
7494	6
7495	6
7496	6
7497	6
7498	6
7499	6
7500	6
7501	6
7502	6
7503	6
7504	6
7505	6
7506	6
7507	6
7508	6
7509	6
7510	6
7511	6
7512	6
7513	6
7514	6
7515	6
7516	6
7517	6
7518	6
7519	6
7520	6
7521	5
7522	5
7523	4
7524	3
7525	3
7526	3
7527	2
7528	2
7529	2
7530	2
7531	2
7532	2
7533	2
7534	2
7535	2
7536	2
7537	2
7538	2
7539	2
7540	2
7541	2
7542	2
7543	1
7544	1
7545	1
7546	1
7547	1
7548	1
7549	1
7550	1
7551	1
7552	1
7553	1
7554	1
7555	1
7556	1
7557	1
7558	1
7559	1
7560	1
7561	1
7562	1
7563	1
7564	1
7565	1
7566	1
7567	1
7568	1
7569	1
7570	1
7571	1
7572	1
7573	1
7574	1
7575	1
7576	1
7577	1
7578	1
7579	1
7580	1
7581	1
7582	1
7583	1
7584	1
7585	1
7586	1
7587	1
7588	1
7589	1
7590	1
7591	1
7592	1
7593	1
7594	1
7595	1
7596	1
7597	1
7598	1
7599	1
7600	1
7601	1
7602	1
7603	1
7604	1
7605	1
7606	1
7607	1
7608	1
7609	1
7610	1
7611	1
7612	1
7613	1
7614	1
7615	1
7616	1
7617	1
7618	1
7619	1
7620	1
7621	0
7622	0
7623	0
7624	0
7625	0
7626	0
7627	0
7628	0
7629	0
7630	0
7631	0
7632	0
7633	0
7634	0
7635	0
7636	0
7637	0
7638	0
7639	0
7640	0
7641	0
7642	0
7643	0
7644	0
7645	0
7646	0
7647	0
7648	0
7649	0
7650	0
7651	0
7652	0
7653	0
7654	0
7655	0
7656	0
7657	0
7658	0
7659	0
7660	0
7661	0
7662	0
7663	0
7664	0
7665	0
7666	0
7667	0
7668	0
7669	0
7670	0
7671	0
7672	0
7673	0
7674	0
7675	0
7676	0
7677	0
7678	0
7679	0
7680	0
7681	0
7682	0
7683	0
7684	0
7685	0
7686	0
7687	0
7688	0
7689	0
7690	0
7691	0
7692	0
7693	0
7694	0
7695	0
7696	0
7697	0
7698	0
7699	0
7700	0
7701	0
7702	0
7703	0
7704	0
7705	0
7706	0
7707	0
7708	0
7709	0
7710	0
7711	0
7712	0
7713	0
7714	0
7715	0
7716	0
7717	0
7718	0
7719	0
7720	0
7721	0
7722	0
7723	0
7724	0
7725	0
7726	0
7727	0
7728	0
7729	0
7730	0
7731	0
7732	0
7733	0
7734	0
7735	0
7736	0
7737	0
7738	0
7739	0
7740	0
7741	0
7742	0
7743	0
7744	0
7745	0
7746	0
7747	0
7748	0
7749	0
7750	0
7751	0
7752	0
7753	0
7754	0
7755	0
7756	0
7757	0
7758	0
7759	0
7760	0
7761	0
7762	0
7763	0
7764	0
7765	0
7766	0
7767	0
7768	0
7769	0
7770	0
7771	0
7772	0
7773	0
7774	0
7775	0
7776	0
7777	0
7778	0
7779	0
7780	0
7781	0
7782	0
7783	0
7784	0
7785	0
7786	0
7787	0
7788	0
7789	0
7790	0
7791	0
7792	0
7793	0
7794	0
7795	0
7796	0
7797	0
7798	0
7799	0
7800	0
7801	0
7802	0
7803	0
7804	0
7805	0
7806	0
7807	0
7808	0
7809	0
7810	0
7811	0
7812	0
7813	0
7814	0
7815	0
7816	0
7817	0
7818	0
7819	0
7820	0
7821	0
7822	0
7823	0
7824	0
7825	0
7826	0
7827	0
7828	0
7829	0
7830	0
7831	0
7832	0
7833	0
7834	0
7835	0
7836	0
7837	0
7838	0
7839	0
7840	0
7841	0
7842	0
7843	0
7844	0
7845	0
7846	0
7847	0
7848	0
7849	0
7850	0
7851	0
7852	0
7853	0
7854	0
7855	0
7856	0
7857	0
7858	0
7859	0
7860	0
7861	0
7862	0
7863	0
7864	0
7865	0
7866	0
7867	0
7868	0
7869	0
7870	0
7871	0
7872	0
7873	0
7874	0
7875	0
7876	0
7877	0
7878	0
7879	0
7880	0
7881	0
7882	0
7883	0
7884	0
7885	0
7886	0
7887	0
7888	0
7889	0
7890	0
7891	0
7892	0
7893	0
7894	0
7895	0
7896	0
7897	0
7898	0
7899	0
7900	0
7901	0
7902	0
7903	0
7904	0
7905	0
7906	0
7907	0
7908	0
7909	0
7910	0
7911	0
7912	0
7913	0
7914	0
7915	0
7916	0
7917	0
7918	0
7919	0
7920	0
7921	0
7922	0
7923	0
7924	0
7925	0
7926	0
7927	0
7928	0
7929	0
7930	0
7931	0
7932	0
7933	0
7934	0
7935	0
7936	0
7937	0
7938	0
7939	0
7940	0
7941	0
7942	0
7943	0
7944	0
7945	0
7946	0
7947	0
7948	0
7949	0
7950	0
7951	0
7952	0
7953	0
7954	0
7955	0
7956	0
7957	0
7958	0
7959	0
7960	0
7961	0
7962	0
7963	0
7964	0
7965	0
7966	0
7967	0
7968	0
7969	0
7970	0
7971	0
7972	0
7973	0
7974	0
7975	0
7976	0
7977	0
7978	0
7979	0
7980	0
7981	0
7982	0
7983	0
7984	0
7985	0
7986	0
7987	0
7988	0
7989	0
7990	0
7991	0
7992	0
7993	0
7994	0
7995	0
7996	0
7997	0
7998	0
7999	0
8000	0
8001	0
8002	0
8003	0
8004	0
8005	0
8006	0
8007	0
8008	0
8009	0
8010	0
8011	0
8012	0
8013	0
8014	0
8015	0
8016	0
8017	0
8018	0
8019	0
8020	0
8021	0
8022	0
8023	0
8024	0
8025	0
8026	0
8027	0
8028	0
8029	0
8030	0
8031	0
8032	0
8033	0
8034	0
8035	0
8036	0
8037	0
8038	0
8039	0
8040	0
8041	0
8042	0
8043	0
8044	0
8045	0
8046	0
8047	0
8048	0
8049	0
8050	0
8051	0
8052	0
8053	0
8054	0
8055	0
8056	0
8057	0
8058	0
8059	0
8060	0
8061	0
8062	0
8063	0
8064	0
8065	0
8066	0
8067	0
8068	0
8069	0
8070	0
8071	0
8072	0
8073	0
8074	0
8075	0
8076	0
8077	0
8078	0
8079	0
8080	0
8081	0
8082	0
8083	0
8084	0
8085	0
8086	0
8087	0
8088	0
8089	0
8090	0
8091	0
8092	0
8093	0
8094	0
8095	0
8096	0
8097	0
8098	0
8099	0
8100	0
8101	0
8102	0
8103	0
8104	0
8105	0
8106	0
8107	0
8108	0
8109	0
8110	0
8111	0
8112	0
8113	0
8114	0
8115	0
8116	0
8117	0
8118	0
8119	0
8120	0
8121	0
8122	0
8123	0
8124	0
8125	0
8126	0
8127	0
8128	0
8129	0
8130	0
8131	0
8132	0
8133	0
8134	0
8135	0
8136	0
8137	0
8138	0
8139	0
8140	0
8141	0
8142	0
8143	0
8144	0
8145	0
8146	0
8147	0
8148	0
8149	0
8150	0
8151	0
8152	0
8153	0
8154	0
8155	0
8156	0
8157	0
8158	0
8159	0
8160	0
8161	0
8162	0
8163	0
8164	0
8165	0
8166	0
8167	0
8168	0
8169	0
8170	0
8171	0
8172	0
8173	0
8174	0
8175	0
8176	0
8177	0
8178	0
8179	0
8180	0
8181	0
8182	0
8183	0
8184	0
8185	0
8186	0
8187	0
8188	0
8189	0
8190	0
8191	0
8192	0
8193	0
8194	0
8195	0
8196	0
8197	0
8198	0
8199	0
8200	0
8201	0
8202	0
