1	0
2	0
3	0
4	0
5	0
6	0
7	0
8	0
9	0
10	0
11	0
12	0
13	0
14	0
15	0
16	0
17	0
18	0
19	0
20	0
21	0
22	0
23	0
24	0
25	0
26	0
27	0
28	0
29	0
30	0
31	0
32	0
33	0
34	1
35	1
36	1
37	1
38	1
39	1
40	1
41	1
42	1
43	1
44	1
45	1
46	1
47	1
48	1
49	1
50	1
51	1
52	1
53	1
54	1
55	1
56	1
57	1
58	1
59	2
60	2
61	2
62	2
63	2
64	2
65	2
66	2
67	2
68	2
69	2
70	2
71	2
72	2
73	2
74	2
75	2
76	2
77	2
78	2
79	2
80	2
81	2
82	3
83	3
84	3
85	3
86	3
87	3
88	3
89	3
90	3
91	3
92	3
93	3
94	3
95	3
96	3
97	3
98	3
99	4
100	4
101	4
102	4
103	4
104	4
105	5
106	5
107	5
108	5
109	5
110	5
111	5
112	5
113	5
114	5
115	5
116	5
117	5
118	5
119	5
120	5
121	5
122	5
123	5
124	5
125	5
126	5
127	5
128	5
129	5
130	5
131	6
132	6
133	6
134	6
135	6
136	6
137	6
138	6
139	6
140	6
141	6
142	6
143	6
144	6
145	6
146	6
147	6
148	6
149	6
150	6
151	6
152	6
153	6
154	6
155	6
156	6
157	6
158	6
159	6
160	6
161	6
162	6
163	6
164	6
165	6
166	7
167	7
168	7
169	7
170	7
171	7
172	7
173	7
174	7
175	7
176	7
177	7
178	7
179	7
180	7
181	7
182	7
183	7
184	7
185	7
186	7
187	7
188	7
189	7
190	7
191	7
192	7
193	7
194	7
195	7
196	6
197	6
198	6
199	6
200	6
201	7
202	7
203	7
204	7
205	7
206	7
207	7
208	7
209	7
210	7
211	8
212	9
213	9
214	9
215	9
216	9
217	9
218	10
219	11
220	11
221	12
222	9
223	9
224	8
225	9
226	9
227	9
228	9
229	9
230	9
231	9
232	9
233	9
234	9
235	8
236	8
237	9
238	10
239	10
240	10
241	10
242	10
243	10
244	10
245	10
246	10
247	10
248	10
249	10
250	10
251	10
252	10
253	9
254	9
255	9
256	9
257	9
258	9
259	9
260	9
261	9
262	9
263	9
264	9
265	9
266	9
267	9
268	9
269	9
270	9
271	9
272	9
273	9
274	9
275	9
276	10
277	10
278	10
279	10
280	10
281	10
282	10
283	11
284	11
285	11
286	11
287	11
288	12
289	12
290	13
291	13
292	13
293	13
294	13
295	13
296	13
297	13
298	13
299	14
300	14
301	14
302	14
303	14
304	14
305	14
306	14
307	14
308	14
309	14
310	14
311	14
312	13
313	13
314	13
315	13
316	13
317	13
318	13
319	13
320	13
321	13
322	13
323	13
324	13
325	13
326	13
327	13
328	14
329	14
330	14
331	14
332	15
333	16
334	17
335	16
336	16
337	16
338	16
339	16
340	16
341	16
342	15
343	16
344	16
345	16
346	16
347	16
348	16
349	16
350	16
351	16
352	16
353	17
354	17
355	16
356	16
357	16
358	16
359	16
360	16
361	16
362	16
363	16
364	16
365	16
366	15
367	15
368	15
369	15
370	15
371	15
372	15
373	15
374	15
375	15
376	16
377	16
378	16
379	16
380	16
381	16
382	16
383	16
384	16
385	16
386	16
387	16
388	15
389	15
390	16
391	16
392	16
393	15
394	15
395	15
396	14
397	14
398	13
399	13
400	13
401	13
402	14
403	14
404	14
405	14
406	14
407	14
408	14
409	14
410	14
411	14
412	15
413	15
414	15
415	15
416	15
417	15
418	15
419	15
420	15
421	16
422	17
423	17
424	15
425	15
426	17
427	17
428	17
429	18
430	18
431	18
432	17
433	17
434	17
435	17
436	17
437	17
438	17
439	17
440	17
441	17
442	17
443	17
444	17
445	17
446	17
447	16
448	16
449	16
450	16
451	16
452	16
453	16
454	16
455	16
456	16
457	16
458	16
459	18
460	18
461	18
462	18
463	18
464	19
465	19
466	19
467	19
468	19
469	18
470	18
471	18
472	18
473	18
474	18
475	19
476	19
477	19
478	19
479	19
480	19
481	18
482	18
483	19
484	19
485	19
486	19
487	19
488	19
489	20
490	21
491	21
492	21
493	21
494	21
495	21
496	22
497	22
498	22
499	22
500	21
501	20
502	20
503	20
504	20
505	21
506	21
507	21
508	21
509	21
510	21
511	21
512	21
513	21
514	21
515	21
516	21
517	21
518	22
519	22
520	22
521	22
522	22
523	21
524	21
525	21
526	21
527	21
528	21
529	21
530	21
531	21
532	21
533	22
534	22
535	23
536	23
537	23
538	22
539	22
540	22
541	22
542	22
543	22
544	22
545	22
546	22
547	21
548	21
549	21
550	21
551	21
552	21
553	21
554	21
555	21
556	22
557	23
558	23
559	23
560	23
561	23
562	23
563	23
564	22
565	22
566	22
567	22
568	21
569	21
570	21
571	21
572	22
573	22
574	22
575	23
576	22
577	22
578	22
579	21
580	20
581	20
582	21
583	20
584	20
585	20
586	19
587	18
588	18
589	18
590	18
591	19
592	19
593	19
594	19
595	19
596	19
597	19
598	19
599	19
600	19
601	19
602	19
603	19
604	19
605	19
606	19
607	19
608	18
609	18
610	18
611	17
612	18
613	17
614	17
615	17
616	18
617	18
618	18
619	18
620	18
621	18
622	18
623	18
624	17
625	17
626	17
627	17
628	17
629	17
630	17
631	17
632	17
633	17
634	17
635	17
636	16
637	16
638	16
639	17
640	17
641	17
642	17
643	17
644	17
645	17
646	18
647	18
648	18
649	18
650	19
651	19
652	19
653	19
654	19
655	18
656	18
657	18
658	17
659	17
660	17
661	17
662	17
663	19
664	19
665	20
666	20
667	20
668	20
669	20
670	20
671	20
672	20
673	20
674	20
675	20
676	20
677	19
678	19
679	18
680	18
681	17
682	17
683	17
684	17
685	17
686	17
687	16
688	16
689	16
690	16
691	15
692	16
693	16
694	16
695	16
696	16
697	16
698	16
699	16
700	16
701	16
702	16
703	16
704	16
705	16
706	16
707	16
708	16
709	16
710	16
711	16
712	16
713	16
714	16
715	16
716	16
717	16
718	16
719	16
720	16
721	15
722	15
723	15
724	15
725	15
726	15
727	15
728	15
729	15
730	15
731	15
732	15
733	15
734	14
735	15
736	15
737	16
738	16
739	17
740	17
741	17
742	16
743	15
744	15
745	15
746	16
747	16
748	17
749	17
750	17
751	17
752	17
753	16
754	16
755	16
756	16
757	16
758	17
759	17
760	17
761	17
762	16
763	16
764	16
765	16
766	16
767	16
768	16
769	16
770	16
771	16
772	15
773	15
774	15
775	15
776	15
777	15
778	14
779	14
780	14
781	14
782	14
783	14
784	14
785	14
786	14
787	14
788	14
789	15
790	15
791	15
792	15
793	15
794	15
795	15
796	15
797	15
798	15
799	15
800	16
801	18
802	17
803	17
804	17
805	17
806	17
807	17
808	17
809	17
810	17
811	17
812	17
813	16
814	16
815	17
816	17
817	17
818	16
819	17
820	18
821	18
822	17
823	17
824	17
825	17
826	17
827	17
828	17
829	17
830	17
831	15
832	15
833	15
834	13
835	13
836	13
837	14
838	14
839	14
840	15
841	15
842	15
843	17
844	18
845	18
846	18
847	18
848	17
849	17
850	17
851	17
852	17
853	17
854	17
855	17
856	15
857	15
858	15
859	14
860	14
861	14
862	13
863	13
864	13
865	13
866	13
867	13
868	13
869	13
870	13
871	13
872	13
873	13
874	12
875	12
876	12
877	13
878	13
879	13
880	13
881	13
882	12
883	13
884	14
885	14
886	13
887	13
888	14
889	14
890	14
891	14
892	15
893	15
894	16
895	16
896	16
897	16
898	16
899	16
900	16
901	16
902	16
903	16
904	16
905	16
906	16
907	16
908	16
909	16
910	16
911	17
912	18
913	18
914	18
915	19
916	20
917	20
918	21
919	21
920	21
921	21
922	21
923	21
924	20
925	20
926	19
927	19
928	20
929	19
930	18
931	18
932	18
933	18
934	18
935	18
936	18
937	19
938	20
939	21
940	21
941	21
942	21
943	21
944	22
945	22
946	22
947	22
948	22
949	22
950	22
951	22
952	22
953	22
954	22
955	23
956	23
957	23
958	23
959	23
960	24
961	22
962	22
963	22
964	23
965	23
966	23
967	23
968	23
969	23
970	23
971	24
972	24
973	25
974	25
975	25
976	25
977	25
978	25
979	25
980	26
981	26
982	26
983	25
984	25
985	25
986	25
987	26
988	26
989	28
990	27
991	27
992	28
993	28
994	28
995	29
996	29
997	29
998	29
999	29
1000	29
1001	29
1002	29
1003	29
1004	29
1005	29
1006	29
1007	30
1008	30
1009	30
1010	30
1011	30
1012	31
1013	31
1014	31
1015	33
1016	33
1017	32
1018	32
1019	31
1020	31
1021	31
1022	31
1023	31
1024	31
1025	31
1026	31
1027	31
1028	31
1029	32
1030	32
1031	32
1032	31
1033	30
1034	30
1035	30
1036	30
1037	30
1038	30
1039	30
1040	31
1041	32
1042	32
1043	31
1044	31
1045	31
1046	31
1047	30
1048	30
1049	31
1050	31
1051	31
1052	32
1053	32
1054	31
1055	32
1056	32
1057	32
1058	32
1059	32
1060	32
1061	32
1062	33
1063	33
1064	33
1065	33
1066	33
1067	33
1068	33
1069	32
1070	31
1071	30
1072	30
1073	30
1074	30
1075	30
1076	29
1077	29
1078	29
1079	29
1080	29
1081	30
1082	30
1083	30
1084	30
1085	30
1086	30
1087	31
1088	31
1089	31
1090	31
1091	30
1092	30
1093	29
1094	29
1095	29
1096	28
1097	28
1098	28
1099	28
1100	28
1101	28
1102	28
1103	29
1104	29
1105	30
1106	30
1107	30
1108	32
1109	32
1110	32
1111	32
1112	32
1113	32
1114	32
1115	32
1116	32
1117	32
1118	32
1119	32
1120	32
1121	32
1122	32
1123	32
1124	33
1125	33
1126	33
1127	33
1128	32
1129	32
1130	32
1131	31
1132	31
1133	31
1134	31
1135	31
1136	31
1137	30
1138	29
1139	28
1140	28
1141	28
1142	28
1143	28
1144	28
1145	28
1146	28
1147	28
1148	28
1149	29
1150	29
1151	29
1152	29
1153	29
1154	29
1155	29
1156	29
1157	29
1158	29
1159	28
1160	28
1161	28
1162	28
1163	28
1164	27
1165	28
1166	28
1167	27
1168	25
1169	25
1170	24
1171	24
1172	23
1173	23
1174	23
1175	23
1176	23
1177	23
1178	24
1179	24
1180	23
1181	21
1182	20
1183	20
1184	20
1185	20
1186	20
1187	20
1188	21
1189	23
1190	22
1191	22
1192	22
1193	22
1194	21
1195	21
1196	21
1197	21
1198	21
1199	21
1200	21
1201	20
1202	20
1203	20
1204	21
1205	22
1206	22
1207	22
1208	22
1209	22
1210	22
1211	22
1212	22
1213	22
1214	21
1215	21
1216	21
1217	21
1218	22
1219	22
1220	22
1221	22
1222	21
1223	20
1224	19
1225	19
1226	19
1227	19
1228	19
1229	19
1230	19
1231	19
1232	18
1233	18
1234	18
1235	19
1236	19
1237	19
1238	19
1239	19
1240	19
1241	19
1242	19
1243	19
1244	19
1245	19
1246	19
1247	19
1248	19
1249	19
1250	19
1251	19
1252	19
1253	19
1254	19
1255	20
1256	20
1257	20
1258	20
1259	20
1260	20
1261	20
1262	20
1263	21
1264	21
1265	21
1266	22
1267	21
1268	21
1269	21
1270	21
1271	21
1272	21
1273	20
1274	21
1275	21
1276	20
1277	19
1278	19
1279	19
1280	19
1281	18
1282	18
1283	17
1284	17
1285	17
1286	17
1287	18
1288	18
1289	18
1290	18
1291	18
1292	18
1293	18
1294	19
1295	19
1296	19
1297	19
1298	19
1299	19
1300	19
1301	19
1302	19
1303	19
1304	19
1305	18
1306	17
1307	16
1308	17
1309	17
1310	17
1311	17
1312	17
1313	17
1314	17
1315	16
1316	16
1317	16
1318	16
1319	16
1320	16
1321	16
1322	16
1323	16
1324	16
1325	16
1326	16
1327	16
1328	16
1329	16
1330	16
1331	16
1332	16
1333	16
1334	16
1335	15
1336	15
1337	15
1338	15
1339	13
1340	13
1341	13
1342	13
1343	13
1344	13
1345	13
1346	13
1347	14
1348	14
1349	14
1350	14
1351	14
1352	16
1353	15
1354	15
1355	15
1356	15
1357	15
1358	15
1359	14
1360	14
1361	14
1362	14
1363	14
1364	14
1365	14
1366	14
1367	15
1368	15
1369	16
1370	16
1371	16
1372	16
1373	17
1374	17
1375	16
1376	16
1377	17
1378	15
1379	15
1380	16
1381	16
1382	15
1383	15
1384	15
1385	15
1386	15
1387	15
1388	15
1389	15
1390	15
1391	15
1392	15
1393	15
1394	14
1395	15
1396	16
1397	16
1398	16
1399	16
1400	16
1401	16
1402	18
1403	18
1404	19
1405	19
1406	19
1407	19
1408	18
1409	18
1410	19
1411	19
1412	19
1413	19
1414	19
1415	19
1416	19
1417	19
1418	19
1419	19
1420	19
1421	19
1422	19
1423	19
1424	19
1425	19
1426	19
1427	19
1428	20
1429	20
1430	20
1431	20
1432	20
1433	20
1434	20
1435	21
1436	21
1437	21
1438	21
1439	20
1440	21
1441	21
1442	22
1443	21
1444	21
1445	21
1446	21
1447	21
1448	22
1449	22
1450	22
1451	22
1452	23
1453	24
1454	24
1455	24
1456	24
1457	24
1458	24
1459	25
1460	25
1461	25
1462	26
1463	26
1464	26
1465	26
1466	26
1467	26
1468	26
1469	27
1470	27
1471	26
1472	27
1473	27
1474	27
1475	27
1476	27
1477	26
1478	25
1479	26
1480	25
1481	23
1482	24
1483	25
1484	25
1485	25
1486	25
1487	24
1488	24
1489	24
1490	23
1491	24
1492	24
1493	24
1494	26
1495	26
1496	27
1497	26
1498	26
1499	26
1500	27
1501	28
1502	28
1503	28
1504	28
1505	28
1506	29
1507	29
1508	29
1509	28
1510	28
1511	27
1512	27
1513	27
1514	27
1515	27
1516	28
1517	28
1518	28
1519	28
1520	28
1521	30
1522	30
1523	30
1524	30
1525	30
1526	29
1527	29
1528	29
1529	30
1530	30
1531	30
1532	30
1533	30
1534	31
1535	31
1536	31
1537	31
1538	31
1539	31
1540	31
1541	32
1542	31
1543	31
1544	31
1545	31
1546	31
1547	30
1548	31
1549	32
1550	32
1551	32
1552	32
1553	31
1554	31
1555	31
1556	31
1557	31
1558	31
1559	31
1560	31
1561	31
1562	31
1563	31
1564	31
1565	32
1566	31
1567	31
1568	31
1569	31
1570	31
1571	30
1572	29
1573	29
1574	29
1575	30
1576	30
1577	29
1578	28
1579	28
1580	28
1581	27
1582	27
1583	27
1584	26
1585	26
1586	26
1587	25
1588	25
1589	25
1590	26
1591	26
1592	26
1593	27
1594	27
1595	27
1596	27
1597	27
1598	27
1599	27
1600	27
1601	27
1602	27
1603	27
1604	26
1605	25
1606	25
1607	25
1608	25
1609	25
1610	25
1611	25
1612	24
1613	24
1614	24
1615	23
1616	23
1617	23
1618	23
1619	23
1620	23
1621	24
1622	24
1623	23
1624	24
1625	25
1626	25
1627	26
1628	27
1629	28
1630	28
1631	28
1632	27
1633	27
1634	28
1635	29
1636	29
1637	29
1638	29
1639	29
1640	29
1641	29
1642	29
1643	29
1644	29
1645	30
1646	30
1647	30
1648	31
1649	31
1650	31
1651	31
1652	30
1653	29
1654	28
1655	28
1656	28
1657	28
1658	27
1659	27
1660	25
1661	25
1662	25
1663	25
1664	25
1665	25
1666	24
1667	24
1668	24
1669	24
1670	24
1671	24
1672	25
1673	25
1674	25
1675	25
1676	25
1677	25
1678	25
1679	24
1680	25
1681	24
1682	24
1683	24
1684	24
1685	24
1686	24
1687	24
1688	24
1689	24
1690	24
1691	24
1692	24
1693	24
1694	24
1695	24
1696	23
1697	23
1698	25
1699	25
1700	25
1701	24
1702	23
1703	22
1704	22
1705	23
1706	23
1707	23
1708	24
1709	24
1710	24
1711	25
1712	25
1713	25
1714	24
1715	23
1716	23
1717	24
1718	24
1719	25
1720	25
1721	25
1722	26
1723	25
1724	25
1725	26
1726	26
1727	26
1728	27
1729	27
1730	27
1731	27
1732	27
1733	27
1734	27
1735	27
1736	27
1737	27
1738	27
1739	27
1740	27
1741	27
1742	27
1743	28
1744	28
1745	28
1746	28
1747	28
1748	28
1749	28
1750	28
1751	29
1752	30
1753	29
1754	28
1755	29
1756	29
1757	29
1758	29
1759	29
1760	28
1761	28
1762	28
1763	28
1764	26
1765	26
1766	26
1767	27
1768	27
1769	27
1770	27
1771	27
1772	27
1773	28
1774	28
1775	28
1776	28
1777	29
1778	29
1779	29
1780	29
1781	29
1782	29
1783	29
1784	29
1785	29
1786	29
1787	29
1788	29
1789	29
1790	30
1791	30
1792	30
1793	30
1794	29
1795	28
1796	28
1797	28
1798	29
1799	28
1800	28
1801	28
1802	28
1803	28
1804	28
1805	28
1806	29
1807	27
1808	27
1809	27
1810	27
1811	28
1812	30
1813	31
1814	31
1815	31
1816	31
1817	31
1818	31
1819	31
1820	31
1821	31
1822	32
1823	33
1824	34
1825	34
1826	34
1827	35
1828	34
1829	33
1830	33
1831	33
1832	33
1833	33
1834	33
1835	34
1836	34
1837	34
1838	34
1839	33
1840	33
1841	32
1842	32
1843	32
1844	32
1845	33
1846	35
1847	35
1848	35
1849	35
1850	35
1851	35
1852	35
1853	35
1854	35
1855	35
1856	35
1857	35
1858	35
1859	35
1860	35
1861	35
1862	35
1863	35
1864	35
1865	35
1866	34
1867	34
1868	35
1869	35
1870	35
1871	35
1872	36
1873	36
1874	36
1875	36
1876	36
1877	36
1878	36
1879	36
1880	36
1881	36
1882	36
1883	35
1884	36
1885	36
1886	36
1887	36
1888	36
1889	36
1890	36
1891	37
1892	37
1893	37
1894	36
1895	35
1896	35
1897	35
1898	33
1899	33
1900	33
1901	34
1902	34
1903	34
1904	33
1905	33
1906	33
1907	32
1908	32
1909	32
1910	32
1911	32
1912	32
1913	32
1914	33
1915	33
1916	34
1917	34
1918	34
1919	34
1920	34
1921	34
1922	33
1923	32
1924	32
1925	32
1926	32
1927	32
1928	32
1929	33
1930	32
1931	32
1932	32
1933	32
1934	31
1935	31
1936	31
1937	31
1938	30
1939	30
1940	30
1941	29
1942	29
1943	30
1944	30
1945	31
1946	30
1947	30
1948	30
1949	31
1950	31
1951	31
1952	32
1953	31
1954	31
1955	31
1956	31
1957	31
1958	32
1959	32
1960	32
1961	32
1962	32
1963	32
1964	32
1965	32
1966	31
1967	31
1968	32
1969	32
1970	32
1971	33
1972	33
1973	34
1974	35
1975	35
1976	35
1977	35
1978	34
1979	34
1980	34
1981	33
1982	33
1983	33
1984	33
1985	33
1986	33
1987	34
1988	34
1989	33
1990	33
1991	33
1992	33
1993	34
1994	34
1995	33
1996	33
1997	33
1998	34
1999	33
2000	33
2001	34
2002	33
2003	34
2004	34
2005	34
2006	34
2007	34
2008	34
2009	34
2010	34
2011	34
2012	34
2013	34
2014	35
2015	34
2016	35
2017	35
2018	35
2019	35
2020	35
2021	35
2022	34
2023	34
2024	34
2025	34
2026	34
2027	33
2028	32
2029	32
2030	32
2031	32
2032	34
2033	34
2034	34
2035	34
2036	35
2037	34
2038	35
2039	35
2040	34
2041	34
2042	34
2043	34
2044	34
2045	34
2046	34
2047	34
2048	34
2049	34
2050	34
2051	34
2052	34
2053	34
2054	34
2055	34
2056	33
2057	33
2058	32
2059	34
2060	33
2061	33
2062	34
2063	34
2064	34
2065	34
2066	34
2067	34
2068	34
2069	34
2070	35
2071	35
2072	35
2073	35
2074	35
2075	35
2076	35
2077	35
2078	35
2079	34
2080	34
2081	33
2082	33
2083	33
2084	34
2085	34
2086	33
2087	29
2088	29
2089	30
2090	30
2091	31
2092	31
2093	32
2094	32
2095	33
2096	33
2097	32
2098	31
2099	31
2100	31
2101	31
2102	30
2103	29
2104	29
2105	28
2106	27
2107	27
2108	29
2109	29
2110	30
2111	31
2112	31
2113	32
2114	33
2115	34
2116	34
2117	34
2118	34
2119	34
2120	34
2121	34
2122	33
2123	34
2124	34
2125	34
2126	34
2127	33
2128	33
2129	32
2130	32
2131	32
2132	32
2133	32
2134	32
2135	32
2136	32
2137	32
2138	32
2139	32
2140	32
2141	33
2142	33
2143	34
2144	34
2145	34
2146	34
2147	34
2148	33
2149	33
2150	33
2151	33
2152	32
2153	32
2154	33
2155	33
2156	33
2157	33
2158	33
2159	33
2160	33
2161	33
2162	34
2163	34
2164	34
2165	34
2166	34
2167	34
2168	34
2169	34
2170	34
2171	34
2172	34
2173	34
2174	34
2175	34
2176	34
2177	34
2178	34
2179	34
2180	34
2181	34
2182	34
2183	34
2184	33
2185	33
2186	33
2187	33
2188	33
2189	33
2190	35
2191	35
2192	35
2193	35
2194	35
2195	35
2196	34
2197	34
2198	34
2199	34
2200	34
2201	34
2202	35
2203	35
2204	35
2205	35
2206	36
2207	36
2208	36
2209	35
2210	34
2211	34
2212	34
2213	34
2214	33
2215	33
2216	33
2217	33
2218	33
2219	33
2220	31
2221	31
2222	31
2223	31
2224	31
2225	31
2226	31
2227	32
2228	31
2229	31
2230	31
2231	30
2232	30
2233	32
2234	32
2235	32
2236	32
2237	32
2238	32
2239	32
2240	33
2241	33
2242	35
2243	35
2244	37
2245	37
2246	38
2247	37
2248	38
2249	38
2250	39
2251	39
2252	39
2253	42
2254	41
2255	42
2256	43
2257	42
2258	42
2259	42
2260	42
2261	42
2262	41
2263	42
2264	41
2265	41
2266	42
2267	41
2268	41
2269	41
2270	41
2271	41
2272	41
2273	41
2274	41
2275	40
2276	39
2277	39
2278	38
2279	38
2280	38
2281	38
2282	38
2283	37
2284	36
2285	36
2286	35
2287	34
2288	34
2289	33
2290	32
2291	32
2292	31
2293	31
2294	31
2295	31
2296	31
2297	31
2298	31
2299	31
2300	31
2301	31
2302	32
2303	32
2304	31
2305	31
2306	31
2307	31
2308	31
2309	31
2310	30
2311	30
2312	32
2313	32
2314	33
2315	33
2316	34
2317	34
2318	34
2319	34
2320	33
2321	33
2322	33
2323	33
2324	32
2325	32
2326	32
2327	32
2328	30
2329	30
2330	30
2331	29
2332	31
2333	31
2334	31
2335	31
2336	30
2337	29
2338	29
2339	28
2340	26
2341	26
2342	25
2343	25
2344	25
2345	25
2346	25
2347	25
2348	25
2349	24
2350	23
2351	22
2352	22
2353	22
2354	22
2355	22
2356	21
2357	20
2358	20
2359	20
2360	20
2361	20
2362	19
2363	19
2364	19
2365	19
2366	20
2367	19
2368	20
2369	19
2370	19
2371	19
2372	18
2373	18
2374	18
2375	18
2376	18
2377	18
2378	17
2379	17
2380	17
2381	16
2382	18
2383	18
2384	19
2385	19
2386	19
2387	20
2388	22
2389	22
2390	23
2391	23
2392	24
2393	24
2394	24
2395	24
2396	24
2397	23
2398	22
2399	22
2400	22
2401	22
2402	23
2403	23
2404	23
2405	22
2406	22
2407	21
2408	21
2409	20
2410	20
2411	21
2412	21
2413	21
2414	22
2415	22
2416	22
2417	22
2418	22
2419	22
2420	21
2421	21
2422	21
2423	22
2424	21
2425	21
2426	21
2427	21
2428	22
2429	22
2430	22
2431	22
2432	22
2433	22
2434	22
2435	22
2436	22
2437	22
2438	22
2439	22
2440	23
2441	23
2442	24
2443	24
2444	24
2445	24
2446	24
2447	24
2448	24
2449	24
2450	24
2451	24
2452	24
2453	24
2454	24
2455	24
2456	24
2457	23
2458	23
2459	22
2460	21
2461	21
2462	21
2463	20
2464	20
2465	19
2466	18
2467	19
2468	20
2469	20
2470	20
2471	20
2472	20
2473	20
2474	20
2475	21
2476	21
2477	21
2478	21
2479	21
2480	21
2481	21
2482	21
2483	21
2484	21
2485	21
2486	21
2487	20
2488	20
2489	20
2490	21
2491	21
2492	21
2493	22
2494	23
2495	23
2496	23
2497	24
2498	24
2499	24
2500	24
2501	24
2502	23
2503	23
2504	22
2505	22
2506	23
2507	23
2508	23
2509	24
2510	26
2511	27
2512	27
2513	27
2514	28
2515	28
2516	28
2517	27
2518	27
2519	27
2520	26
2521	26
2522	27
2523	28
2524	28
2525	29
2526	29
2527	29
2528	29
2529	29
2530	29
2531	28
2532	28
2533	28
2534	28
2535	28
2536	29
2537	29
2538	29
2539	29
2540	29
2541	29
2542	29
2543	29
2544	29
2545	29
2546	29
2547	29
2548	28
2549	29
2550	29
2551	29
2552	29
2553	29
2554	30
2555	30
2556	30
2557	30
2558	30
2559	30
2560	30
2561	29
2562	28
2563	28
2564	29
2565	29
2566	29
2567	29
2568	29
2569	29
2570	29
2571	29
2572	29
2573	29
2574	28
2575	28
2576	28
2577	28
2578	29
2579	29
2580	29
2581	29
2582	29
2583	29
2584	29
2585	29
2586	28
2587	30
2588	30
2589	31
2590	31
2591	33
2592	36
2593	36
2594	37
2595	37
2596	37
2597	36
2598	35
2599	36
2600	34
2601	34
2602	34
2603	33
2604	33
2605	33
2606	33
2607	34
2608	34
2609	34
2610	33
2611	33
2612	33
2613	33
2614	34
2615	34
2616	34
2617	34
2618	34
2619	34
2620	34
2621	34
2622	34
2623	34
2624	34
2625	34
2626	33
2627	33
2628	33
2629	33
2630	33
2631	33
2632	33
2633	34
2634	34
2635	34
2636	34
2637	34
2638	34
2639	33
2640	33
2641	29
2642	29
2643	29
2644	29
2645	28
2646	28
2647	28
2648	27
2649	27
2650	27
2651	27
2652	27
2653	28
2654	27
2655	27
2656	27
2657	27
2658	27
2659	28
2660	29
2661	29
2662	29
2663	29
2664	28
2665	27
2666	27
2667	27
2668	28
2669	28
2670	28
2671	27
2672	28
2673	28
2674	29
2675	29
2676	29
2677	29
2678	28
2679	29
2680	30
2681	30
2682	30
2683	29
2684	29
2685	29
2686	29
2687	29
2688	29
2689	29
2690	29
2691	29
2692	28
2693	28
2694	28
2695	28
2696	27
2697	26
2698	26
2699	26
2700	26
2701	25
2702	26
2703	27
2704	28
2705	27
2706	27
2707	28
2708	28
2709	28
2710	29
2711	29
2712	29
2713	29
2714	29
2715	29
2716	29
2717	29
2718	29
2719	29
2720	29
2721	29
2722	29
2723	28
2724	28
2725	28
2726	28
2727	27
2728	27
2729	27
2730	27
2731	26
2732	26
2733	25
2734	25
2735	25
2736	25
2737	25
2738	25
2739	25
2740	25
2741	25
2742	25
2743	25
2744	25
2745	25
2746	25
2747	25
2748	25
2749	25
2750	25
2751	25
2752	25
2753	26
2754	26
2755	26
2756	26
2757	27
2758	28
2759	28
2760	28
2761	28
2762	28
2763	29
2764	28
2765	28
2766	29
2767	27
2768	27
2769	27
2770	27
2771	27
2772	27
2773	27
2774	27
2775	28
2776	27
2777	27
2778	27
2779	27
2780	27
2781	26
2782	27
2783	28
2784	28
2785	28
2786	28
2787	27
2788	27
2789	27
2790	27
2791	27
2792	27
2793	27
2794	27
2795	27
2796	27
2797	27
2798	27
2799	27
2800	27
2801	26
2802	27
2803	27
2804	26
2805	25
2806	25
2807	24
2808	24
2809	25
2810	24
2811	25
2812	25
2813	25
2814	25
2815	24
2816	23
2817	23
2818	23
2819	23
2820	22
2821	21
2822	20
2823	20
2824	19
2825	18
2826	19
2827	19
2828	19
2829	19
2830	19
2831	19
2832	19
2833	19
2834	19
2835	19
2836	19
2837	19
2838	20
2839	21
2840	21
2841	21
2842	21
2843	21
2844	20
2845	20
2846	20
2847	20
2848	20
2849	20
2850	20
2851	19
2852	20
2853	20
2854	20
2855	20
2856	20
2857	19
2858	19
2859	19
2860	19
2861	19
2862	19
2863	19
2864	19
2865	20
2866	20
2867	21
2868	21
2869	22
2870	22
2871	22
2872	22
2873	23
2874	25
2875	25
2876	25
2877	25
2878	25
2879	25
2880	25
2881	25
2882	25
2883	25
2884	27
2885	28
2886	28
2887	28
2888	28
2889	28
2890	28
2891	27
2892	27
2893	27
2894	27
2895	27
2896	28
2897	28
2898	28
2899	28
2900	27
2901	27
2902	27
2903	26
2904	25
2905	26
2906	25
2907	25
2908	26
2909	26
2910	26
2911	26
2912	26
2913	25
2914	25
2915	25
2916	24
2917	25
2918	24
2919	24
2920	24
2921	24
2922	25
2923	25
2924	25
2925	25
2926	24
2927	25
2928	25
2929	25
2930	25
2931	24
2932	24
2933	24
2934	24
2935	24
2936	23
2937	23
2938	24
2939	24
2940	24
2941	24
2942	25
2943	26
2944	26
2945	26
2946	26
2947	26
2948	27
2949	27
2950	27
2951	27
2952	28
2953	28
2954	28
2955	28
2956	27
2957	27
2958	26
2959	26
2960	27
2961	27
2962	27
2963	27
2964	27
2965	27
2966	27
2967	27
2968	28
2969	27
2970	28
2971	29
2972	29
2973	29
2974	29
2975	29
2976	29
2977	29
2978	30
2979	30
2980	29
2981	29
2982	29
2983	29
2984	28
2985	28
2986	28
2987	28
2988	28
2989	29
2990	29
2991	28
2992	28
2993	28
2994	29
2995	29
2996	29
2997	29
2998	28
2999	28
3000	28
3001	28
3002	28
3003	29
3004	29
3005	30
3006	30
3007	30
3008	30
3009	31
3010	31
3011	32
3012	34
3013	33
3014	34
3015	34
3016	35
3017	35
3018	36
3019	36
3020	36
3021	36
3022	36
3023	36
3024	36
3025	34
3026	33
3027	33
3028	33
3029	33
3030	33
3031	33
3032	33
3033	35
3034	36
3035	36
3036	36
3037	36
3038	36
3039	36
3040	37
3041	35
3042	35
3043	36
3044	36
3045	36
3046	36
3047	36
3048	36
3049	36
3050	37
3051	37
3052	36
3053	36
3054	36
3055	35
3056	34
3057	35
3058	35
3059	35
3060	34
3061	34
3062	34
3063	34
3064	33
3065	33
3066	33
3067	32
3068	32
3069	32
3070	32
3071	32
3072	32
3073	32
3074	33
3075	33
3076	33
3077	32
3078	32
3079	32
3080	32
3081	33
3082	34
3083	34
3084	34
3085	34
3086	34
3087	34
3088	35
3089	35
3090	34
3091	34
3092	34
3093	34
3094	33
3095	34
3096	34
3097	34
3098	35
3099	35
3100	35
3101	35
3102	35
3103	35
3104	36
3105	36
3106	36
3107	35
3108	36
3109	35
3110	35
3111	35
3112	34
3113	34
3114	34
3115	34
3116	34
3117	33
3118	33
3119	33
3120	31
3121	29
3122	29
3123	30
3124	28
3125	28
3126	29
3127	29
3128	29
3129	29
3130	29
3131	30
3132	30
3133	29
3134	30
3135	30
3136	30
3137	30
3138	30
3139	30
3140	30
3141	30
3142	29
3143	29
3144	29
3145	31
3146	32
3147	33
3148	34
3149	34
3150	35
3151	35
3152	36
3153	35
3154	34
3155	34
3156	36
3157	35
3158	35
3159	35
3160	36
3161	35
3162	34
3163	34
3164	34
3165	34
3166	34
3167	34
3168	34
3169	34
3170	34
3171	33
3172	33
3173	33
3174	33
3175	33
3176	33
3177	33
3178	33
3179	33
3180	33
3181	33
3182	32
3183	32
3184	32
3185	32
3186	31
3187	32
3188	32
3189	33
3190	35
3191	36
3192	36
3193	36
3194	35
3195	35
3196	34
3197	34
3198	35
3199	36
3200	36
3201	33
3202	33
3203	33
3204	33
3205	33
3206	33
3207	32
3208	32
3209	32
3210	32
3211	32
3212	32
3213	32
3214	32
3215	32
3216	32
3217	32
3218	32
3219	32
3220	33
3221	33
3222	34
3223	36
3224	37
3225	37
3226	38
3227	39
3228	39
3229	38
3230	38
3231	38
3232	38
3233	38
3234	39
3235	39
3236	39
3237	38
3238	38
3239	38
3240	37
3241	37
3242	36
3243	35
3244	35
3245	35
3246	35
3247	34
3248	34
3249	34
3250	33
3251	32
3252	33
3253	33
3254	32
3255	31
3256	31
3257	31
3258	31
3259	31
3260	30
3261	30
3262	30
3263	32
3264	32
3265	32
3266	32
3267	32
3268	34
3269	34
3270	33
3271	33
3272	32
3273	31
3274	32
3275	32
3276	32
3277	32
3278	32
3279	32
3280	31
3281	32
3282	32
3283	32
3284	30
3285	31
3286	31
3287	31
3288	31
3289	31
3290	31
3291	31
3292	31
3293	31
3294	31
3295	31
3296	30
3297	30
3298	30
3299	30
3300	31
3301	30
3302	30
3303	30
3304	30
3305	28
3306	29
3307	30
3308	30
3309	30
3310	30
3311	30
3312	30
3313	30
3314	30
3315	30
3316	30
3317	31
3318	31
3319	31
3320	30
3321	30
3322	29
3323	28
3324	28
3325	28
3326	27
3327	26
3328	26
3329	26
3330	26
3331	26
3332	26
3333	27
3334	27
3335	26
3336	26
3337	26
3338	27
3339	27
3340	27
3341	27
3342	27
3343	27
3344	27
3345	27
3346	27
3347	27
3348	26
3349	26
3350	26
3351	26
3352	26
3353	25
3354	24
3355	24
3356	24
3357	25
3358	25
3359	25
3360	25
3361	25
3362	26
3363	26
3364	27
3365	27
3366	27
3367	27
3368	27
3369	27
3370	27
3371	26
3372	26
3373	27
3374	27
3375	26
3376	26
3377	26
3378	26
3379	28
3380	27
3381	26
3382	28
3383	28
3384	28
3385	27
3386	27
3387	28
3388	28
3389	28
3390	28
3391	29
3392	29
3393	29
3394	30
3395	30
3396	30
3397	30
3398	30
3399	30
3400	30
3401	30
3402	30
3403	30
3404	30
3405	30
3406	30
3407	29
3408	30
3409	28
3410	28
3411	28
3412	28
3413	28
3414	28
3415	28
3416	28
3417	28
3418	29
3419	29
3420	29
3421	28
3422	28
3423	29
3424	30
3425	30
3426	30
3427	30
3428	31
3429	30
3430	31
3431	33
3432	33
3433	33
3434	33
3435	33
3436	34
3437	34
3438	32
3439	32
3440	33
3441	33
3442	34
3443	34
3444	34
3445	34
3446	34
3447	34
3448	34
3449	34
3450	34
3451	34
3452	33
3453	33
3454	33
3455	33
3456	33
3457	33
3458	33
3459	33
3460	33
3461	33
3462	32
3463	33
3464	33
3465	33
3466	33
3467	32
3468	32
3469	32
3470	32
3471	32
3472	30
3473	30
3474	29
3475	29
3476	28
3477	29
3478	29
3479	29
3480	29
3481	29
3482	29
3483	30
3484	31
3485	32
3486	33
3487	34
3488	35
3489	36
3490	36
3491	36
3492	36
3493	36
3494	36
3495	35
3496	35
3497	34
3498	34
3499	34
3500	33
3501	33
3502	34
3503	34
3504	35
3505	35
3506	35
3507	35
3508	35
3509	35
3510	35
3511	35
3512	35
3513	35
3514	35
3515	34
3516	34
3517	34
3518	34
3519	34
3520	35
3521	35
3522	35
3523	35
3524	35
3525	35
3526	35
3527	35
3528	36
3529	34
3530	34
3531	35
3532	34
3533	33
3534	34
3535	36
3536	36
3537	37
3538	37
3539	38
3540	37
3541	37
3542	37
3543	36
3544	36
3545	36
3546	35
3547	35
3548	35
3549	34
3550	34
3551	34
3552	35
3553	36
3554	36
3555	37
3556	38
3557	36
3558	36
3559	36
3560	36
3561	35
3562	36
3563	36
3564	36
3565	36
3566	35
3567	36
3568	35
3569	35
3570	35
3571	35
3572	35
3573	36
3574	35
3575	34
3576	35
3577	37
3578	37
3579	38
3580	38
3581	38
3582	38
3583	38
3584	38
3585	38
3586	38
3587	39
3588	40
3589	40
3590	40
3591	40
3592	40
3593	40
3594	40
3595	40
3596	41
3597	41
3598	41
3599	41
3600	41
3601	40
3602	42
3603	43
3604	43
3605	44
3606	44
3607	44
3608	43
3609	42
3610	42
3611	42
3612	42
3613	41
3614	41
3615	41
3616	41
3617	40
3618	39
3619	39
3620	38
3621	39
3622	39
3623	39
3624	39
3625	39
3626	38
3627	38
3628	38
3629	38
3630	38
3631	38
3632	38
3633	38
3634	39
3635	39
3636	40
3637	41
3638	41
3639	40
3640	40
3641	40
3642	41
3643	41
3644	41
3645	39
3646	40
3647	40
3648	40
3649	39
3650	39
3651	39
3652	38
3653	37
3654	37
3655	38
3656	37
3657	37
3658	36
3659	35
3660	35
3661	34
3662	33
3663	33
3664	33
3665	33
3666	33
3667	34
3668	34
3669	34
3670	34
3671	34
3672	34
3673	34
3674	34
3675	34
3676	34
3677	34
3678	34
3679	34
3680	34
3681	33
3682	32
3683	32
3684	31
3685	32
3686	32
3687	30
3688	30
3689	30
3690	30
3691	31
3692	31
3693	32
3694	32
3695	33
3696	31
3697	31
3698	31
3699	31
3700	31
3701	31
3702	31
3703	31
3704	32
3705	31
3706	32
3707	33
3708	32
3709	31
3710	32
3711	32
3712	33
3713	32
3714	33
3715	35
3716	34
3717	33
3718	33
3719	32
3720	32
3721	33
3722	32
3723	34
3724	31
3725	31
3726	30
3727	32
3728	31
3729	32
3730	31
3731	31
3732	31
3733	31
3734	31
3735	31
3736	31
3737	31
3738	31
3739	31
3740	31
3741	31
3742	31
3743	32
3744	34
3745	35
3746	36
3747	37
3748	37
3749	39
3750	41
3751	40
3752	40
3753	40
3754	40
3755	40
3756	40
3757	40
3758	40
3759	40
3760	40
3761	39
3762	39
3763	38
3764	37
3765	37
3766	37
3767	37
3768	37
3769	37
3770	38
3771	37
3772	37
3773	37
3774	34
3775	34
3776	33
3777	34
3778	35
3779	35
3780	34
3781	34
3782	34
3783	34
3784	34
3785	34
3786	35
3787	35
3788	36
3789	36
3790	34
3791	33
3792	33
3793	33
3794	33
3795	32
3796	32
3797	33
3798	32
3799	32
3800	32
3801	32
3802	32
3803	32
3804	32
3805	32
3806	32
3807	31
3808	31
3809	31
3810	32
3811	31
3812	30
3813	30
3814	30
3815	29
3816	29
3817	30
3818	29
3819	28
3820	28
3821	28
3822	28
3823	29
3824	29
3825	30
3826	30
3827	30
3828	30
3829	30
3830	30
3831	30
3832	30
3833	30
3834	30
3835	29
3836	29
3837	29
3838	28
3839	28
3840	27
3841	27
3842	27
3843	27
3844	27
3845	27
3846	27
3847	27
3848	27
3849	28
3850	29
3851	29
3852	31
3853	31
3854	32
3855	33
3856	33
3857	33
3858	33
3859	34
3860	34
3861	34
3862	34
3863	35
3864	35
3865	35
3866	35
3867	34
3868	34
3869	33
3870	33
3871	33
3872	33
3873	33
3874	33
3875	34
3876	35
3877	35
3878	36
3879	37
3880	37
3881	37
3882	38
3883	38
3884	38
3885	37
3886	37
3887	37
3888	37
3889	37
3890	36
3891	36
3892	35
3893	35
3894	35
3895	35
3896	36
3897	36
3898	36
3899	36
3900	35
3901	34
3902	34
3903	34
3904	34
3905	35
3906	35
3907	35
3908	35
3909	36
3910	35
3911	36
3912	36
3913	36
3914	36
3915	36
3916	36
3917	36
3918	36
3919	36
3920	36
3921	36
3922	38
3923	38
3924	39
3925	39
3926	40
3927	39
3928	40
3929	42
3930	42
3931	43
3932	43
3933	46
3934	46
3935	47
3936	46
3937	46
3938	45
3939	46
3940	46
3941	47
3942	47
3943	47
3944	46
3945	46
3946	46
3947	46
3948	46
3949	48
3950	48
3951	48
3952	47
3953	47
3954	46
3955	46
3956	46
3957	45
3958	46
3959	48
3960	48
3961	50
3962	50
3963	49
3964	48
3965	49
3966	49
3967	49
3968	50
3969	51
3970	51
3971	51
3972	50
3973	50
3974	50
3975	50
3976	50
3977	51
3978	51
3979	51
3980	51
3981	51
3982	51
3983	50
3984	49
3985	49
3986	47
3987	47
3988	47
3989	47
3990	47
3991	48
3992	50
3993	51
3994	52
3995	51
3996	51
3997	51
3998	50
3999	51
4000	51
4001	52
4002	52
4003	52
4004	51
4005	51
4006	51
4007	50
4008	52
4009	51
4010	51
4011	50
4012	50
4013	50
4014	50
4015	49
4016	49
4017	49
4018	49
4019	49
4020	48
4021	48
4022	49
4023	48
4024	47
4025	48
4026	47
4027	48
4028	48
4029	48
4030	48
4031	48
4032	50
4033	51
4034	51
4035	51
4036	51
4037	51
4038	51
4039	51
4040	51
4041	52
4042	52
4043	52
4044	53
4045	53
4046	53
4047	53
4048	54
4049	54
4050	55
4051	55
4052	54
4053	55
4054	55
4055	54
4056	55
4057	54
4058	55
4059	56
4060	56
4061	56
4062	56
4063	55
4064	55
4065	55
4066	57
4067	56
4068	56
4069	55
4070	55
4071	55
4072	55
4073	55
4074	55
4075	55
4076	55
4077	55
4078	55
4079	54
4080	55
4081	55
4082	54
4083	54
4084	54
4085	53
4086	54
4087	55
4088	55
4089	55
4090	54
4091	54
4092	55
4093	55
4094	55
4095	56
4096	57
4097	58
4098	58
4099	58
4100	58
4101	58
4102	58
4103	57
4104	56
4105	56
4106	56
4107	56
4108	55
4109	55
4110	55
4111	54
4112	54
4113	54
4114	54
4115	54
4116	54
4117	53
4118	54
4119	54
4120	55
4121	54
4122	55
4123	55
4124	55
4125	55
4126	55
4127	54
4128	54
4129	53
4130	53
4131	53
4132	55
4133	55
4134	56
4135	54
4136	54
4137	54
4138	53
4139	53
4140	53
4141	53
4142	53
4143	54
4144	54
4145	53
4146	53
4147	54
4148	54
4149	54
4150	54
4151	54
4152	54
4153	55
4154	55
4155	55
4156	56
4157	58
4158	57
4159	58
4160	58
4161	58
4162	58
4163	58
4164	57
4165	56
4166	57
4167	54
4168	53
4169	55
4170	56
4171	56
4172	54
4173	55
4174	53
4175	53
4176	53
4177	52
4178	50
4179	48
4180	49
4181	49
4182	49
4183	49
4184	49
4185	47
4186	47
4187	47
4188	46
4189	46
4190	45
4191	46
4192	47
4193	48
4194	49
4195	51
4196	51
4197	51
4198	51
4199	50
4200	50
4201	51
4202	52
4203	51
4204	52
4205	51
4206	52
4207	51
4208	51
4209	51
4210	51
4211	52
4212	51
4213	51
4214	51
4215	52
4216	52
4217	52
4218	52
4219	52
4220	51
4221	51
4222	50
4223	49
4224	49
4225	49
4226	49
4227	49
4228	49
4229	50
4230	51
4231	51
4232	51
4233	51
4234	51
4235	50
4236	50
4237	48
4238	48
4239	46
4240	46
4241	46
4242	46
4243	46
4244	45
4245	45
4246	45
4247	45
4248	45
4249	45
4250	45
4251	45
4252	47
4253	47
4254	47
4255	47
4256	48
4257	48
4258	48
4259	46
4260	46
4261	46
4262	46
4263	44
4264	43
4265	43
4266	43
4267	44
4268	44
4269	46
4270	47
4271	47
4272	47
4273	48
4274	49
4275	50
4276	50
4277	52
4278	53
4279	54
4280	53
4281	53
4282	52
4283	51
4284	51
4285	50
4286	51
4287	49
4288	48
4289	47
4290	46
4291	46
4292	45
4293	45
4294	45
4295	45
4296	45
4297	45
4298	45
4299	45
4300	45
4301	46
4302	45
4303	46
4304	45
4305	44
4306	44
4307	45
4308	47
4309	46
4310	46
4311	47
4312	46
4313	49
4314	48
4315	48
4316	47
4317	47
4318	46
4319	46
4320	46
4321	45
4322	45
4323	45
4324	45
4325	44
4326	44
4327	44
4328	44
4329	43
4330	43
4331	43
4332	43
4333	43
4334	43
4335	43
4336	44
4337	43
4338	44
4339	44
4340	43
4341	42
4342	42
4343	42
4344	41
4345	41
4346	41
4347	40
4348	40
4349	39
4350	39
4351	39
4352	39
4353	39
4354	39
4355	39
4356	39
4357	39
4358	39
4359	39
4360	38
4361	38
4362	38
4363	37
4364	37
4365	36
4366	36
4367	36
4368	36
4369	37
4370	37
4371	37
4372	37
4373	37
4374	37
4375	37
4376	37
4377	37
4378	37
4379	37
4380	36
4381	36
4382	35
4383	35
4384	33
4385	33
4386	31
4387	31
4388	31
4389	32
4390	32
4391	33
4392	33
4393	33
4394	34
4395	35
4396	36
4397	36
4398	35
4399	35
4400	35
4401	34
4402	34
4403	34
4404	36
4405	36
4406	36
4407	35
4408	36
4409	36
4410	36
4411	36
4412	37
4413	38
4414	39
4415	38
4416	38
4417	38
4418	38
4419	38
4420	38
4421	38
4422	38
4423	39
4424	37
4425	36
4426	36
4427	36
4428	35
4429	35
4430	36
4431	36
4432	35
4433	36
4434	37
4435	39
4436	38
4437	39
4438	39
4439	39
4440	38
4441	38
4442	39
4443	40
4444	40
4445	40
4446	39
4447	39
4448	39
4449	39
4450	39
4451	39
4452	41
4453	40
4454	39
4455	38
4456	38
4457	38
4458	38
4459	38
4460	37
4461	37
4462	37
4463	36
4464	37
4465	37
4466	36
4467	35
4468	36
4469	36
4470	36
4471	36
4472	36
4473	37
4474	37
4475	37
4476	37
4477	38
4478	38
4479	40
4480	40
4481	40
4482	40
4483	40
4484	40
4485	39
4486	39
4487	39
4488	39
4489	39
4490	39
4491	39
4492	38
4493	38
4494	38
4495	38
4496	38
4497	38
4498	38
4499	38
4500	37
4501	37
4502	36
4503	36
4504	35
4505	35
4506	35
4507	35
4508	36
4509	35
4510	35
4511	36
4512	35
4513	35
4514	34
4515	34
4516	33
4517	33
4518	33
4519	33
4520	32
4521	32
4522	32
4523	31
4524	31
4525	29
4526	29
4527	29
4528	29
4529	28
4530	28
4531	28
4532	28
4533	28
4534	28
4535	28
4536	28
4537	28
4538	29
4539	29
4540	30
4541	29
4542	29
4543	30
4544	30
4545	30
4546	30
4547	29
4548	29
4549	28
4550	28
4551	28
4552	29
4553	29
4554	29
4555	29
4556	29
4557	29
4558	29
4559	29
4560	29
4561	29
4562	29
4563	29
4564	29
4565	28
4566	27
4567	27
4568	24
4569	23
4570	23
4571	23
4572	23
4573	23
4574	23
4575	24
4576	24
4577	25
4578	24
4579	24
4580	25
4581	25
4582	25
4583	25
4584	25
4585	25
4586	25
4587	25
4588	25
4589	24
4590	24
4591	23
4592	23
4593	22
4594	22
4595	23
4596	23
4597	23
4598	23
4599	23
4600	24
4601	24
4602	24
4603	24
4604	24
4605	24
4606	24
4607	24
4608	24
4609	24
4610	24
4611	24
4612	24
4613	25
4614	25
4615	25
4616	25
4617	25
4618	25
4619	25
4620	24
4621	25
4622	26
4623	27
4624	26
4625	27
4626	27
4627	27
4628	30
4629	29
4630	29
4631	29
4632	28
4633	29
4634	29
4635	29
4636	29
4637	29
4638	29
4639	30
4640	31
4641	32
4642	32
4643	32
4644	32
4645	33
4646	33
4647	33
4648	33
4649	32
4650	32
4651	32
4652	32
4653	34
4654	34
4655	36
4656	36
4657	36
4658	36
4659	36
4660	36
4661	36
4662	36
4663	36
4664	36
4665	36
4666	35
4667	34
4668	36
4669	35
4670	36
4671	38
4672	38
4673	38
4674	38
4675	38
4676	38
4677	37
4678	36
4679	36
4680	36
4681	36
4682	35
4683	35
4684	35
4685	36
4686	36
4687	36
4688	36
4689	37
4690	37
4691	37
4692	38
4693	38
4694	38
4695	38
4696	39
4697	39
4698	38
4699	39
4700	41
4701	41
4702	41
4703	41
4704	41
4705	40
4706	40
4707	41
4708	41
4709	41
4710	41
4711	41
4712	43
4713	43
4714	43
4715	44
4716	44
4717	44
4718	44
4719	44
4720	44
4721	44
4722	46
4723	47
4724	47
4725	46
4726	47
4727	47
4728	47
4729	47
4730	47
4731	47
4732	47
4733	49
4734	49
4735	48
4736	49
4737	48
4738	47
4739	45
4740	45
4741	44
4742	44
4743	45
4744	44
4745	45
4746	46
4747	46
4748	46
4749	48
4750	49
4751	51
4752	53
4753	53
4754	53
4755	53
4756	54
4757	54
4758	54
4759	54
4760	54
4761	54
4762	55
4763	56
4764	57
4765	57
4766	57
4767	57
4768	58
4769	58
4770	58
4771	58
4772	58
4773	57
4774	56
4775	55
4776	54
4777	53
4778	53
4779	55
4780	55
4781	55
4782	54
4783	54
4784	54
4785	54
4786	54
4787	53
4788	53
4789	53
4790	53
4791	54
4792	54
4793	53
4794	53
4795	53
4796	54
4797	54
4798	53
4799	54
4800	54
4801	54
4802	53
4803	53
4804	53
4805	53
4806	53
4807	53
4808	53
4809	53
4810	53
4811	53
4812	52
4813	52
4814	52
4815	52
4816	52
4817	52
4818	52
4819	52
4820	51
4821	51
4822	50
4823	50
4824	50
4825	50
4826	50
4827	51
4828	51
4829	51
4830	51
4831	51
4832	53
4833	54
4834	53
4835	52
4836	52
4837	51
4838	50
4839	49
4840	50
4841	50
4842	51
4843	51
4844	51
4845	51
4846	51
4847	49
4848	49
4849	51
4850	50
4851	50
4852	50
4853	50
4854	49
4855	48
4856	48
4857	48
4858	48
4859	48
4860	48
4861	49
4862	49
4863	49
4864	49
4865	49
4866	48
4867	48
4868	48
4869	47
4870	47
4871	47
4872	47
4873	46
4874	45
4875	45
4876	45
4877	46
4878	46
4879	46
4880	46
4881	45
4882	44
4883	45
4884	43
4885	43
4886	43
4887	44
4888	44
4889	44
4890	43
4891	43
4892	43
4893	43
4894	43
4895	42
4896	42
4897	42
4898	43
4899	43
4900	43
4901	43
4902	44
4903	45
4904	45
4905	45
4906	45
4907	46
4908	44
4909	44
4910	44
4911	44
4912	44
4913	45
4914	45
4915	46
4916	44
4917	45
4918	44
4919	44
4920	44
4921	44
4922	44
4923	44
4924	44
4925	45
4926	45
4927	44
4928	45
4929	45
4930	45
4931	46
4932	46
4933	46
4934	46
4935	46
4936	46
4937	46
4938	46
4939	46
4940	46
4941	46
4942	47
4943	46
4944	44
4945	44
4946	43
4947	43
4948	42
4949	41
4950	40
4951	40
4952	40
4953	40
4954	40
4955	40
4956	40
4957	40
4958	41
4959	42
4960	41
4961	41
4962	42
4963	41
4964	41
4965	42
4966	41
4967	40
4968	40
4969	40
4970	41
4971	42
4972	43
4973	44
4974	45
4975	45
4976	45
4977	46
4978	47
4979	46
4980	45
4981	45
4982	44
4983	45
4984	45
4985	45
4986	45
4987	45
4988	46
4989	46
4990	46
4991	46
4992	46
4993	46
4994	46
4995	47
4996	47
4997	48
4998	47
4999	46
5000	45
5001	45
5002	45
5003	45
5004	45
5005	45
5006	44
5007	44
5008	43
5009	42
5010	42
5011	42
5012	42
5013	42
5014	42
5015	42
5016	42
5017	40
5018	41
5019	43
5020	43
5021	45
5022	45
5023	45
5024	43
5025	42
5026	42
5027	43
5028	43
5029	43
5030	44
5031	44
5032	44
5033	45
5034	45
5035	45
5036	44
5037	43
5038	45
5039	44
5040	44
5041	44
5042	43
5043	42
5044	41
5045	41
5046	40
5047	40
5048	40
5049	40
5050	40
5051	40
5052	40
5053	40
5054	40
5055	39
5056	39
5057	39
5058	38
5059	38
5060	38
5061	38
5062	39
5063	39
5064	39
5065	38
5066	36
5067	35
5068	35
5069	35
5070	35
5071	35
5072	34
5073	33
5074	32
5075	32
5076	32
5077	33
5078	33
5079	33
5080	34
5081	34
5082	34
5083	34
5084	34
5085	34
5086	33
5087	32
5088	31
5089	30
5090	30
5091	29
5092	29
5093	29
5094	29
5095	30
5096	30
5097	30
5098	30
5099	30
5100	30
5101	29
5102	29
5103	30
5104	30
5105	30
5106	29
5107	29
5108	29
5109	29
5110	29
5111	30
5112	30
5113	32
5114	33
5115	33
5116	32
5117	34
5118	34
5119	34
5120	34
5121	35
5122	35
5123	36
5124	36
5125	36
5126	36
5127	37
5128	37
5129	36
5130	36
5131	37
5132	38
5133	39
5134	38
5135	37
5136	37
5137	38
5138	39
5139	39
5140	39
5141	38
5142	39
5143	38
5144	40
5145	42
5146	42
5147	42
5148	41
5149	41
5150	42
5151	43
5152	41
5153	41
5154	41
5155	41
5156	41
5157	41
5158	41
5159	40
5160	39
5161	39
5162	38
5163	37
5164	37
5165	38
5166	38
5167	38
5168	38
5169	37
5170	39
5171	39
5172	39
5173	40
5174	40
5175	40
5176	40
5177	39
5178	39
5179	39
5180	39
5181	39
5182	40
5183	41
5184	43
5185	42
5186	42
5187	42
5188	42
5189	41
5190	41
5191	41
5192	41
5193	41
5194	41
5195	41
5196	41
5197	41
5198	40
5199	40
5200	40
5201	41
5202	41
5203	41
5204	41
5205	41
5206	41
5207	41
5208	41
5209	40
5210	41
5211	42
5212	42
5213	42
5214	43
5215	44
5216	45
5217	45
5218	45
5219	45
5220	45
5221	45
5222	46
5223	45
5224	45
5225	44
5226	44
5227	44
5228	44
5229	45
5230	44
5231	44
5232	44
5233	45
5234	44
5235	44
5236	44
5237	44
5238	43
5239	43
5240	43
5241	43
5242	43
5243	43
5244	42
5245	42
5246	42
5247	42
5248	41
5249	41
5250	41
5251	41
5252	43
5253	43
5254	43
5255	44
5256	44
5257	45
5258	45
5259	47
5260	45
5261	45
5262	46
5263	47
5264	47
5265	47
5266	47
5267	47
5268	47
5269	47
5270	46
5271	46
5272	46
5273	46
5274	47
5275	47
5276	45
5277	45
5278	45
5279	45
5280	45
5281	45
5282	45
5283	45
5284	46
5285	46
5286	47
5287	46
5288	46
5289	46
5290	46
5291	47
5292	46
5293	45
5294	45
5295	45
5296	43
5297	43
5298	43
5299	43
5300	43
5301	42
5302	40
5303	41
5304	41
5305	41
5306	41
5307	41
5308	42
5309	41
5310	43
5311	44
5312	44
5313	44
5314	44
5315	44
5316	44
5317	43
5318	43
5319	43
5320	43
5321	43
5322	44
5323	45
5324	46
5325	48
5326	49
5327	49
5328	49
5329	48
5330	47
5331	47
5332	48
5333	48
5334	49
5335	48
5336	47
5337	48
5338	48
5339	49
5340	49
5341	49
5342	48
5343	50
5344	50
5345	51
5346	51
5347	52
5348	52
5349	52
5350	52
5351	53
5352	52
5353	53
5354	53
5355	53
5356	53
5357	52
5358	52
5359	52
5360	52
5361	52
5362	51
5363	51
5364	50
5365	50
5366	50
5367	48
5368	48
5369	48
5370	47
5371	46
5372	45
5373	44
5374	44
5375	44
5376	44
5377	44
5378	44
5379	44
5380	44
5381	44
5382	44
5383	44
5384	44
5385	44
5386	44
5387	44
5388	44
5389	43
5390	43
5391	43
5392	44
5393	44
5394	45
5395	46
5396	47
5397	47
5398	48
5399	48
5400	48
5401	48
5402	47
5403	46
5404	46
5405	46
5406	46
5407	44
5408	45
5409	45
5410	44
5411	44
5412	44
5413	45
5414	44
5415	44
5416	44
5417	44
5418	44
5419	43
5420	43
5421	43
5422	41
5423	39
5424	39
5425	39
5426	39
5427	39
5428	41
5429	41
5430	41
5431	41
5432	41
5433	41
5434	42
5435	40
5436	40
5437	40
5438	40
5439	41
5440	41
5441	41
5442	40
5443	39
5444	38
5445	38
5446	38
5447	37
5448	37
5449	38
5450	38
5451	38
5452	38
5453	38
5454	38
5455	38
5456	38
5457	38
5458	38
5459	38
5460	38
5461	40
5462	41
5463	42
5464	42
5465	42
5466	42
5467	41
5468	43
5469	43
5470	44
5471	44
5472	45
5473	44
5474	45
5475	45
5476	45
5477	45
5478	45
5479	44
5480	44
5481	44
5482	43
5483	44
5484	44
5485	43
5486	42
5487	43
5488	42
5489	41
5490	41
5491	40
5492	40
5493	40
5494	40
5495	40
5496	40
5497	39
5498	40
5499	40
5500	38
5501	38
5502	38
5503	38
5504	38
5505	40
5506	40
5507	41
5508	41
5509	41
5510	41
5511	40
5512	40
5513	41
5514	42
5515	43
5516	43
5517	43
5518	43
5519	42
5520	43
5521	44
5522	45
5523	46
5524	46
5525	47
5526	46
5527	44
5528	45
5529	43
5530	43
5531	43
5532	43
5533	42
5534	43
5535	42
5536	43
5537	43
5538	43
5539	42
5540	42
5541	42
5542	43
5543	43
5544	45
5545	45
5546	45
5547	44
5548	44
5549	45
5550	45
5551	46
5552	45
5553	45
5554	45
5555	46
5556	46
5557	46
5558	45
5559	44
5560	45
5561	45
5562	44
5563	44
5564	44
5565	44
5566	46
5567	46
5568	46
5569	46
5570	46
5571	46
5572	46
5573	45
5574	46
5575	46
5576	46
5577	46
5578	46
5579	45
5580	45
5581	45
5582	45
5583	45
5584	45
5585	43
5586	43
5587	43
5588	42
5589	43
5590	44
5591	44
5592	44
5593	44
5594	43
5595	43
5596	42
5597	42
5598	43
5599	43
5600	43
5601	44
5602	45
5603	46
5604	47
5605	48
5606	49
5607	51
5608	51
5609	51
5610	50
5611	50
5612	50
5613	49
5614	48
5615	48
5616	48
5617	46
5618	47
5619	47
5620	47
5621	47
5622	47
5623	46
5624	46
5625	46
5626	47
5627	47
5628	46
5629	47
5630	47
5631	47
5632	47
5633	47
5634	46
5635	45
5636	45
5637	44
5638	44
5639	45
5640	46
5641	46
5642	45
5643	45
5644	44
5645	45
5646	45
5647	45
5648	45
5649	45
5650	45
5651	45
5652	45
5653	45
5654	45
5655	46
5656	47
5657	47
5658	47
5659	46
5660	46
5661	46
5662	45
5663	45
5664	44
5665	44
5666	45
5667	45
5668	45
5669	45
5670	46
5671	46
5672	47
5673	48
5674	48
5675	49
5676	50
5677	50
5678	50
5679	49
5680	49
5681	50
5682	51
5683	52
5684	53
5685	52
5686	53
5687	52
5688	51
5689	52
5690	52
5691	53
5692	51
5693	53
5694	52
5695	54
5696	54
5697	55
5698	55
5699	53
5700	52
5701	52
5702	52
5703	52
5704	52
5705	52
5706	52
5707	52
5708	52
5709	53
5710	53
5711	53
5712	52
5713	52
5714	52
5715	52
5716	52
5717	52
5718	52
5719	52
5720	51
5721	52
5722	52
5723	53
5724	53
5725	54
5726	54
5727	54
5728	54
5729	54
5730	54
5731	54
5732	54
5733	55
5734	55
5735	55
5736	55
5737	55
5738	55
5739	55
5740	55
5741	55
5742	56
5743	57
5744	57
5745	58
5746	57
5747	57
5748	58
5749	59
5750	60
5751	60
5752	60
5753	60
5754	59
5755	59
5756	58
5757	58
5758	58
5759	58
5760	58
5761	59
5762	59
5763	59
5764	57
5765	57
5766	57
5767	56
5768	56
5769	56
5770	57
5771	57
5772	57
5773	57
5774	57
5775	57
5776	57
5777	56
5778	56
5779	56
5780	56
5781	56
5782	56
5783	56
5784	57
5785	56
5786	59
5787	59
5788	59
5789	59
5790	58
5791	57
5792	57
5793	56
5794	56
5795	55
5796	55
5797	54
5798	54
5799	53
5800	52
5801	50
5802	50
5803	50
5804	49
5805	48
5806	47
5807	46
5808	46
5809	45
5810	45
5811	44
5812	45
5813	45
5814	46
5815	46
5816	47
5817	48
5818	48
5819	48
5820	50
5821	50
5822	50
5823	50
5824	51
5825	51
5826	50
5827	50
5828	50
5829	49
5830	50
5831	50
5832	51
5833	51
5834	51
5835	51
5836	51
5837	51
5838	50
5839	51
5840	52
5841	53
5842	53
5843	53
5844	53
5845	54
5846	53
5847	53
5848	52
5849	51
5850	49
5851	49
5852	48
5853	48
5854	48
5855	46
5856	46
5857	46
5858	46
5859	45
5860	44
5861	42
5862	41
5863	40
5864	40
5865	39
5866	39
5867	40
5868	39
5869	39
5870	39
5871	38
5872	38
5873	37
5874	37
5875	37
5876	36
5877	36
5878	36
5879	36
5880	37
5881	38
5882	38
5883	40
5884	40
5885	42
5886	42
5887	42
5888	41
5889	39
5890	39
5891	39
5892	40
5893	40
5894	40
5895	40
5896	39
5897	39
5898	39
5899	40
5900	40
5901	40
5902	40
5903	40
5904	40
5905	38
5906	37
5907	37
5908	36
5909	36
5910	36
5911	36
5912	36
5913	36
5914	35
5915	35
5916	34
5917	34
5918	32
5919	32
5920	32
5921	33
5922	33
5923	33
5924	33
5925	33
5926	34
5927	34
5928	34
5929	33
5930	33
5931	33
5932	34
5933	35
5934	35
5935	35
5936	35
5937	35
5938	35
5939	35
5940	34
5941	34
5942	33
5943	33
5944	33
5945	33
5946	33
5947	33
5948	33
5949	34
5950	34
5951	34
5952	36
5953	36
5954	36
5955	36
5956	36
5957	36
5958	36
5959	36
5960	36
5961	37
5962	37
5963	37
5964	37
5965	37
5966	37
5967	37
5968	36
5969	36
5970	35
5971	36
5972	36
5973	36
5974	37
5975	37
5976	38
5977	38
5978	37
5979	37
5980	37
5981	37
5982	37
5983	37
5984	35
5985	35
5986	34
5987	34
5988	34
5989	34
5990	34
5991	35
5992	35
5993	35
5994	35
5995	35
5996	33
5997	34
5998	34
5999	33
6000	33
6001	33
6002	33
6003	33
6004	32
6005	33
6006	33
6007	32
6008	32
6009	31
6010	32
6011	32
6012	32
6013	33
6014	33
6015	34
6016	35
6017	36
6018	36
6019	36
6020	36
6021	36
6022	37
6023	36
6024	36
6025	37
6026	37
6027	37
6028	37
6029	36
6030	36
6031	37
6032	37
6033	37
6034	37
6035	37
6036	37
6037	37
6038	37
6039	37
6040	37
6041	37
6042	37
6043	37
6044	37
6045	38
6046	38
6047	38
6048	39
6049	39
6050	39
6051	39
6052	39
6053	39
6054	39
6055	39
6056	39
6057	40
6058	40
6059	40
6060	40
6061	39
6062	39
6063	39
6064	39
6065	39
6066	39
6067	40
6068	40
6069	39
6070	39
6071	39
6072	39
6073	39
6074	39
6075	39
6076	39
6077	39
6078	39
6079	39
6080	39
6081	39
6082	39
6083	39
6084	39
6085	39
6086	39
6087	39
6088	39
6089	38
6090	38
6091	38
6092	40
6093	40
6094	40
6095	40
6096	40
6097	40
6098	40
6099	39
6100	38
6101	37
6102	36
6103	36
6104	37
6105	37
6106	37
6107	37
6108	37
6109	36
6110	37
6111	38
6112	39
6113	39
6114	39
6115	38
6116	37
6117	36
6118	35
6119	35
6120	33
6121	34
6122	33
6123	32
6124	32
6125	32
6126	32
6127	32
6128	32
6129	32
6130	32
6131	31
6132	31
6133	31
6134	31
6135	31
6136	30
6137	30
6138	31
6139	31
6140	30
6141	29
6142	29
6143	29
6144	28
6145	29
6146	30
6147	29
6148	30
6149	30
6150	30
6151	30
6152	30
6153	30
6154	30
6155	30
6156	30
6157	30
6158	30
6159	30
6160	30
6161	31
6162	30
6163	30
6164	30
6165	30
6166	29
6167	30
6168	30
6169	30
6170	30
6171	31
6172	31
6173	31
6174	31
6175	30
6176	31
6177	31
6178	31
6179	31
6180	31
6181	31
6182	31
6183	30
6184	30
6185	30
6186	31
6187	31
6188	31
6189	32
6190	33
6191	33
6192	33
6193	33
6194	34
6195	34
6196	34
6197	34
6198	33
6199	32
6200	32
6201	32
6202	32
6203	33
6204	33
6205	33
6206	33
6207	33
6208	33
6209	33
6210	33
6211	33
6212	32
6213	32
6214	32
6215	32
6216	32
6217	32
6218	32
6219	34
6220	34
6221	34
6222	34
6223	36
6224	36
6225	36
6226	36
6227	36
6228	35
6229	35
6230	36
6231	37
6232	38
6233	37
6234	37
6235	37
6236	37
6237	37
6238	37
6239	37
6240	37
6241	37
6242	37
6243	37
6244	38
6245	38
6246	38
6247	38
6248	38
6249	38
6250	38
6251	37
6252	39
6253	39
6254	40
6255	40
6256	40
6257	40
6258	40
6259	40
6260	40
6261	40
6262	40
6263	39
6264	38
6265	37
6266	37
6267	37
6268	37
6269	36
6270	36
6271	35
6272	35
6273	34
6274	34
6275	34
6276	34
6277	34
6278	34
6279	34
6280	34
6281	33
6282	33
6283	33
6284	33
6285	33
6286	33
6287	33
6288	34
6289	34
6290	34
6291	36
6292	35
6293	35
6294	35
6295	35
6296	35
6297	36
6298	35
6299	36
6300	37
6301	37
6302	38
6303	39
6304	39
6305	39
6306	39
6307	39
6308	40
6309	39
6310	38
6311	37
6312	35
6313	35
6314	35
6315	34
6316	34
6317	34
6318	34
6319	36
6320	36
6321	36
6322	36
6323	36
6324	36
6325	36
6326	37
6327	37
6328	37
6329	37
6330	36
6331	35
6332	34
6333	32
6334	32
6335	34
6336	34
6337	34
6338	35
6339	36
6340	35
6341	36
6342	34
6343	33
6344	34
6345	33
6346	33
6347	33
6348	34
6349	33
6350	33
6351	34
6352	35
6353	36
6354	37
6355	38
6356	40
6357	39
6358	39
6359	39
6360	39
6361	39
6362	39
6363	39
6364	39
6365	38
6366	39
6367	39
6368	39
6369	40
6370	40
6371	41
6372	41
6373	41
6374	41
6375	41
6376	43
6377	42
6378	43
6379	43
6380	43
6381	43
6382	44
6383	44
6384	43
6385	43
6386	43
6387	43
6388	43
6389	43
6390	44
6391	44
6392	43
6393	42
6394	42
6395	42
6396	43
6397	43
6398	43
6399	43
6400	44
6401	44
6402	44
6403	44
6404	45
6405	44
6406	45
6407	45
6408	45
6409	46
6410	45
6411	45
6412	45
6413	46
6414	45
6415	45
6416	44
6417	44
6418	44
6419	44
6420	44
6421	44
6422	44
6423	42
6424	43
6425	42
6426	40
6427	40
6428	40
6429	39
6430	39
6431	41
6432	41
6433	41
6434	41
6435	42
6436	42
6437	42
6438	43
6439	43
6440	44
6441	44
6442	44
6443	44
6444	45
6445	45
6446	45
6447	45
6448	45
6449	45
6450	45
6451	45
6452	46
6453	46
6454	46
6455	46
6456	46
6457	47
6458	47
6459	48
6460	47
6461	48
6462	48
6463	47
6464	47
6465	47
6466	47
6467	48
6468	48
6469	47
6470	48
6471	48
6472	48
6473	48
6474	47
6475	47
6476	47
6477	48
6478	48
6479	48
6480	50
6481	50
6482	50
6483	51
6484	50
6485	50
6486	49
6487	49
6488	48
6489	48
6490	47
6491	46
6492	47
6493	47
6494	47
6495	47
6496	46
6497	46
6498	46
6499	47
6500	48
6501	48
6502	47
6503	46
6504	46
6505	46
6506	46
6507	46
6508	45
6509	45
6510	45
6511	45
6512	45
6513	45
6514	45
6515	45
6516	45
6517	45
6518	45
6519	44
6520	44
6521	44
6522	43
6523	44
6524	44
6525	44
6526	44
6527	45
6528	45
6529	45
6530	45
6531	45
6532	45
6533	45
6534	46
6535	46
6536	46
6537	46
6538	45
6539	45
6540	45
6541	45
6542	46
6543	46
6544	46
6545	46
6546	46
6547	45
6548	45
6549	43
6550	43
6551	43
6552	43
6553	41
6554	42
6555	41
6556	40
6557	40
6558	41
6559	42
6560	43
6561	42
6562	42
6563	42
6564	42
6565	42
6566	42
6567	41
6568	41
6569	41
6570	41
6571	41
6572	39
6573	39
6574	39
6575	39
6576	39
6577	39
6578	39
6579	39
6580	39
6581	39
6582	39
6583	38
6584	39
6585	39
6586	39
6587	38
6588	38
6589	38
6590	38
6591	36
6592	37
6593	38
6594	38
6595	39
6596	39
6597	39
6598	39
6599	39
6600	39
6601	38
6602	37
6603	36
6604	35
6605	34
6606	33
6607	32
6608	33
6609	33
6610	32
6611	32
6612	32
6613	32
6614	32
6615	32
6616	32
6617	32
6618	32
6619	32
6620	32
6621	32
6622	32
6623	32
6624	33
6625	33
6626	33
6627	34
6628	34
6629	34
6630	35
6631	35
6632	35
6633	35
6634	34
6635	33
6636	33
6637	33
6638	34
6639	34
6640	34
6641	34
6642	34
6643	34
6644	34
6645	34
6646	34
6647	34
6648	34
6649	35
6650	35
6651	35
6652	34
6653	33
6654	33
6655	33
6656	33
6657	33
6658	33
6659	33
6660	33
6661	34
6662	36
6663	36
6664	36
6665	36
6666	36
6667	36
6668	36
6669	36
6670	36
6671	36
6672	37
6673	37
6674	36
6675	36
6676	37
6677	37
6678	37
6679	37
6680	37
6681	37
6682	37
6683	37
6684	37
6685	36
6686	36
6687	35
6688	35
6689	33
6690	33
6691	33
6692	33
6693	33
6694	33
6695	33
6696	33
6697	33
6698	34
6699	33
6700	33
6701	33
6702	33
6703	33
6704	33
6705	32
6706	32
6707	31
6708	33
6709	32
6710	32
6711	32
6712	32
6713	32
6714	31
6715	31
6716	31
6717	31
6718	31
6719	31
6720	31
6721	31
6722	31
6723	33
6724	33
6725	31
6726	32
6727	31
6728	31
6729	30
6730	30
6731	30
6732	31
6733	31
6734	31
6735	30
6736	30
6737	30
6738	29
6739	27
6740	26
6741	26
6742	25
6743	25
6744	25
6745	25
6746	25
6747	25
6748	26
6749	26
6750	26
6751	27
6752	27
6753	27
6754	27
6755	27
6756	25
6757	25
6758	25
6759	24
6760	25
6761	25
6762	26
6763	27
6764	27
6765	25
6766	25
6767	25
6768	23
6769	23
6770	23
6771	22
6772	21
6773	21
6774	21
6775	21
6776	22
6777	22
6778	22
6779	22
6780	21
6781	21
6782	21
6783	22
6784	21
6785	21
6786	22
6787	22
6788	22
6789	22
6790	22
6791	22
6792	23
6793	23
6794	23
6795	23
6796	22
6797	21
6798	20
6799	20
6800	21
6801	22
6802	22
6803	22
6804	22
6805	22
6806	22
6807	22
6808	22
6809	22
6810	21
6811	21
6812	21
6813	22
6814	21
6815	21
6816	22
6817	22
6818	22
6819	22
6820	23
6821	24
6822	24
6823	24
6824	24
6825	24
6826	24
6827	24
6828	25
6829	25
6830	25
6831	26
6832	26
6833	27
6834	27
6835	27
6836	27
6837	27
6838	26
6839	26
6840	26
6841	26
6842	26
6843	26
6844	25
6845	25
6846	24
6847	24
6848	23
6849	23
6850	23
6851	23
6852	22
6853	22
6854	21
6855	21
6856	21
6857	21
6858	21
6859	21
6860	21
6861	22
6862	22
6863	22
6864	23
6865	24
6866	24
6867	24
6868	24
6869	23
6870	23
6871	23
6872	24
6873	24
6874	24
6875	24
6876	24
6877	24
6878	25
6879	25
6880	25
6881	25
6882	25
6883	25
6884	24
6885	24
6886	25
6887	25
6888	25
6889	25
6890	25
6891	25
6892	25
6893	26
6894	26
6895	26
6896	25
6897	25
6898	25
6899	25
6900	24
6901	24
6902	24
6903	24
6904	25
6905	25
6906	25
6907	25
6908	25
6909	25
6910	26
6911	26
6912	27
6913	28
6914	28
6915	28
6916	28
6917	28
6918	28
6919	29
6920	29
6921	29
6922	29
6923	29
6924	31
6925	30
6926	31
6927	31
6928	31
6929	31
6930	31
6931	33
6932	33
6933	33
6934	33
6935	33
6936	33
6937	33
6938	34
6939	33
6940	33
6941	33
6942	33
6943	34
6944	34
6945	34
6946	34
6947	34
6948	34
6949	33
6950	33
6951	33
6952	33
6953	33
6954	31
6955	32
6956	32
6957	33
6958	33
6959	33
6960	33
6961	33
6962	33
6963	33
6964	33
6965	33
6966	33
6967	33
6968	34
6969	34
6970	36
6971	36
6972	37
6973	36
6974	36
6975	36
6976	37
6977	35
6978	35
6979	35
6980	35
6981	35
6982	34
6983	34
6984	34
6985	34
6986	34
6987	34
6988	34
6989	34
6990	34
6991	35
6992	35
6993	34
6994	34
6995	34
6996	34
6997	34
6998	34
6999	34
7000	34
7001	36
7002	35
7003	35
7004	35
7005	35
7006	34
7007	34
7008	34
7009	34
7010	34
7011	32
7012	32
7013	32
7014	32
7015	32
7016	32
7017	32
7018	32
7019	32
7020	33
7021	32
7022	32
7023	32
7024	32
7025	32
7026	32
7027	32
7028	33
7029	33
7030	33
7031	33
7032	33
7033	33
7034	33
7035	33
7036	33
7037	33
7038	32
7039	32
7040	32
7041	31
7042	31
7043	31
7044	31
7045	31
7046	31
7047	31
7048	31
7049	31
7050	30
7051	28
7052	29
7053	29
7054	28
7055	28
7056	28
7057	28
7058	28
7059	28
7060	29
7061	29
7062	28
7063	28
7064	27
7065	26
7066	26
7067	24
7068	24
7069	24
7070	24
7071	24
7072	24
7073	24
7074	25
7075	25
7076	25
7077	25
7078	25
7079	25
7080	25
7081	23
7082	23
7083	23
7084	23
7085	23
7086	22
7087	22
7088	21
7089	21
7090	21
7091	21
7092	21
7093	21
7094	21
7095	21
7096	19
7097	19
7098	19
7099	19
7100	19
7101	19
7102	19
7103	18
7104	18
7105	18
7106	19
7107	18
7108	18
7109	17
7110	17
7111	17
7112	17
7113	17
7114	17
7115	17
7116	17
7117	17
7118	17
7119	17
7120	17
7121	17
7122	19
7123	19
7124	18
7125	18
7126	19
7127	19
7128	20
7129	20
7130	19
7131	20
7132	19
7133	19
7134	19
7135	19
7136	20
7137	20
7138	20
7139	20
7140	21
7141	21
7142	21
7143	22
7144	21
7145	21
7146	21
7147	21
7148	20
7149	20
7150	20
7151	20
7152	20
7153	20
7154	20
7155	20
7156	21
7157	21
7158	22
7159	22
7160	22
7161	22
7162	22
7163	22
7164	22
7165	23
7166	23
7167	23
7168	23
7169	24
7170	24
7171	24
7172	24
7173	24
7174	24
7175	24
7176	24
7177	23
7178	23
7179	23
7180	23
7181	22
7182	22
7183	23
7184	23
7185	23
7186	23
7187	25
7188	25
7189	25
7190	26
7191	26
7192	26
7193	25
7194	25
7195	25
7196	26
7197	26
7198	25
7199	25
7200	26
7201	26
7202	26
7203	26
7204	25
7205	25
7206	25
7207	25
7208	23
7209	23
7210	22
7211	22
7212	22
7213	21
7214	21
7215	21
7216	21
7217	21
7218	21
7219	21
7220	21
7221	22
7222	22
7223	22
7224	22
7225	21
7226	21
7227	21
7228	21
7229	21
7230	21
7231	21
7232	21
7233	20
7234	20
7235	20
7236	20
7237	20
7238	20
7239	20
7240	20
7241	19
7242	19
7243	18
7244	18
7245	18
7246	17
7247	17
7248	17
7249	18
7250	18
7251	18
7252	18
7253	18
7254	18
7255	17
7256	17
7257	17
7258	17
7259	17
7260	17
7261	18
7262	18
7263	18
7264	17
7265	17
7266	17
7267	17
7268	17
7269	18
7270	18
7271	17
7272	17
7273	17
7274	17
7275	17
7276	17
7277	17
7278	17
7279	16
7280	16
7281	15
7282	15
7283	15
7284	16
7285	16
7286	16
7287	16
7288	16
7289	16
7290	16
7291	16
7292	16
7293	16
7294	16
7295	16
7296	16
7297	17
7298	17
7299	17
7300	17
7301	17
7302	17
7303	16
7304	16
7305	16
7306	15
7307	15
7308	14
7309	14
7310	14
7311	14
7312	14
7313	14
7314	14
7315	14
7316	14
7317	13
7318	13
7319	13
7320	13
7321	13
7322	13
7323	12
7324	11
7325	11
7326	11
7327	11
7328	11
7329	11
7330	11
7331	11
7332	11
7333	11
7334	11
7335	11
7336	11
7337	11
7338	11
7339	11
7340	11
7341	11
7342	11
7343	11
7344	11
7345	11
7346	11
7347	11
7348	11
7349	11
7350	10
7351	10
7352	10
7353	10
7354	11
7355	11
7356	11
7357	11
7358	11
7359	11
7360	11
7361	11
7362	11
7363	11
7364	11
7365	11
7366	11
7367	11
7368	10
7369	10
7370	9
7371	9
7372	10
7373	9
7374	9
7375	9
7376	9
7377	9
7378	9
7379	9
7380	9
7381	9
7382	10
7383	10
7384	10
7385	10
7386	10
7387	10
7388	9
7389	9
7390	9
7391	9
7392	9
7393	9
7394	9
7395	9
7396	9
7397	8
7398	8
7399	8
7400	8
7401	8
7402	8
7403	8
7404	8
7405	8
7406	8
7407	7
7408	7
7409	7
7410	7
7411	7
7412	7
7413	7
7414	7
7415	7
7416	7
7417	7
7418	7
7419	7
7420	7
7421	7
7422	7
7423	7
7424	7
7425	7
7426	7
7427	7
7428	7
7429	7
7430	7
7431	7
7432	7
7433	6
7434	6
7435	6
7436	6
7437	6
7438	6
7439	6
7440	6
7441	6
7442	6
7443	7
7444	7
7445	7
7446	7
7447	7
7448	7
7449	7
7450	7
7451	7
7452	7
7453	7
7454	7
7455	7
7456	7
7457	7
7458	7
7459	7
7460	7
7461	7
7462	7
7463	7
7464	7
7465	7
7466	7
7467	7
7468	7
7469	6
7470	6
7471	6
7472	6
7473	6
7474	6
7475	6
7476	6
7477	6
7478	6
7479	6
7480	6
7481	7
7482	7
7483	7
7484	7
7485	7
7486	7
7487	7
7488	7
7489	7
7490	7
7491	7
7492	7
7493	7
7494	7
7495	7
7496	7
7497	7
7498	7
7499	7
7500	8
7501	8
7502	8
7503	8
7504	7
7505	8
7506	7
7507	7
7508	7
7509	7
7510	6
7511	5
7512	5
7513	5
7514	5
7515	5
7516	5
7517	5
7518	5
7519	5
7520	5
7521	5
7522	5
7523	5
7524	5
7525	5
7526	5
7527	5
7528	5
7529	5
7530	4
7531	4
7532	4
7533	4
7534	4
7535	4
7536	3
7537	3
7538	3
7539	3
7540	3
7541	3
7542	3
7543	3
7544	3
7545	3
7546	3
7547	3
7548	3
7549	3
7550	3
7551	3
7552	3
7553	3
7554	3
7555	3
7556	3
7557	3
7558	3
7559	3
7560	3
7561	3
7562	4
7563	4
7564	4
7565	4
7566	4
7567	4
7568	4
7569	4
7570	4
7571	4
7572	4
7573	4
7574	4
7575	4
7576	4
7577	4
7578	4
7579	4
7580	4
7581	4
7582	4
7583	4
7584	4
7585	4
7586	4
7587	5
7588	5
7589	5
7590	5
7591	5
7592	5
7593	5
7594	5
7595	5
7596	5
7597	5
7598	5
7599	5
7600	5
7601	6
7602	6
7603	6
7604	6
7605	6
7606	6
7607	6
7608	6
7609	6
7610	6
7611	6
7612	6
7613	6
7614	6
7615	6
7616	6
7617	6
7618	6
7619	6
7620	6
7621	6
7622	6
7623	6
7624	6
7625	6
7626	6
7627	6
7628	6
7629	6
7630	6
7631	6
7632	6
7633	6
7634	6
7635	6
7636	6
7637	5
7638	5
7639	5
7640	5
7641	5
7642	5
7643	5
7644	5
7645	5
7646	5
7647	5
7648	5
7649	5
7650	5
7651	5
7652	5
7653	5
7654	5
7655	5
7656	5
7657	5
7658	5
7659	5
7660	5
7661	5
7662	5
7663	5
7664	5
7665	5
7666	5
7667	5
7668	5
7669	5
7670	5
7671	4
7672	4
7673	4
7674	4
7675	4
7676	4
7677	4
7678	4
7679	4
7680	4
7681	4
7682	4
7683	4
7684	4
7685	4
7686	4
7687	4
7688	4
7689	4
7690	4
7691	4
7692	4
7693	4
7694	4
7695	4
7696	4
7697	4
7698	4
7699	4
7700	4
7701	4
7702	4
7703	4
7704	4
7705	4
7706	4
7707	4
7708	4
7709	4
7710	4
7711	4
7712	4
7713	4
7714	4
7715	4
7716	4
7717	4
7718	4
7719	4
7720	4
7721	5
7722	6
7723	6
7724	6
7725	6
7726	6
7727	6
7728	6
7729	6
7730	6
7731	6
7732	6
7733	6
7734	6
7735	6
7736	6
7737	6
7738	6
7739	6
7740	6
7741	6
7742	7
7743	6
7744	6
7745	6
7746	6
7747	7
7748	7
7749	7
7750	7
7751	7
7752	7
7753	7
7754	7
7755	7
7756	7
7757	7
7758	7
7759	7
7760	7
7761	7
7762	7
7763	7
7764	7
7765	7
7766	7
7767	7
7768	7
7769	7
7770	7
7771	7
7772	7
7773	7
7774	7
7775	7
7776	7
7777	7
7778	7
7779	7
7780	7
7781	7
7782	7
7783	7
7784	7
7785	7
7786	7
7787	7
7788	7
7789	7
7790	7
7791	7
7792	8
7793	8
7794	8
7795	8
7796	8
7797	8
7798	8
7799	8
7800	8
7801	8
7802	8
7803	8
7804	8
7805	8
7806	8
7807	8
7808	7
7809	7
7810	7
7811	8
7812	8
7813	9
7814	9
7815	9
7816	9
7817	9
7818	9
7819	9
7820	8
7821	8
7822	8
7823	8
7824	8
7825	8
7826	8
7827	8
7828	8
7829	8
7830	8
7831	8
7832	8
7833	8
7834	8
7835	8
7836	8
7837	8
7838	8
7839	8
7840	8
7841	8
7842	8
7843	8
7844	8
7845	8
7846	8
7847	8
7848	8
7849	8
7850	8
7851	8
7852	8
7853	8
7854	8
7855	8
7856	8
7857	8
7858	8
7859	8
7860	8
7861	7
7862	7
7863	7
7864	7
7865	7
7866	7
7867	7
7868	7
7869	7
7870	7
7871	7
7872	7
7873	7
7874	7
7875	6
7876	6
7877	6
7878	6
7879	6
7880	6
7881	6
7882	6
7883	6
7884	6
7885	6
7886	6
7887	6
7888	6
7889	6
7890	6
7891	6
7892	6
7893	6
7894	6
7895	6
7896	6
7897	6
7898	6
7899	6
7900	6
7901	6
7902	5
7903	5
7904	5
7905	5
7906	5
7907	5
7908	5
7909	4
7910	4
7911	4
7912	4
7913	4
7914	4
7915	4
7916	4
7917	3
7918	3
7919	4
7920	4
7921	4
7922	4
7923	4
7924	4
7925	4
7926	4
7927	4
7928	4
7929	4
7930	4
7931	4
7932	4
7933	4
7934	4
7935	4
7936	3
7937	3
7938	3
7939	3
7940	3
7941	3
7942	3
7943	3
7944	3
7945	3
7946	3
7947	3
7948	3
7949	3
7950	3
7951	3
7952	2
7953	2
7954	2
7955	2
7956	2
7957	2
7958	2
7959	2
7960	2
7961	2
7962	2
7963	2
7964	2
7965	2
7966	2
7967	2
7968	2
7969	2
7970	2
7971	2
7972	2
7973	2
7974	2
7975	2
7976	2
7977	2
7978	2
7979	2
7980	2
7981	2
7982	2
7983	2
7984	2
7985	2
7986	2
7987	2
7988	2
7989	2
7990	2
7991	2
7992	2
7993	2
7994	2
7995	2
7996	2
7997	2
7998	2
7999	2
8000	2
8001	2
8002	2
8003	2
8004	2
8005	2
8006	2
8007	2
8008	2
8009	2
8010	2
8011	2
8012	2
8013	1
8014	1
8015	1
8016	1
8017	1
8018	1
8019	1
8020	1
8021	1
8022	1
8023	1
8024	1
8025	1
8026	1
8027	1
8028	1
8029	1
8030	1
8031	1
8032	1
8033	1
8034	1
8035	1
8036	1
8037	1
8038	1
8039	1
8040	1
8041	1
8042	1
8043	1
8044	1
8045	1
8046	1
8047	1
8048	1
8049	1
8050	1
8051	1
8052	1
8053	1
8054	1
8055	1
8056	1
8057	1
8058	1
8059	1
8060	1
8061	1
8062	1
8063	1
8064	1
8065	1
8066	1
8067	1
8068	1
8069	1
8070	1
8071	1
8072	1
8073	1
8074	1
8075	1
8076	1
8077	1
8078	1
8079	1
8080	1
8081	1
8082	1
8083	1
8084	1
8085	1
8086	1
8087	1
8088	1
8089	1
8090	1
8091	1
8092	1
8093	1
8094	1
8095	1
8096	1
8097	1
8098	1
8099	1
8100	1
8101	1
8102	1
8103	1
8104	1
8105	1
8106	1
8107	1
8108	1
8109	1
8110	1
8111	1
8112	1
8113	1
8114	1
8115	1
8116	1
8117	1
8118	1
8119	1
8120	1
8121	1
8122	1
8123	1
8124	1
8125	1
8126	1
8127	1
8128	1
8129	1
8130	1
8131	1
8132	1
8133	1
8134	1
8135	1
8136	1
8137	1
8138	1
8139	1
8140	1
8141	1
8142	1
8143	1
8144	1
8145	1
8146	1
8147	1
8148	1
8149	1
8150	1
8151	1
8152	1
8153	1
8154	1
8155	1
8156	1
8157	1
8158	1
8159	1
8160	1
8161	1
8162	1
8163	1
8164	1
8165	1
8166	1
8167	1
8168	1
8169	1
8170	1
8171	1
8172	1
8173	1
8174	1
8175	1
8176	1
8177	1
8178	1
8179	1
8180	1
8181	1
8182	1
8183	1
8184	1
8185	1
8186	1
8187	1
8188	1
8189	1
8190	1
8191	1
8192	1
8193	1
8194	1
8195	1
8196	1
8197	1
8198	1
8199	1
8200	1
8201	1
8202	0
