1	0
2	1
3	1
4	1
5	1
6	1
7	1
8	1
9	1
10	1
11	1
12	1
13	1
14	2
15	2
16	3
17	4
18	4
19	4
20	4
21	4
22	4
23	4
24	4
25	4
26	4
27	5
28	6
29	6
30	6
31	6
32	6
33	6
34	6
35	6
36	7
37	7
38	8
39	8
40	9
41	8
42	8
43	10
44	10
45	11
46	11
47	12
48	12
49	12
50	12
51	13
52	13
53	13
54	14
55	14
56	14
57	14
58	15
59	15
60	15
61	15
62	15
63	16
64	17
65	16
66	16
67	17
68	18
69	18
70	18
71	18
72	18
73	18
74	17
75	16
76	16
77	16
78	16
79	16
80	16
81	16
82	17
83	17
84	16
85	16
86	17
87	17
88	17
89	17
90	17
91	17
92	17
93	16
94	16
95	16
96	15
97	14
98	15
99	14
100	14
101	14
102	14
103	15
104	15
105	15
106	16
107	16
108	16
109	16
110	16
111	16
112	15
113	15
114	15
115	15
116	13
117	13
118	14
119	15
120	15
121	15
122	16
123	16
124	17
125	17
126	17
127	17
128	19
129	19
130	19
131	18
132	18
133	19
134	20
135	21
136	21
137	21
138	21
139	21
140	22
141	22
142	22
143	21
144	21
145	21
146	22
147	23
148	23
149	23
150	24
151	24
152	24
153	24
154	22
155	21
156	21
157	22
158	22
159	22
160	22
161	22
162	22
163	22
164	22
165	21
166	21
167	21
168	22
169	22
170	22
171	22
172	21
173	21
174	21
175	21
176	21
177	21
178	21
179	22
180	21
181	22
182	22
183	21
184	22
185	23
186	24
187	24
188	25
189	25
190	25
191	25
192	25
193	25
194	24
195	24
196	24
197	24
198	24
199	24
200	25
201	25
202	25
203	25
204	25
205	25
206	25
207	25
208	25
209	24
210	24
211	23
212	24
213	25
214	26
215	26
216	26
217	26
218	26
219	26
220	27
221	26
222	29
223	29
224	30
225	30
226	31
227	30
228	30
229	31
230	32
231	32
232	32
233	32
234	32
235	31
236	32
237	32
238	31
239	31
240	31
241	30
242	30
243	30
244	30
245	30
246	31
247	31
248	30
249	30
250	30
251	30
252	31
253	31
254	31
255	31
256	31
257	31
258	31
259	33
260	32
261	32
262	31
263	32
264	32
265	32
266	32
267	32
268	34
269	34
270	34
271	35
272	35
273	35
274	37
275	38
276	38
277	38
278	39
279	40
280	40
281	40
282	41
283	41
284	41
285	41
286	41
287	40
288	40
289	40
290	40
291	40
292	40
293	41
294	41
295	40
296	40
297	40
298	40
299	39
300	39
301	40
302	40
303	40
304	40
305	40
306	39
307	39
308	38
309	38
310	38
311	38
312	38
313	37
314	36
315	37
316	36
317	35
318	35
319	36
320	36
321	36
322	36
323	37
324	37
325	37
326	36
327	36
328	36
329	36
330	35
331	36
332	37
333	37
334	37
335	39
336	39
337	39
338	38
339	38
340	38
341	38
342	36
343	34
344	35
345	35
346	35
347	35
348	35
349	34
350	34
351	33
352	32
353	30
354	29
355	29
356	29
357	30
358	30
359	30
360	29
361	29
362	28
363	28
364	28
365	28
366	29
367	30
368	30
369	30
370	30
371	29
372	30
373	32
374	33
375	33
376	32
377	32
378	32
379	33
380	34
381	34
382	34
383	34
384	34
385	34
386	33
387	32
388	32
389	32
390	33
391	33
392	33
393	31
394	32
395	31
396	31
397	31
398	31
399	32
400	32
401	33
402	32
403	32
404	33
405	35
406	34
407	34
408	33
409	33
410	34
411	34
412	34
413	35
414	35
415	35
416	34
417	34
418	34
419	34
420	34
421	35
422	34
423	34
424	34
425	34
426	34
427	34
428	34
429	33
430	33
431	33
432	33
433	33
434	34
435	33
436	33
437	33
438	33
439	33
440	33
441	34
442	34
443	33
444	31
445	31
446	30
447	29
448	28
449	28
450	27
451	27
452	28
453	28
454	28
455	29
456	29
457	29
458	29
459	29
460	29
461	29
462	29
463	29
464	29
465	29
466	29
467	29
468	29
469	29
470	29
471	29
472	29
473	29
474	30
475	29
476	30
477	31
478	30
479	30
480	30
481	30
482	30
483	30
484	29
485	27
486	27
487	27
488	28
489	28
490	26
491	25
492	25
493	25
494	26
495	27
496	27
497	27
498	28
499	28
500	28
501	28
502	29
503	28
504	29
505	28
506	28
507	28
508	28
509	27
510	28
511	28
512	28
513	27
514	27
515	26
516	26
517	26
518	26
519	27
520	27
521	26
522	26
523	27
524	27
525	27
526	27
527	27
528	27
529	27
530	28
531	27
532	26
533	27
534	27
535	27
536	28
537	28
538	28
539	27
540	27
541	27
542	29
543	29
544	29
545	30
546	31
547	32
548	32
549	32
550	32
551	32
552	32
553	31
554	31
555	30
556	30
557	30
558	30
559	31
560	31
561	33
562	32
563	32
564	33
565	32
566	33
567	31
568	31
569	30
570	31
571	32
572	32
573	32
574	33
575	33
576	36
577	37
578	36
579	37
580	37
581	36
582	34
583	33
584	33
585	33
586	33
587	33
588	33
589	34
590	34
591	35
592	35
593	36
594	36
595	36
596	39
597	38
598	37
599	38
600	38
601	39
602	38
603	39
604	39
605	39
606	39
607	40
608	40
609	40
610	41
611	40
612	39
613	40
614	40
615	41
616	41
617	42
618	43
619	42
620	42
621	43
622	43
623	43
624	44
625	44
626	43
627	44
628	45
629	46
630	46
631	45
632	45
633	44
634	44
635	42
636	42
637	42
638	43
639	43
640	43
641	43
642	42
643	41
644	41
645	40
646	40
647	40
648	40
649	39
650	39
651	38
652	39
653	39
654	39
655	38
656	39
657	38
658	38
659	37
660	36
661	36
662	35
663	34
664	35
665	35
666	34
667	34
668	32
669	31
670	31
671	32
672	32
673	32
674	32
675	33
676	34
677	33
678	34
679	33
680	33
681	32
682	33
683	35
684	34
685	36
686	34
687	34
688	34
689	34
690	34
691	35
692	34
693	34
694	35
695	34
696	33
697	31
698	32
699	32
700	32
701	33
702	33
703	33
704	33
705	33
706	33
707	33
708	33
709	32
710	32
711	32
712	31
713	31
714	32
715	32
716	32
717	32
718	31
719	31
720	31
721	31
722	32
723	32
724	31
725	32
726	32
727	32
728	32
729	32
730	32
731	32
732	33
733	33
734	34
735	33
736	32
737	32
738	32
739	31
740	31
741	32
742	32
743	32
744	32
745	32
746	32
747	33
748	33
749	33
750	34
751	33
752	33
753	32
754	31
755	31
756	32
757	32
758	32
759	32
760	32
761	32
762	32
763	31
764	32
765	31
766	30
767	29
768	29
769	30
770	31
771	31
772	32
773	32
774	32
775	32
776	33
777	35
778	34
779	34
780	35
781	35
782	35
783	35
784	35
785	35
786	35
787	36
788	36
789	36
790	38
791	39
792	40
793	40
794	40
795	39
796	38
797	37
798	38
799	36
800	37
801	37
802	35
803	35
804	35
805	36
806	37
807	37
808	38
809	38
810	36
811	37
812	36
813	35
814	34
815	35
816	35
817	35
818	35
819	35
820	35
821	35
822	35
823	34
824	33
825	33
826	34
827	36
828	37
829	37
830	37
831	36
832	36
833	37
834	38
835	38
836	38
837	37
838	37
839	37
840	37
841	37
842	37
843	36
844	36
845	36
846	35
847	34
848	33
849	32
850	32
851	33
852	33
853	34
854	33
855	33
856	33
857	33
858	34
859	35
860	35
861	36
862	36
863	36
864	36
865	37
866	38
867	38
868	38
869	37
870	36
871	35
872	35
873	36
874	37
875	37
876	37
877	38
878	38
879	38
880	38
881	39
882	40
883	40
884	39
885	38
886	38
887	38
888	38
889	36
890	36
891	37
892	37
893	38
894	38
895	38
896	38
897	38
898	39
899	39
900	39
901	38
902	39
903	39
904	39
905	39
906	39
907	37
908	39
909	38
910	39
911	39
912	38
913	39
914	40
915	40
916	40
917	40
918	38
919	38
920	38
921	38
922	37
923	37
924	36
925	36
926	35
927	36
928	35
929	35
930	36
931	35
932	35
933	35
934	34
935	34
936	34
937	33
938	33
939	32
940	32
941	31
942	32
943	32
944	33
945	34
946	34
947	35
948	35
949	35
950	35
951	35
952	35
953	37
954	37
955	37
956	38
957	38
958	38
959	38
960	37
961	38
962	37
963	37
964	36
965	36
966	35
967	35
968	35
969	36
970	36
971	36
972	37
973	38
974	38
975	38
976	39
977	42
978	43
979	42
980	42
981	42
982	42
983	42
984	43
985	43
986	42
987	41
988	41
989	40
990	39
991	38
992	38
993	38
994	40
995	39
996	39
997	39
998	40
999	40
1000	40
1001	40
1002	41
1003	40
1004	40
1005	40
1006	39
1007	40
1008	40
1009	40
1010	40
1011	39
1012	40
1013	40
1014	40
1015	39
1016	39
1017	39
1018	39
1019	40
1020	41
1021	42
1022	41
1023	42
1024	42
1025	42
1026	42
1027	42
1028	41
1029	42
1030	42
1031	43
1032	43
1033	43
1034	43
1035	44
1036	44
1037	45
1038	46
1039	46
1040	46
1041	44
1042	44
1043	44
1044	44
1045	44
1046	45
1047	45
1048	45
1049	44
1050	46
1051	46
1052	45
1053	44
1054	43
1055	42
1056	42
1057	42
1058	42
1059	42
1060	42
1061	42
1062	41
1063	41
1064	41
1065	40
1066	40
1067	39
1068	38
1069	37
1070	38
1071	39
1072	38
1073	40
1074	40
1075	41
1076	41
1077	41
1078	42
1079	42
1080	41
1081	41
1082	40
1083	41
1084	40
1085	40
1086	41
1087	41
1088	41
1089	42
1090	43
1091	43
1092	41
1093	40
1094	40
1095	40
1096	40
1097	41
1098	42
1099	42
1100	42
1101	41
1102	41
1103	40
1104	40
1105	40
1106	40
1107	40
1108	38
1109	38
1110	39
1111	38
1112	37
1113	38
1114	38
1115	37
1116	37
1117	37
1118	36
1119	36
1120	37
1121	37
1122	37
1123	35
1124	34
1125	34
1126	34
1127	33
1128	33
1129	33
1130	33
1131	34
1132	34
1133	33
1134	33
1135	32
1136	32
1137	33
1138	33
1139	34
1140	34
1141	32
1142	32
1143	30
1144	30
1145	30
1146	30
1147	31
1148	31
1149	30
1150	29
1151	30
1152	31
1153	31
1154	31
1155	32
1156	32
1157	35
1158	34
1159	34
1160	33
1161	35
1162	34
1163	34
1164	34
1165	34
1166	34
1167	34
1168	34
1169	34
1170	34
1171	34
1172	35
1173	35
1174	35
1175	36
1176	38
1177	39
1178	40
1179	39
1180	39
1181	39
1182	39
1183	39
1184	39
1185	39
1186	39
1187	40
1188	42
1189	42
1190	43
1191	43
1192	43
1193	42
1194	40
1195	40
1196	40
1197	37
1198	38
1199	38
1200	38
1201	38
1202	38
1203	39
1204	39
1205	38
1206	39
1207	38
1208	38
1209	38
1210	39
1211	39
1212	38
1213	39
1214	40
1215	40
1216	41
1217	42
1218	42
1219	43
1220	43
1221	43
1222	42
1223	42
1224	43
1225	43
1226	44
1227	44
1228	44
1229	44
1230	43
1231	44
1232	44
1233	44
1234	44
1235	44
1236	44
1237	46
1238	45
1239	44
1240	44
1241	44
1242	45
1243	45
1244	45
1245	44
1246	45
1247	46
1248	44
1249	43
1250	43
1251	44
1252	45
1253	45
1254	45
1255	44
1256	44
1257	43
1258	43
1259	43
1260	44
1261	44
1262	45
1263	44
1264	44
1265	44
1266	43
1267	44
1268	45
1269	45
1270	47
1271	46
1272	48
1273	48
1274	47
1275	47
1276	46
1277	47
1278	48
1279	48
1280	48
1281	48
1282	47
1283	47
1284	47
1285	48
1286	49
1287	48
1288	50
1289	51
1290	51
1291	51
1292	53
1293	53
1294	54
1295	54
1296	54
1297	53
1298	52
1299	51
1300	51
1301	51
1302	51
1303	52
1304	52
1305	52
1306	53
1307	52
1308	52
1309	55
1310	54
1311	54
1312	54
1313	53
1314	53
1315	54
1316	54
1317	54
1318	54
1319	55
1320	54
1321	56
1322	56
1323	55
1324	58
1325	58
1326	57
1327	56
1328	57
1329	57
1330	58
1331	58
1332	58
1333	56
1334	56
1335	56
1336	56
1337	55
1338	55
1339	55
1340	55
1341	55
1342	56
1343	55
1344	56
1345	56
1346	56
1347	55
1348	55
1349	54
1350	53
1351	53
1352	50
1353	52
1354	49
1355	48
1356	48
1357	49
1358	48
1359	48
1360	46
1361	45
1362	45
1363	45
1364	45
1365	45
1366	46
1367	48
1368	48
1369	48
1370	48
1371	49
1372	49
1373	46
1374	43
1375	43
1376	44
1377	44
1378	45
1379	45
1380	45
1381	45
1382	45
1383	44
1384	45
1385	45
1386	45
1387	45
1388	45
1389	45
1390	45
1391	46
1392	47
1393	48
1394	47
1395	48
1396	48
1397	48
1398	48
1399	48
1400	48
1401	50
1402	51
1403	51
1404	51
1405	52
1406	52
1407	51
1408	51
1409	52
1410	51
1411	50
1412	49
1413	50
1414	48
1415	47
1416	47
1417	47
1418	48
1419	47
1420	47
1421	46
1422	46
1423	45
1424	44
1425	45
1426	45
1427	45
1428	44
1429	44
1430	44
1431	42
1432	42
1433	41
1434	41
1435	41
1436	40
1437	40
1438	39
1439	38
1440	38
1441	38
1442	38
1443	38
1444	38
1445	39
1446	39
1447	38
1448	38
1449	39
1450	39
1451	38
1452	39
1453	40
1454	41
1455	41
1456	42
1457	42
1458	42
1459	41
1460	41
1461	40
1462	40
1463	39
1464	39
1465	38
1466	39
1467	39
1468	40
1469	40
1470	40
1471	42
1472	41
1473	42
1474	41
1475	42
1476	41
1477	42
1478	43
1479	43
1480	44
1481	44
1482	43
1483	42
1484	42
1485	42
1486	42
1487	42
1488	42
1489	42
1490	43
1491	44
1492	44
1493	43
1494	42
1495	41
1496	39
1497	40
1498	41
1499	41
1500	40
1501	41
1502	42
1503	43
1504	42
1505	42
1506	43
1507	44
1508	44
1509	45
1510	45
1511	46
1512	46
1513	44
1514	45
1515	44
1516	43
1517	43
1518	42
1519	41
1520	41
1521	41
1522	41
1523	40
1524	41
1525	41
1526	40
1527	40
1528	41
1529	40
1530	41
1531	42
1532	42
1533	42
1534	42
1535	41
1536	42
1537	42
1538	41
1539	39
1540	39
1541	38
1542	37
1543	36
1544	36
1545	36
1546	36
1547	36
1548	36
1549	36
1550	35
1551	35
1552	36
1553	37
1554	37
1555	37
1556	38
1557	38
1558	38
1559	38
1560	39
1561	39
1562	39
1563	39
1564	39
1565	41
1566	41
1567	42
1568	42
1569	43
1570	43
1571	43
1572	43
1573	44
1574	43
1575	43
1576	43
1577	43
1578	43
1579	43
1580	43
1581	43
1582	44
1583	44
1584	45
1585	45
1586	45
1587	45
1588	44
1589	45
1590	44
1591	43
1592	44
1593	43
1594	43
1595	44
1596	45
1597	45
1598	44
1599	45
1600	46
1601	47
1602	47
1603	46
1604	46
1605	45
1606	46
1607	45
1608	45
1609	44
1610	44
1611	44
1612	45
1613	46
1614	46
1615	49
1616	48
1617	48
1618	49
1619	50
1620	50
1621	49
1622	49
1623	48
1624	48
1625	49
1626	48
1627	49
1628	49
1629	47
1630	47
1631	46
1632	47
1633	47
1634	46
1635	46
1636	47
1637	46
1638	46
1639	48
1640	48
1641	47
1642	47
1643	47
1644	48
1645	48
1646	48
1647	48
1648	47
1649	48
1650	49
1651	50
1652	50
1653	50
1654	50
1655	51
1656	52
1657	52
1658	51
1659	50
1660	51
1661	51
1662	51
1663	51
1664	50
1665	50
1666	50
1667	50
1668	49
1669	50
1670	51
1671	51
1672	53
1673	53
1674	52
1675	53
1676	53
1677	54
1678	56
1679	57
1680	60
1681	60
1682	60
1683	61
1684	61
1685	61
1686	61
1687	60
1688	60
1689	58
1690	56
1691	55
1692	53
1693	53
1694	53
1695	52
1696	53
1697	54
1698	54
1699	55
1700	53
1701	53
1702	53
1703	54
1704	53
1705	52
1706	52
1707	53
1708	51
1709	50
1710	50
1711	50
1712	50
1713	52
1714	52
1715	51
1716	52
1717	53
1718	53
1719	54
1720	54
1721	55
1722	55
1723	56
1724	55
1725	54
1726	55
1727	54
1728	53
1729	54
1730	52
1731	51
1732	50
1733	50
1734	50
1735	49
1736	50
1737	50
1738	50
1739	50
1740	50
1741	50
1742	51
1743	52
1744	52
1745	51
1746	52
1747	53
1748	53
1749	53
1750	53
1751	52
1752	49
1753	49
1754	48
1755	48
1756	49
1757	49
1758	48
1759	48
1760	49
1761	49
1762	50
1763	51
1764	51
1765	50
1766	49
1767	49
1768	52
1769	52
1770	51
1771	50
1772	50
1773	48
1774	51
1775	51
1776	53
1777	53
1778	53
1779	54
1780	53
1781	53
1782	52
1783	51
1784	52
1785	51
1786	51
1787	50
1788	50
1789	50
1790	50
1791	49
1792	49
1793	49
1794	49
1795	50
1796	48
1797	51
1798	48
1799	48
1800	48
1801	49
1802	50
1803	50
1804	50
1805	49
1806	51
1807	50
1808	52
1809	50
1810	51
1811	50
1812	51
1813	50
1814	48
1815	49
1816	49
1817	48
1818	47
1819	47
1820	47
1821	47
1822	46
1823	44
1824	43
1825	44
1826	46
1827	45
1828	48
1829	48
1830	49
1831	49
1832	49
1833	50
1834	50
1835	51
1836	51
1837	50
1838	50
1839	49
1840	48
1841	51
1842	53
1843	53
1844	52
1845	51
1846	50
1847	49
1848	50
1849	51
1850	52
1851	52
1852	53
1853	54
1854	55
1855	56
1856	56
1857	56
1858	55
1859	57
1860	57
1861	57
1862	58
1863	58
1864	58
1865	58
1866	58
1867	58
1868	57
1869	58
1870	59
1871	59
1872	59
1873	59
1874	59
1875	57
1876	56
1877	55
1878	54
1879	54
1880	54
1881	55
1882	54
1883	52
1884	50
1885	50
1886	49
1887	49
1888	49
1889	49
1890	48
1891	50
1892	52
1893	52
1894	51
1895	51
1896	52
1897	51
1898	54
1899	53
1900	52
1901	51
1902	51
1903	49
1904	48
1905	47
1906	48
1907	48
1908	50
1909	50
1910	51
1911	50
1912	52
1913	53
1914	52
1915	52
1916	51
1917	50
1918	51
1919	52
1920	53
1921	55
1922	55
1923	53
1924	53
1925	52
1926	52
1927	52
1928	53
1929	52
1930	51
1931	52
1932	51
1933	51
1934	48
1935	48
1936	48
1937	48
1938	49
1939	49
1940	50
1941	49
1942	49
1943	49
1944	49
1945	46
1946	46
1947	47
1948	46
1949	45
1950	46
1951	46
1952	47
1953	50
1954	49
1955	49
1956	50
1957	51
1958	52
1959	51
1960	51
1961	52
1962	53
1963	53
1964	52
1965	53
1966	53
1967	54
1968	52
1969	52
1970	52
1971	54
1972	55
1973	54
1974	53
1975	53
1976	52
1977	55
1978	56
1979	57
1980	58
1981	60
1982	61
1983	61
1984	61
1985	62
1986	61
1987	61
1988	62
1989	63
1990	64
1991	65
1992	64
1993	65
1994	66
1995	67
1996	67
1997	67
1998	68
1999	69
2000	69
2001	71
2002	72
2003	74
2004	75
2005	76
2006	78
2007	78
2008	78
2009	77
2010	80
2011	81
2012	81
2013	81
2014	81
2015	80
2016	80
2017	80
2018	81
2019	82
2020	83
2021	84
2022	83
2023	83
2024	85
2025	86
2026	86
2027	86
2028	83
2029	83
2030	86
2031	85
2032	83
2033	84
2034	84
2035	85
2036	84
2037	83
2038	81
2039	82
2040	82
2041	81
2042	82
2043	83
2044	82
2045	81
2046	82
2047	81
2048	82
2049	79
2050	78
2051	80
2052	77
2053	77
2054	77
2055	77
2056	75
2057	77
2058	77
2059	76
2060	73
2061	73
2062	73
2063	73
2064	74
2065	75
2066	76
2067	75
2068	73
2069	72
2070	71
2071	71
2072	71
2073	71
2074	69
2075	70
2076	69
2077	69
2078	70
2079	71
2080	70
2081	72
2082	71
2083	72
2084	73
2085	72
2086	72
2087	75
2088	75
2089	73
2090	72
2091	72
2092	71
2093	70
2094	70
2095	69
2096	69
2097	68
2098	69
2099	69
2100	68
2101	70
2102	71
2103	71
2104	71
2105	73
2106	73
2107	75
2108	75
2109	72
2110	70
2111	68
2112	69
2113	69
2114	68
2115	67
2116	66
2117	66
2118	67
2119	67
2120	67
2121	66
2122	66
2123	66
2124	66
2125	67
2126	67
2127	69
2128	70
2129	70
2130	69
2131	68
2132	68
2133	69
2134	70
2135	70
2136	70
2137	71
2138	70
2139	71
2140	71
2141	71
2142	71
2143	71
2144	68
2145	68
2146	67
2147	68
2148	69
2149	70
2150	69
2151	72
2152	73
2153	74
2154	74
2155	74
2156	73
2157	73
2158	74
2159	73
2160	74
2161	74
2162	75
2163	74
2164	73
2165	73
2166	73
2167	73
2168	72
2169	72
2170	73
2171	74
2172	74
2173	74
2174	74
2175	75
2176	75
2177	74
2178	73
2179	74
2180	73
2181	74
2182	74
2183	74
2184	73
2185	74
2186	73
2187	74
2188	74
2189	75
2190	74
2191	72
2192	72
2193	72
2194	72
2195	73
2196	74
2197	74
2198	75
2199	75
2200	76
2201	76
2202	77
2203	77
2204	76
2205	76
2206	76
2207	76
2208	76
2209	76
2210	77
2211	76
2212	74
2213	73
2214	76
2215	77
2216	78
2217	78
2218	79
2219	78
2220	79
2221	80
2222	79
2223	79
2224	78
2225	78
2226	77
2227	79
2228	79
2229	79
2230	79
2231	79
2232	79
2233	79
2234	79
2235	79
2236	80
2237	80
2238	79
2239	80
2240	80
2241	80
2242	78
2243	77
2244	77
2245	76
2246	77
2247	76
2248	74
2249	74
2250	73
2251	71
2252	72
2253	73
2254	73
2255	73
2256	73
2257	73
2258	72
2259	70
2260	71
2261	71
2262	70
2263	70
2264	70
2265	70
2266	70
2267	69
2268	69
2269	65
2270	66
2271	64
2272	64
2273	63
2274	63
2275	65
2276	65
2277	65
2278	65
2279	63
2280	61
2281	62
2282	60
2283	59
2284	61
2285	62
2286	65
2287	64
2288	64
2289	63
2290	63
2291	63
2292	63
2293	62
2294	63
2295	63
2296	63
2297	62
2298	62
2299	62
2300	62
2301	62
2302	63
2303	65
2304	66
2305	64
2306	65
2307	64
2308	65
2309	65
2310	65
2311	66
2312	64
2313	64
2314	65
2315	66
2316	65
2317	65
2318	67
2319	67
2320	66
2321	68
2322	68
2323	68
2324	68
2325	67
2326	69
2327	67
2328	67
2329	66
2330	65
2331	67
2332	69
2333	68
2334	68
2335	67
2336	67
2337	67
2338	68
2339	68
2340	70
2341	70
2342	71
2343	72
2344	72
2345	72
2346	72
2347	72
2348	74
2349	72
2350	72
2351	73
2352	74
2353	74
2354	75
2355	74
2356	72
2357	72
2358	70
2359	67
2360	68
2361	68
2362	68
2363	67
2364	67
2365	67
2366	67
2367	67
2368	67
2369	68
2370	69
2371	67
2372	68
2373	68
2374	68
2375	67
2376	68
2377	69
2378	69
2379	68
2380	67
2381	67
2382	65
2383	64
2384	62
2385	62
2386	62
2387	59
2388	58
2389	58
2390	59
2391	59
2392	59
2393	59
2394	60
2395	61
2396	61
2397	62
2398	62
2399	63
2400	65
2401	64
2402	62
2403	63
2404	63
2405	62
2406	62
2407	62
2408	63
2409	63
2410	64
2411	65
2412	65
2413	64
2414	63
2415	64
2416	65
2417	65
2418	64
2419	65
2420	65
2421	66
2422	67
2423	66
2424	67
2425	66
2426	66
2427	66
2428	67
2429	68
2430	67
2431	68
2432	67
2433	65
2434	65
2435	66
2436	66
2437	67
2438	67
2439	66
2440	66
2441	67
2442	69
2443	70
2444	70
2445	70
2446	71
2447	72
2448	72
2449	73
2450	71
2451	71
2452	71
2453	71
2454	70
2455	69
2456	70
2457	69
2458	70
2459	70
2460	69
2461	71
2462	72
2463	71
2464	71
2465	71
2466	72
2467	72
2468	70
2469	70
2470	70
2471	70
2472	70
2473	71
2474	70
2475	70
2476	69
2477	68
2478	67
2479	68
2480	68
2481	67
2482	67
2483	68
2484	68
2485	67
2486	67
2487	65
2488	64
2489	65
2490	65
2491	67
2492	66
2493	67
2494	66
2495	66
2496	67
2497	69
2498	69
2499	70
2500	69
2501	70
2502	72
2503	72
2504	72
2505	74
2506	73
2507	74
2508	72
2509	71
2510	71
2511	70
2512	67
2513	67
2514	69
2515	68
2516	68
2517	69
2518	71
2519	71
2520	71
2521	71
2522	72
2523	72
2524	71
2525	68
2526	66
2527	64
2528	64
2529	64
2530	61
2531	60
2532	60
2533	59
2534	59
2535	60
2536	60
2537	60
2538	62
2539	60
2540	61
2541	61
2542	61
2543	62
2544	62
2545	62
2546	64
2547	64
2548	64
2549	63
2550	62
2551	62
2552	63
2553	65
2554	66
2555	68
2556	66
2557	66
2558	67
2559	68
2560	67
2561	66
2562	66
2563	65
2564	67
2565	66
2566	66
2567	66
2568	66
2569	67
2570	67
2571	68
2572	68
2573	70
2574	69
2575	69
2576	71
2577	71
2578	71
2579	72
2580	72
2581	72
2582	71
2583	71
2584	73
2585	72
2586	72
2587	72
2588	72
2589	72
2590	72
2591	72
2592	71
2593	72
2594	72
2595	73
2596	73
2597	72
2598	71
2599	69
2600	69
2601	70
2602	69
2603	71
2604	71
2605	71
2606	72
2607	73
2608	74
2609	74
2610	74
2611	72
2612	70
2613	72
2614	71
2615	71
2616	70
2617	69
2618	70
2619	72
2620	74
2621	75
2622	76
2623	76
2624	77
2625	76
2626	77
2627	78
2628	79
2629	79
2630	80
2631	80
2632	83
2633	84
2634	84
2635	85
2636	84
2637	83
2638	82
2639	81
2640	80
2641	80
2642	79
2643	79
2644	78
2645	78
2646	79
2647	78
2648	79
2649	79
2650	78
2651	79
2652	78
2653	78
2654	76
2655	75
2656	74
2657	76
2658	75
2659	75
2660	75
2661	73
2662	73
2663	74
2664	75
2665	75
2666	75
2667	73
2668	73
2669	71
2670	71
2671	72
2672	72
2673	72
2674	71
2675	72
2676	73
2677	73
2678	75
2679	73
2680	74
2681	74
2682	74
2683	76
2684	76
2685	74
2686	77
2687	76
2688	77
2689	79
2690	79
2691	79
2692	81
2693	80
2694	80
2695	79
2696	79
2697	81
2698	81
2699	81
2700	78
2701	77
2702	78
2703	79
2704	77
2705	77
2706	78
2707	78
2708	77
2709	77
2710	75
2711	75
2712	75
2713	76
2714	77
2715	79
2716	79
2717	79
2718	79
2719	78
2720	77
2721	76
2722	77
2723	78
2724	78
2725	78
2726	79
2727	79
2728	78
2729	79
2730	79
2731	81
2732	79
2733	81
2734	81
2735	81
2736	81
2737	81
2738	81
2739	79
2740	80
2741	79
2742	78
2743	79
2744	78
2745	78
2746	78
2747	79
2748	79
2749	79
2750	80
2751	78
2752	77
2753	75
2754	75
2755	76
2756	77
2757	77
2758	77
2759	77
2760	78
2761	78
2762	77
2763	77
2764	78
2765	79
2766	80
2767	81
2768	82
2769	82
2770	82
2771	84
2772	81
2773	78
2774	78
2775	78
2776	77
2777	77
2778	77
2779	76
2780	76
2781	77
2782	78
2783	76
2784	77
2785	78
2786	82
2787	83
2788	84
2789	85
2790	85
2791	86
2792	86
2793	87
2794	87
2795	87
2796	87
2797	90
2798	92
2799	92
2800	93
2801	93
2802	92
2803	91
2804	93
2805	92
2806	93
2807	92
2808	91
2809	90
2810	92
2811	89
2812	88
2813	89
2814	88
2815	87
2816	86
2817	85
2818	84
2819	84
2820	82
2821	81
2822	80
2823	79
2824	80
2825	78
2826	80
2827	78
2828	79
2829	79
2830	79
2831	79
2832	78
2833	78
2834	78
2835	78
2836	79
2837	79
2838	79
2839	78
2840	77
2841	76
2842	75
2843	74
2844	76
2845	76
2846	74
2847	74
2848	74
2849	74
2850	74
2851	74
2852	71
2853	72
2854	73
2855	73
2856	74
2857	75
2858	74
2859	75
2860	73
2861	71
2862	70
2863	70
2864	70
2865	71
2866	71
2867	72
2868	73
2869	73
2870	73
2871	74
2872	74
2873	73
2874	72
2875	73
2876	75
2877	75
2878	73
2879	72
2880	71
2881	73
2882	73
2883	73
2884	75
2885	76
2886	75
2887	76
2888	75
2889	73
2890	72
2891	71
2892	70
2893	72
2894	72
2895	72
2896	72
2897	73
2898	73
2899	72
2900	74
2901	73
2902	72
2903	73
2904	73
2905	71
2906	71
2907	70
2908	68
2909	67
2910	67
2911	69
2912	70
2913	70
2914	69
2915	68
2916	67
2917	67
2918	65
2919	68
2920	68
2921	68
2922	70
2923	71
2924	72
2925	72
2926	72
2927	73
2928	74
2929	74
2930	74
2931	75
2932	75
2933	75
2934	75
2935	77
2936	76
2937	76
2938	77
2939	79
2940	80
2941	80
2942	78
2943	77
2944	79
2945	81
2946	80
2947	80
2948	80
2949	81
2950	82
2951	82
2952	82
2953	82
2954	83
2955	81
2956	80
2957	80
2958	80
2959	80
2960	80
2961	82
2962	83
2963	83
2964	83
2965	83
2966	85
2967	84
2968	83
2969	82
2970	81
2971	80
2972	80
2973	80
2974	79
2975	81
2976	81
2977	80
2978	79
2979	77
2980	77
2981	77
2982	77
2983	79
2984	79
2985	78
2986	78
2987	76
2988	77
2989	77
2990	78
2991	80
2992	80
2993	80
2994	79
2995	79
2996	77
2997	76
2998	76
2999	76
3000	77
3001	77
3002	77
3003	78
3004	79
3005	78
3006	78
3007	79
3008	79
3009	80
3010	81
3011	85
3012	84
3013	87
3014	87
3015	87
3016	84
3017	83
3018	83
3019	84
3020	84
3021	84
3022	83
3023	84
3024	83
3025	84
3026	82
3027	82
3028	82
3029	83
3030	83
3031	83
3032	82
3033	81
3034	81
3035	82
3036	82
3037	83
3038	84
3039	85
3040	85
3041	84
3042	84
3043	83
3044	84
3045	84
3046	84
3047	82
3048	81
3049	80
3050	80
3051	79
3052	80
3053	80
3054	82
3055	82
3056	83
3057	82
3058	83
3059	85
3060	85
3061	86
3062	85
3063	82
3064	82
3065	83
3066	84
3067	84
3068	84
3069	84
3070	84
3071	85
3072	86
3073	84
3074	85
3075	85
3076	85
3077	84
3078	85
3079	84
3080	84
3081	84
3082	85
3083	84
3084	84
3085	85
3086	86
3087	86
3088	87
3089	83
3090	83
3091	85
3092	84
3093	84
3094	86
3095	84
3096	83
3097	82
3098	83
3099	83
3100	85
3101	84
3102	84
3103	82
3104	83
3105	83
3106	84
3107	84
3108	84
3109	83
3110	84
3111	84
3112	84
3113	83
3114	84
3115	84
3116	83
3117	84
3118	85
3119	86
3120	87
3121	88
3122	88
3123	88
3124	90
3125	91
3126	90
3127	91
3128	92
3129	92
3130	94
3131	94
3132	94
3133	95
3134	93
3135	93
3136	94
3137	95
3138	95
3139	96
3140	94
3141	93
3142	94
3143	93
3144	92
3145	92
3146	92
3147	91
3148	88
3149	88
3150	86
3151	86
3152	84
3153	85
3154	84
3155	84
3156	83
3157	82
3158	81
3159	83
3160	82
3161	82
3162	81
3163	79
3164	78
3165	77
3166	78
3167	78
3168	78
3169	80
3170	78
3171	79
3172	79
3173	78
3174	77
3175	76
3176	76
3177	76
3178	76
3179	77
3180	76
3181	76
3182	75
3183	77
3184	79
3185	78
3186	78
3187	77
3188	76
3189	75
3190	75
3191	75
3192	75
3193	74
3194	73
3195	76
3196	76
3197	77
3198	78
3199	79
3200	77
3201	77
3202	78
3203	77
3204	78
3205	79
3206	79
3207	80
3208	79
3209	79
3210	77
3211	78
3212	78
3213	78
3214	79
3215	79
3216	81
3217	82
3218	81
3219	84
3220	84
3221	84
3222	85
3223	85
3224	84
3225	86
3226	86
3227	88
3228	89
3229	90
3230	89
3231	88
3232	87
3233	86
3234	85
3235	84
3236	86
3237	86
3238	84
3239	84
3240	85
3241	84
3242	83
3243	84
3244	84
3245	85
3246	85
3247	85
3248	84
3249	85
3250	87
3251	88
3252	88
3253	88
3254	88
3255	90
3256	90
3257	90
3258	89
3259	89
3260	89
3261	89
3262	91
3263	91
3264	91
3265	90
3266	89
3267	90
3268	91
3269	91
3270	93
3271	93
3272	94
3273	94
3274	92
3275	92
3276	92
3277	93
3278	92
3279	93
3280	93
3281	93
3282	92
3283	91
3284	93
3285	93
3286	94
3287	94
3288	94
3289	93
3290	90
3291	90
3292	87
3293	88
3294	89
3295	90
3296	91
3297	92
3298	92
3299	92
3300	91
3301	92
3302	93
3303	92
3304	92
3305	92
3306	91
3307	91
3308	91
3309	91
3310	91
3311	91
3312	88
3313	87
3314	88
3315	87
3316	88
3317	90
3318	89
3319	89
3320	89
3321	86
3322	85
3323	85
3324	84
3325	83
3326	84
3327	83
3328	82
3329	81
3330	82
3331	83
3332	84
3333	85
3334	87
3335	90
3336	90
3337	91
3338	92
3339	91
3340	91
3341	92
3342	92
3343	90
3344	92
3345	91
3346	91
3347	91
3348	90
3349	92
3350	92
3351	93
3352	93
3353	93
3354	95
3355	94
3356	93
3357	93
3358	93
3359	94
3360	95
3361	97
3362	96
3363	97
3364	97
3365	99
3366	99
3367	99
3368	99
3369	96
3370	95
3371	96
3372	98
3373	99
3374	101
3375	100
3376	99
3377	102
3378	101
3379	99
3380	100
3381	99
3382	99
3383	99
3384	97
3385	96
3386	96
3387	95
3388	95
3389	95
3390	95
3391	95
3392	93
3393	93
3394	94
3395	95
3396	97
3397	100
3398	100
3399	99
3400	99
3401	98
3402	98
3403	97
3404	96
3405	95
3406	95
3407	95
3408	93
3409	94
3410	95
3411	94
3412	94
3413	93
3414	94
3415	94
3416	94
3417	95
3418	98
3419	97
3420	97
3421	97
3422	97
3423	98
3424	97
3425	96
3426	97
3427	96
3428	96
3429	98
3430	96
3431	96
3432	96
3433	96
3434	97
3435	97
3436	96
3437	95
3438	96
3439	95
3440	92
3441	93
3442	92
3443	91
3444	91
3445	95
3446	95
3447	96
3448	96
3449	94
3450	94
3451	96
3452	95
3453	95
3454	94
3455	95
3456	96
3457	97
3458	94
3459	93
3460	93
3461	93
3462	91
3463	91
3464	90
3465	90
3466	90
3467	91
3468	91
3469	92
3470	94
3471	93
3472	94
3473	93
3474	92
3475	91
3476	90
3477	91
3478	92
3479	91
3480	90
3481	89
3482	88
3483	90
3484	91
3485	91
3486	90
3487	91
3488	92
3489	92
3490	92
3491	91
3492	90
3493	88
3494	86
3495	86
3496	87
3497	87
3498	86
3499	85
3500	84
3501	82
3502	81
3503	79
3504	77
3505	78
3506	78
3507	78
3508	78
3509	78
3510	78
3511	78
3512	78
3513	77
3514	78
3515	77
3516	79
3517	81
3518	83
3519	85
3520	87
3521	86
3522	87
3523	86
3524	87
3525	86
3526	88
3527	88
3528	88
3529	89
3530	90
3531	90
3532	91
3533	92
3534	93
3535	92
3536	92
3537	94
3538	94
3539	94
3540	94
3541	94
3542	94
3543	93
3544	93
3545	92
3546	92
3547	91
3548	92
3549	91
3550	93
3551	93
3552	91
3553	90
3554	90
3555	88
3556	88
3557	88
3558	89
3559	89
3560	90
3561	90
3562	90
3563	92
3564	93
3565	93
3566	94
3567	93
3568	92
3569	89
3570	88
3571	88
3572	86
3573	85
3574	84
3575	82
3576	81
3577	78
3578	80
3579	82
3580	82
3581	83
3582	84
3583	85
3584	86
3585	86
3586	85
3587	85
3588	86
3589	87
3590	87
3591	87
3592	87
3593	87
3594	87
3595	87
3596	87
3597	88
3598	89
3599	88
3600	89
3601	89
3602	89
3603	89
3604	89
3605	90
3606	91
3607	90
3608	89
3609	90
3610	90
3611	89
3612	88
3613	88
3614	91
3615	91
3616	92
3617	92
3618	93
3619	93
3620	94
3621	93
3622	92
3623	89
3624	89
3625	90
3626	90
3627	90
3628	89
3629	90
3630	91
3631	93
3632	94
3633	95
3634	95
3635	94
3636	93
3637	92
3638	93
3639	93
3640	94
3641	94
3642	93
3643	91
3644	90
3645	90
3646	90
3647	90
3648	90
3649	92
3650	91
3651	91
3652	91
3653	93
3654	93
3655	93
3656	93
3657	90
3658	90
3659	89
3660	88
3661	88
3662	87
3663	87
3664	88
3665	87
3666	88
3667	88
3668	88
3669	89
3670	88
3671	87
3672	88
3673	88
3674	88
3675	87
3676	87
3677	90
3678	91
3679	92
3680	93
3681	93
3682	95
3683	96
3684	97
3685	94
3686	95
3687	94
3688	93
3689	91
3690	93
3691	93
3692	93
3693	93
3694	96
3695	96
3696	94
3697	96
3698	95
3699	96
3700	95
3701	94
3702	93
3703	93
3704	93
3705	94
3706	94
3707	95
3708	96
3709	97
3710	98
3711	98
3712	97
3713	97
3714	97
3715	97
3716	99
3717	100
3718	101
3719	103
3720	100
3721	101
3722	100
3723	100
3724	101
3725	101
3726	102
3727	101
3728	102
3729	103
3730	103
3731	103
3732	103
3733	103
3734	100
3735	97
3736	98
3737	99
3738	99
3739	98
3740	98
3741	98
3742	96
3743	95
3744	96
3745	96
3746	96
3747	97
3748	99
3749	99
3750	98
3751	98
3752	100
3753	100
3754	100
3755	97
3756	97
3757	97
3758	98
3759	97
3760	96
3761	97
3762	96
3763	96
3764	98
3765	98
3766	98
3767	96
3768	95
3769	96
3770	97
3771	98
3772	99
3773	99
3774	98
3775	97
3776	97
3777	95
3778	94
3779	93
3780	95
3781	96
3782	95
3783	98
3784	98
3785	97
3786	97
3787	96
3788	94
3789	92
3790	93
3791	95
3792	96
3793	96
3794	97
3795	98
3796	97
3797	96
3798	96
3799	98
3800	100
3801	102
3802	102
3803	102
3804	103
3805	103
3806	103
3807	102
3808	102
3809	102
3810	101
3811	101
3812	103
3813	103
3814	102
3815	102
3816	101
3817	102
3818	103
3819	103
3820	99
3821	98
3822	98
3823	98
3824	98
3825	98
3826	99
3827	99
3828	100
3829	99
3830	99
3831	99
3832	100
3833	99
3834	99
3835	97
3836	98
3837	95
3838	95
3839	96
3840	96
3841	96
3842	95
3843	94
3844	95
3845	100
3846	102
3847	103
3848	102
3849	100
3850	102
3851	102
3852	101
3853	100
3854	100
3855	100
3856	101
3857	100
3858	100
3859	98
3860	99
3861	100
3862	99
3863	100
3864	101
3865	101
3866	102
3867	103
3868	103
3869	105
3870	106
3871	106
3872	106
3873	106
3874	105
3875	105
3876	106
3877	108
3878	108
3879	110
3880	111
3881	112
3882	113
3883	110
3884	111
3885	112
3886	113
3887	112
3888	109
3889	106
3890	106
3891	108
3892	109
3893	109
3894	108
3895	107
3896	105
3897	106
3898	105
3899	105
3900	104
3901	104
3902	103
3903	102
3904	101
3905	103
3906	103
3907	105
3908	109
3909	108
3910	109
3911	111
3912	109
3913	108
3914	107
3915	108
3916	110
3917	112
3918	114
3919	115
3920	115
3921	115
3922	115
3923	113
3924	115
3925	114
3926	114
3927	116
3928	114
3929	115
3930	114
3931	113
3932	114
3933	112
3934	110
3935	109
3936	109
3937	110
3938	111
3939	110
3940	108
3941	109
3942	108
3943	111
3944	111
3945	113
3946	113
3947	113
3948	113
3949	115
3950	114
3951	113
3952	113
3953	114
3954	115
3955	115
3956	116
3957	117
3958	119
3959	118
3960	118
3961	115
3962	115
3963	114
3964	114
3965	113
3966	112
3967	111
3968	109
3969	111
3970	112
3971	112
3972	112
3973	114
3974	113
3975	114
3976	113
3977	112
3978	112
3979	112
3980	115
3981	115
3982	115
3983	113
3984	112
3985	112
3986	111
3987	110
3988	111
3989	110
3990	110
3991	110
3992	107
3993	108
3994	105
3995	107
3996	104
3997	104
3998	107
3999	107
4000	107
4001	109
4002	109
4003	109
4004	108
4005	108
4006	110
4007	110
4008	109
4009	111
4010	110
4011	109
4012	107
4013	108
4014	109
4015	110
4016	111
4017	111
4018	111
4019	111
4020	110
4021	109
4022	108
4023	108
4024	107
4025	107
4026	106
4027	105
4028	104
4029	104
4030	106
4031	107
4032	105
4033	105
4034	104
4035	103
4036	102
4037	100
4038	101
4039	102
4040	102
4041	101
4042	101
4043	100
4044	100
4045	99
4046	99
4047	99
4048	98
4049	96
4050	95
4051	96
4052	98
4053	96
4054	95
4055	95
4056	96
4057	96
4058	97
4059	98
4060	99
4061	103
4062	103
4063	103
4064	103
4065	106
4066	105
4067	105
4068	105
4069	107
4070	107
4071	106
4072	106
4073	106
4074	105
4075	104
4076	104
4077	105
4078	104
4079	104
4080	104
4081	106
4082	107
4083	107
4084	106
4085	108
4086	107
4087	106
4088	106
4089	107
4090	107
4091	107
4092	108
4093	108
4094	109
4095	110
4096	109
4097	110
4098	112
4099	112
4100	112
4101	111
4102	110
4103	108
4104	107
4105	106
4106	105
4107	105
4108	104
4109	103
4110	104
4111	104
4112	102
4113	102
4114	103
4115	103
4116	104
4117	102
4118	103
4119	103
4120	102
4121	104
4122	103
4123	103
4124	105
4125	105
4126	105
4127	106
4128	104
4129	103
4130	103
4131	103
4132	100
4133	101
4134	98
4135	97
4136	96
4137	97
4138	97
4139	98
4140	99
4141	100
4142	100
4143	99
4144	98
4145	99
4146	100
4147	100
4148	101
4149	101
4150	100
4151	100
4152	98
4153	98
4154	98
4155	98
4156	97
4157	96
4158	95
4159	96
4160	96
4161	95
4162	94
4163	95
4164	96
4165	96
4166	96
4167	96
4168	98
4169	96
4170	95
4171	95
4172	94
4173	95
4174	95
4175	96
4176	98
4177	98
4178	96
4179	95
4180	94
4181	96
4182	98
4183	99
4184	101
4185	100
4186	98
4187	98
4188	98
4189	97
4190	98
4191	97
4192	98
4193	96
4194	96
4195	97
4196	97
4197	94
4198	93
4199	93
4200	92
4201	93
4202	93
4203	94
4204	94
4205	93
4206	92
4207	92
4208	92
4209	93
4210	93
4211	93
4212	93
4213	92
4214	94
4215	94
4216	94
4217	94
4218	94
4219	94
4220	93
4221	95
4222	95
4223	97
4224	98
4225	100
4226	99
4227	102
4228	102
4229	100
4230	101
4231	101
4232	101
4233	102
4234	102
4235	103
4236	104
4237	102
4238	101
4239	103
4240	104
4241	104
4242	105
4243	105
4244	106
4245	105
4246	102
4247	101
4248	101
4249	101
4250	103
4251	103
4252	103
4253	106
4254	106
4255	105
4256	103
4257	102
4258	102
4259	103
4260	105
4261	104
4262	106
4263	107
4264	107
4265	106
4266	105
4267	104
4268	104
4269	105
4270	103
4271	102
4272	101
4273	100
4274	99
4275	97
4276	97
4277	97
4278	97
4279	97
4280	96
4281	96
4282	97
4283	98
4284	101
4285	100
4286	98
4287	98
4288	98
4289	97
4290	96
4291	95
4292	95
4293	95
4294	97
4295	97
4296	97
4297	98
4298	98
4299	99
4300	98
4301	97
4302	96
4303	98
4304	97
4305	97
4306	99
4307	98
4308	98
4309	99
4310	97
4311	96
4312	97
4313	95
4314	96
4315	96
4316	96
4317	96
4318	95
4319	95
4320	96
4321	95
4322	95
4323	94
4324	94
4325	96
4326	95
4327	94
4328	92
4329	93
4330	93
4331	93
4332	93
4333	94
4334	94
4335	95
4336	95
4337	96
4338	96
4339	95
4340	94
4341	95
4342	97
4343	97
4344	99
4345	98
4346	98
4347	96
4348	97
4349	95
4350	96
4351	96
4352	97
4353	101
4354	102
4355	103
4356	103
4357	102
4358	103
4359	101
4360	101
4361	100
4362	98
4363	99
4364	98
4365	97
4366	97
4367	97
4368	98
4369	98
4370	99
4371	99
4372	99
4373	99
4374	98
4375	97
4376	94
4377	93
4378	94
4379	94
4380	93
4381	93
4382	93
4383	93
4384	92
4385	90
4386	90
4387	92
4388	91
4389	90
4390	88
4391	89
4392	89
4393	91
4394	91
4395	91
4396	91
4397	91
4398	92
4399	92
4400	93
4401	91
4402	91
4403	91
4404	90
4405	89
4406	90
4407	92
4408	92
4409	91
4410	91
4411	90
4412	90
4413	92
4414	91
4415	91
4416	89
4417	88
4418	86
4419	86
4420	86
4421	87
4422	86
4423	86
4424	86
4425	86
4426	86
4427	84
4428	85
4429	85
4430	84
4431	84
4432	83
4433	83
4434	83
4435	82
4436	82
4437	80
4438	80
4439	80
4440	80
4441	80
4442	80
4443	79
4444	79
4445	80
4446	80
4447	81
4448	81
4449	81
4450	81
4451	82
4452	78
4453	78
4454	77
4455	77
4456	78
4457	79
4458	79
4459	80
4460	79
4461	80
4462	80
4463	79
4464	77
4465	76
4466	78
4467	79
4468	79
4469	80
4470	82
4471	82
4472	82
4473	81
4474	83
4475	83
4476	82
4477	81
4478	81
4479	80
4480	79
4481	79
4482	79
4483	79
4484	78
4485	80
4486	80
4487	81
4488	82
4489	80
4490	80
4491	82
4492	82
4493	82
4494	81
4495	83
4496	83
4497	84
4498	84
4499	83
4500	83
4501	83
4502	84
4503	85
4504	85
4505	85
4506	83
4507	85
4508	84
4509	83
4510	83
4511	81
4512	81
4513	81
4514	80
4515	77
4516	78
4517	78
4518	78
4519	78
4520	79
4521	79
4522	79
4523	81
4524	83
4525	83
4526	83
4527	84
4528	84
4529	84
4530	83
4531	85
4532	85
4533	86
4534	87
4535	88
4536	88
4537	87
4538	85
4539	84
4540	84
4541	84
4542	83
4543	81
4544	81
4545	80
4546	81
4547	82
4548	81
4549	81
4550	80
4551	82
4552	81
4553	80
4554	79
4555	78
4556	79
4557	81
4558	81
4559	82
4560	83
4561	82
4562	81
4563	81
4564	82
4565	84
4566	84
4567	84
4568	86
4569	87
4570	89
4571	87
4572	88
4573	88
4574	87
4575	88
4576	87
4577	87
4578	86
4579	88
4580	87
4581	86
4582	86
4583	87
4584	86
4585	86
4586	86
4587	86
4588	87
4589	89
4590	89
4591	90
4592	91
4593	91
4594	90
4595	90
4596	91
4597	89
4598	89
4599	89
4600	89
4601	90
4602	91
4603	91
4604	91
4605	90
4606	90
4607	90
4608	89
4609	90
4610	89
4611	89
4612	92
4613	92
4614	91
4615	91
4616	89
4617	88
4618	88
4619	88
4620	88
4621	88
4622	85
4623	82
4624	82
4625	82
4626	83
4627	84
4628	80
4629	78
4630	79
4631	79
4632	79
4633	77
4634	77
4635	77
4636	78
4637	78
4638	77
4639	78
4640	77
4641	76
4642	77
4643	78
4644	78
4645	79
4646	79
4647	80
4648	80
4649	81
4650	82
4651	82
4652	82
4653	84
4654	82
4655	82
4656	82
4657	83
4658	83
4659	82
4660	83
4661	84
4662	84
4663	84
4664	84
4665	85
4666	84
4667	84
4668	84
4669	84
4670	84
4671	83
4672	83
4673	85
4674	85
4675	85
4676	86
4677	86
4678	87
4679	87
4680	85
4681	86
4682	85
4683	84
4684	86
4685	88
4686	87
4687	86
4688	89
4689	90
4690	89
4691	90
4692	90
4693	91
4694	91
4695	91
4696	90
4697	91
4698	91
4699	91
4700	90
4701	91
4702	93
4703	93
4704	93
4705	93
4706	94
4707	94
4708	92
4709	93
4710	93
4711	94
4712	93
4713	93
4714	94
4715	95
4716	96
4717	95
4718	95
4719	96
4720	98
4721	97
4722	97
4723	97
4724	97
4725	98
4726	98
4727	97
4728	97
4729	97
4730	97
4731	96
4732	96
4733	96
4734	97
4735	96
4736	96
4737	95
4738	95
4739	96
4740	96
4741	97
4742	97
4743	98
4744	98
4745	99
4746	98
4747	99
4748	99
4749	98
4750	95
4751	94
4752	93
4753	92
4754	91
4755	91
4756	91
4757	91
4758	90
4759	91
4760	91
4761	90
4762	90
4763	89
4764	88
4765	89
4766	89
4767	89
4768	90
4769	89
4770	89
4771	88
4772	89
4773	89
4774	90
4775	90
4776	93
4777	92
4778	92
4779	92
4780	92
4781	91
4782	94
4783	94
4784	94
4785	94
4786	95
4787	95
4788	96
4789	97
4790	97
4791	97
4792	96
4793	97
4794	96
4795	97
4796	97
4797	96
4798	97
4799	95
4800	93
4801	94
4802	94
4803	94
4804	94
4805	93
4806	91
4807	89
4808	89
4809	89
4810	88
4811	89
4812	89
4813	89
4814	91
4815	92
4816	93
4817	93
4818	93
4819	93
4820	91
4821	91
4822	92
4823	92
4824	92
4825	94
4826	95
4827	95
4828	95
4829	95
4830	95
4831	95
4832	94
4833	93
4834	94
4835	95
4836	95
4837	96
4838	97
4839	97
4840	97
4841	97
4842	97
4843	96
4844	98
4845	98
4846	99
4847	100
4848	101
4849	97
4850	97
4851	97
4852	98
4853	97
4854	96
4855	98
4856	99
4857	98
4858	98
4859	100
4860	100
4861	100
4862	98
4863	98
4864	97
4865	97
4866	98
4867	97
4868	96
4869	96
4870	96
4871	97
4872	97
4873	98
4874	99
4875	98
4876	96
4877	96
4878	96
4879	96
4880	96
4881	96
4882	95
4883	95
4884	94
4885	95
4886	96
4887	96
4888	96
4889	96
4890	97
4891	95
4892	94
4893	95
4894	94
4895	96
4896	97
4897	97
4898	98
4899	98
4900	98
4901	99
4902	98
4903	99
4904	100
4905	99
4906	101
4907	98
4908	98
4909	99
4910	99
4911	99
4912	99
4913	98
4914	99
4915	99
4916	100
4917	101
4918	101
4919	102
4920	101
4921	102
4922	102
4923	102
4924	104
4925	104
4926	105
4927	106
4928	105
4929	104
4930	105
4931	105
4932	106
4933	107
4934	107
4935	106
4936	105
4937	106
4938	105
4939	108
4940	107
4941	106
4942	106
4943	106
4944	108
4945	110
4946	109
4947	109
4948	109
4949	109
4950	107
4951	107
4952	108
4953	108
4954	108
4955	108
4956	108
4957	109
4958	109
4959	109
4960	108
4961	108
4962	107
4963	108
4964	109
4965	109
4966	111
4967	111
4968	112
4969	113
4970	113
4971	113
4972	112
4973	111
4974	111
4975	110
4976	109
4977	110
4978	108
4979	109
4980	108
4981	108
4982	107
4983	107
4984	107
4985	108
4986	108
4987	107
4988	105
4989	105
4990	105
4991	107
4992	105
4993	106
4994	104
4995	102
4996	104
4997	104
4998	104
4999	104
5000	104
5001	105
5002	104
5003	103
5004	102
5005	100
5006	100
5007	100
5008	99
5009	98
5010	99
5011	99
5012	101
5013	102
5014	103
5015	103
5016	101
5017	100
5018	100
5019	100
5020	102
5021	102
5022	102
5023	101
5024	102
5025	100
5026	100
5027	97
5028	98
5029	97
5030	97
5031	96
5032	96
5033	95
5034	96
5035	98
5036	99
5037	99
5038	99
5039	101
5040	103
5041	104
5042	104
5043	106
5044	107
5045	106
5046	103
5047	104
5048	104
5049	105
5050	103
5051	103
5052	102
5053	102
5054	101
5055	100
5056	99
5057	99
5058	99
5059	99
5060	101
5061	100
5062	101
5063	100
5064	101
5065	100
5066	97
5067	97
5068	97
5069	97
5070	97
5071	98
5072	99
5073	99
5074	100
5075	102
5076	101
5077	100
5078	100
5079	100
5080	98
5081	98
5082	98
5083	95
5084	95
5085	96
5086	97
5087	97
5088	98
5089	100
5090	101
5091	101
5092	103
5093	106
5094	106
5095	104
5096	106
5097	105
5098	102
5099	102
5100	103
5101	103
5102	105
5103	105
5104	105
5105	105
5106	105
5107	106
5108	106
5109	106
5110	106
5111	105
5112	104
5113	104
5114	102
5115	102
5116	101
5117	98
5118	101
5119	101
5120	101
5121	100
5122	100
5123	100
5124	100
5125	101
5126	102
5127	98
5128	97
5129	98
5130	99
5131	98
5132	98
5133	97
5134	97
5135	98
5136	96
5137	96
5138	94
5139	93
5140	91
5141	89
5142	89
5143	90
5144	88
5145	88
5146	87
5147	88
5148	88
5149	88
5150	89
5151	89
5152	88
5153	87
5154	85
5155	85
5156	86
5157	84
5158	84
5159	83
5160	83
5161	82
5162	83
5163	83
5164	86
5165	86
5166	87
5167	86
5168	84
5169	84
5170	82
5171	80
5172	80
5173	80
5174	80
5175	80
5176	79
5177	78
5178	79
5179	78
5180	77
5181	77
5182	77
5183	76
5184	74
5185	73
5186	72
5187	71
5188	74
5189	72
5190	70
5191	71
5192	71
5193	72
5194	71
5195	72
5196	72
5197	71
5198	72
5199	71
5200	71
5201	71
5202	71
5203	71
5204	72
5205	75
5206	75
5207	75
5208	77
5209	78
5210	77
5211	78
5212	78
5213	77
5214	76
5215	74
5216	74
5217	74
5218	76
5219	77
5220	77
5221	77
5222	77
5223	77
5224	77
5225	76
5226	76
5227	77
5228	78
5229	79
5230	78
5231	78
5232	76
5233	77
5234	77
5235	77
5236	77
5237	79
5238	80
5239	79
5240	79
5241	80
5242	79
5243	78
5244	77
5245	76
5246	74
5247	74
5248	74
5249	74
5250	74
5251	73
5252	71
5253	72
5254	71
5255	73
5256	74
5257	73
5258	73
5259	73
5260	73
5261	73
5262	73
5263	72
5264	73
5265	75
5266	74
5267	77
5268	77
5269	77
5270	78
5271	77
5272	76
5273	74
5274	73
5275	71
5276	71
5277	71
5278	70
5279	70
5280	71
5281	73
5282	74
5283	74
5284	74
5285	73
5286	72
5287	71
5288	69
5289	69
5290	68
5291	67
5292	66
5293	66
5294	66
5295	65
5296	65
5297	65
5298	65
5299	64
5300	64
5301	66
5302	65
5303	65
5304	66
5305	66
5306	67
5307	68
5308	67
5309	67
5310	66
5311	67
5312	68
5313	67
5314	67
5315	67
5316	67
5317	67
5318	67
5319	66
5320	64
5321	64
5322	64
5323	64
5324	63
5325	61
5326	63
5327	63
5328	62
5329	61
5330	60
5331	60
5332	62
5333	60
5334	58
5335	57
5336	58
5337	60
5338	60
5339	60
5340	61
5341	62
5342	63
5343	62
5344	62
5345	62
5346	63
5347	62
5348	62
5349	63
5350	63
5351	65
5352	64
5353	64
5354	64
5355	64
5356	64
5357	66
5358	68
5359	69
5360	70
5361	70
5362	70
5363	69
5364	70
5365	70
5366	69
5367	72
5368	72
5369	74
5370	73
5371	73
5372	75
5373	75
5374	76
5375	77
5376	76
5377	78
5378	81
5379	80
5380	79
5381	80
5382	80
5383	78
5384	77
5385	77
5386	77
5387	76
5388	75
5389	74
5390	74
5391	74
5392	71
5393	73
5394	73
5395	72
5396	71
5397	71
5398	71
5399	73
5400	74
5401	73
5402	76
5403	76
5404	78
5405	77
5406	76
5407	76
5408	76
5409	77
5410	78
5411	78
5412	79
5413	77
5414	80
5415	82
5416	83
5417	84
5418	85
5419	85
5420	85
5421	85
5422	86
5423	87
5424	89
5425	88
5426	88
5427	90
5428	89
5429	89
5430	89
5431	88
5432	89
5433	88
5434	88
5435	89
5436	91
5437	91
5438	90
5439	91
5440	91
5441	92
5442	92
5443	93
5444	93
5445	93
5446	94
5447	94
5448	94
5449	94
5450	93
5451	93
5452	93
5453	94
5454	94
5455	94
5456	94
5457	94
5458	93
5459	96
5460	96
5461	95
5462	95
5463	93
5464	95
5465	91
5466	91
5467	90
5468	90
5469	90
5470	90
5471	90
5472	88
5473	89
5474	89
5475	87
5476	86
5477	85
5478	86
5479	86
5480	86
5481	87
5482	88
5483	87
5484	86
5485	87
5486	87
5487	87
5488	87
5489	88
5490	85
5491	83
5492	85
5493	84
5494	83
5495	84
5496	84
5497	84
5498	85
5499	85
5500	87
5501	86
5502	87
5503	87
5504	86
5505	87
5506	87
5507	88
5508	88
5509	88
5510	90
5511	91
5512	91
5513	91
5514	91
5515	91
5516	91
5517	91
5518	92
5519	91
5520	92
5521	92
5522	92
5523	92
5524	92
5525	93
5526	93
5527	92
5528	92
5529	90
5530	89
5531	91
5532	88
5533	86
5534	84
5535	83
5536	82
5537	83
5538	83
5539	83
5540	82
5541	83
5542	85
5543	84
5544	85
5545	85
5546	85
5547	87
5548	88
5549	88
5550	88
5551	88
5552	90
5553	89
5554	89
5555	89
5556	89
5557	90
5558	92
5559	92
5560	92
5561	92
5562	92
5563	91
5564	90
5565	90
5566	90
5567	90
5568	89
5569	90
5570	91
5571	90
5572	89
5573	89
5574	89
5575	88
5576	88
5577	86
5578	86
5579	87
5580	86
5581	85
5582	85
5583	85
5584	87
5585	87
5586	88
5587	88
5588	90
5589	90
5590	90
5591	88
5592	88
5593	90
5594	92
5595	92
5596	92
5597	92
5598	93
5599	93
5600	92
5601	93
5602	92
5603	92
5604	92
5605	91
5606	89
5607	88
5608	88
5609	88
5610	87
5611	86
5612	87
5613	89
5614	89
5615	89
5616	89
5617	90
5618	89
5619	87
5620	90
5621	90
5622	91
5623	92
5624	94
5625	94
5626	94
5627	96
5628	97
5629	96
5630	96
5631	92
5632	92
5633	93
5634	93
5635	93
5636	93
5637	95
5638	95
5639	96
5640	97
5641	99
5642	101
5643	101
5644	103
5645	102
5646	102
5647	102
5648	103
5649	101
5650	102
5651	101
5652	103
5653	103
5654	103
5655	103
5656	103
5657	102
5658	103
5659	102
5660	102
5661	101
5662	102
5663	102
5664	104
5665	104
5666	103
5667	104
5668	104
5669	104
5670	106
5671	108
5672	107
5673	104
5674	105
5675	106
5676	105
5677	105
5678	106
5679	109
5680	110
5681	110
5682	110
5683	110
5684	109
5685	106
5686	106
5687	105
5688	104
5689	104
5690	105
5691	105
5692	104
5693	102
5694	102
5695	103
5696	104
5697	103
5698	103
5699	103
5700	102
5701	102
5702	103
5703	102
5704	102
5705	102
5706	102
5707	104
5708	104
5709	104
5710	105
5711	105
5712	104
5713	104
5714	104
5715	104
5716	103
5717	103
5718	103
5719	103
5720	101
5721	99
5722	101
5723	100
5724	101
5725	99
5726	99
5727	99
5728	98
5729	93
5730	93
5731	93
5732	91
5733	91
5734	92
5735	94
5736	94
5737	94
5738	95
5739	96
5740	96
5741	95
5742	96
5743	93
5744	94
5745	92
5746	93
5747	93
5748	93
5749	91
5750	91
5751	92
5752	93
5753	93
5754	92
5755	93
5756	93
5757	92
5758	91
5759	92
5760	92
5761	93
5762	93
5763	92
5764	91
5765	92
5766	92
5767	94
5768	95
5769	96
5770	98
5771	98
5772	99
5773	101
5774	101
5775	104
5776	105
5777	103
5778	104
5779	105
5780	104
5781	104
5782	104
5783	105
5784	105
5785	106
5786	106
5787	105
5788	105
5789	105
5790	106
5791	105
5792	107
5793	108
5794	107
5795	107
5796	108
5797	108
5798	110
5799	110
5800	112
5801	112
5802	113
5803	113
5804	113
5805	115
5806	115
5807	116
5808	118
5809	116
5810	114
5811	113
5812	110
5813	111
5814	111
5815	108
5816	107
5817	107
5818	107
5819	108
5820	106
5821	107
5822	107
5823	107
5824	107
5825	107
5826	107
5827	107
5828	106
5829	106
5830	105
5831	105
5832	105
5833	106
5834	106
5835	106
5836	106
5837	106
5838	106
5839	107
5840	107
5841	109
5842	109
5843	109
5844	109
5845	107
5846	108
5847	107
5848	108
5849	108
5850	110
5851	109
5852	110
5853	112
5854	112
5855	111
5856	111
5857	110
5858	111
5859	110
5860	112
5861	111
5862	112
5863	112
5864	113
5865	113
5866	113
5867	113
5868	112
5869	111
5870	111
5871	111
5872	112
5873	113
5874	113
5875	113
5876	111
5877	111
5878	111
5879	111
5880	110
5881	110
5882	111
5883	109
5884	109
5885	108
5886	108
5887	109
5888	110
5889	111
5890	113
5891	113
5892	112
5893	114
5894	114
5895	114
5896	113
5897	113
5898	113
5899	113
5900	114
5901	113
5902	110
5903	110
5904	111
5905	111
5906	112
5907	113
5908	112
5909	109
5910	108
5911	108
5912	109
5913	109
5914	109
5915	110
5916	108
5917	109
5918	110
5919	112
5920	112
5921	114
5922	114
5923	116
5924	118
5925	118
5926	117
5927	119
5928	119
5929	121
5930	121
5931	120
5932	121
5933	122
5934	123
5935	120
5936	122
5937	122
5938	123
5939	123
5940	124
5941	124
5942	125
5943	126
5944	128
5945	127
5946	127
5947	125
5948	126
5949	126
5950	128
5951	128
5952	126
5953	126
5954	126
5955	127
5956	128
5957	128
5958	127
5959	126
5960	126
5961	127
5962	130
5963	129
5964	128
5965	128
5966	127
5967	127
5968	126
5969	126
5970	126
5971	123
5972	124
5973	123
5974	122
5975	120
5976	119
5977	119
5978	118
5979	117
5980	115
5981	115
5982	114
5983	114
5984	115
5985	114
5986	114
5987	112
5988	112
5989	113
5990	112
5991	113
5992	113
5993	113
5994	114
5995	114
5996	112
5997	113
5998	114
5999	115
6000	117
6001	117
6002	116
6003	117
6004	116
6005	117
6006	116
6007	115
6008	115
6009	116
6010	115
6011	116
6012	118
6013	118
6014	117
6015	116
6016	116
6017	118
6018	118
6019	119
6020	120
6021	118
6022	116
6023	116
6024	115
6025	114
6026	115
6027	115
6028	115
6029	115
6030	116
6031	115
6032	114
6033	114
6034	112
6035	111
6036	114
6037	116
6038	117
6039	117
6040	117
6041	117
6042	116
6043	117
6044	115
6045	115
6046	114
6047	113
6048	112
6049	112
6050	113
6051	113
6052	112
6053	113
6054	116
6055	114
6056	115
6057	115
6058	116
6059	116
6060	115
6061	113
6062	114
6063	116
6064	116
6065	116
6066	115
6067	114
6068	116
6069	117
6070	119
6071	117
6072	117
6073	118
6074	119
6075	120
6076	119
6077	118
6078	117
6079	116
6080	116
6081	117
6082	115
6083	116
6084	115
6085	115
6086	115
6087	113
6088	112
6089	109
6090	110
6091	109
6092	110
6093	111
6094	112
6095	114
6096	113
6097	112
6098	114
6099	114
6100	115
6101	115
6102	115
6103	114
6104	112
6105	115
6106	114
6107	115
6108	115
6109	116
6110	117
6111	118
6112	118
6113	123
6114	125
6115	127
6116	126
6117	127
6118	127
6119	127
6120	128
6121	128
6122	130
6123	131
6124	129
6125	129
6126	127
6127	127
6128	126
6129	126
6130	127
6131	125
6132	126
6133	126
6134	126
6135	127
6136	128
6137	128
6138	128
6139	128
6140	128
6141	128
6142	128
6143	129
6144	127
6145	127
6146	126
6147	126
6148	126
6149	129
6150	129
6151	129
6152	128
6153	128
6154	129
6155	129
6156	128
6157	128
6158	129
6159	128
6160	129
6161	129
6162	129
6163	129
6164	128
6165	129
6166	132
6167	132
6168	131
6169	130
6170	128
6171	130
6172	131
6173	130
6174	131
6175	130
6176	130
6177	130
6178	129
6179	130
6180	131
6181	132
6182	133
6183	135
6184	133
6185	132
6186	131
6187	131
6188	133
6189	131
6190	130
6191	129
6192	128
6193	128
6194	127
6195	126
6196	124
6197	124
6198	123
6199	123
6200	125
6201	124
6202	124
6203	125
6204	124
6205	122
6206	121
6207	122
6208	121
6209	121
6210	118
6211	121
6212	121
6213	120
6214	119
6215	121
6216	121
6217	121
6218	120
6219	121
6220	121
6221	121
6222	121
6223	122
6224	123
6225	123
6226	123
6227	124
6228	124
6229	123
6230	122
6231	123
6232	122
6233	120
6234	120
6235	118
6236	118
6237	116
6238	114
6239	112
6240	112
6241	113
6242	114
6243	114
6244	115
6245	115
6246	115
6247	116
6248	116
6249	116
6250	118
6251	119
6252	119
6253	120
6254	120
6255	119
6256	120
6257	120
6258	121
6259	121
6260	122
6261	120
6262	119
6263	119
6264	118
6265	120
6266	120
6267	121
6268	121
6269	121
6270	122
6271	122
6272	124
6273	124
6274	126
6275	127
6276	129
6277	130
6278	131
6279	133
6280	133
6281	132
6282	132
6283	132
6284	133
6285	133
6286	132
6287	134
6288	134
6289	134
6290	134
6291	134
6292	134
6293	135
6294	137
6295	138
6296	140
6297	138
6298	139
6299	139
6300	139
6301	139
6302	138
6303	137
6304	138
6305	138
6306	139
6307	138
6308	137
6309	140
6310	141
6311	142
6312	143
6313	143
6314	143
6315	145
6316	146
6317	148
6318	148
6319	146
6320	147
6321	148
6322	148
6323	147
6324	146
6325	147
6326	145
6327	145
6328	144
6329	143
6330	144
6331	143
6332	141
6333	141
6334	143
6335	144
6336	144
6337	144
6338	144
6339	143
6340	142
6341	142
6342	143
6343	144
6344	144
6345	143
6346	142
6347	141
6348	140
6349	140
6350	139
6351	137
6352	137
6353	138
6354	134
6355	134
6356	131
6357	132
6358	130
6359	131
6360	129
6361	129
6362	129
6363	129
6364	130
6365	129
6366	128
6367	127
6368	125
6369	125
6370	124
6371	123
6372	124
6373	122
6374	120
6375	121
6376	120
6377	119
6378	119
6379	119
6380	119
6381	119
6382	119
6383	118
6384	118
6385	117
6386	118
6387	117
6388	118
6389	118
6390	119
6391	119
6392	118
6393	117
6394	117
6395	116
6396	115
6397	113
6398	113
6399	114
6400	115
6401	114
6402	114
6403	114
6404	115
6405	114
6406	114
6407	113
6408	112
6409	113
6410	113
6411	111
6412	109
6413	110
6414	110
6415	111
6416	111
6417	110
6418	110
6419	110
6420	109
6421	110
6422	110
6423	109
6424	109
6425	109
6426	108
6427	107
6428	107
6429	107
6430	104
6431	104
6432	105
6433	106
6434	107
6435	107
6436	108
6437	109
6438	109
6439	109
6440	109
6441	108
6442	109
6443	110
6444	110
6445	109
6446	108
6447	109
6448	110
6449	109
6450	109
6451	109
6452	109
6453	108
6454	110
6455	110
6456	109
6457	107
6458	108
6459	108
6460	108
6461	109
6462	109
6463	108
6464	108
6465	107
6466	106
6467	106
6468	106
6469	106
6470	105
6471	105
6472	104
6473	104
6474	103
6475	102
6476	102
6477	101
6478	101
6479	100
6480	101
6481	101
6482	103
6483	104
6484	104
6485	102
6486	100
6487	100
6488	99
6489	99
6490	97
6491	96
6492	94
6493	92
6494	90
6495	91
6496	89
6497	89
6498	91
6499	90
6500	90
6501	90
6502	91
6503	91
6504	93
6505	92
6506	91
6507	91
6508	89
6509	88
6510	89
6511	89
6512	89
6513	88
6514	86
6515	86
6516	86
6517	85
6518	85
6519	86
6520	85
6521	85
6522	85
6523	84
6524	84
6525	84
6526	83
6527	83
6528	81
6529	80
6530	79
6531	76
6532	77
6533	75
6534	74
6535	74
6536	74
6537	74
6538	73
6539	74
6540	74
6541	74
6542	74
6543	75
6544	75
6545	76
6546	75
6547	74
6548	75
6549	75
6550	74
6551	74
6552	73
6553	72
6554	72
6555	72
6556	71
6557	71
6558	72
6559	72
6560	72
6561	74
6562	73
6563	73
6564	72
6565	73
6566	73
6567	72
6568	72
6569	73
6570	74
6571	75
6572	76
6573	76
6574	75
6575	75
6576	76
6577	77
6578	76
6579	75
6580	74
6581	74
6582	74
6583	75
6584	75
6585	75
6586	74
6587	75
6588	74
6589	75
6590	74
6591	74
6592	76
6593	77
6594	77
6595	76
6596	75
6597	75
6598	75
6599	76
6600	78
6601	77
6602	77
6603	74
6604	74
6605	74
6606	76
6607	77
6608	77
6609	78
6610	79
6611	79
6612	80
6613	80
6614	80
6615	79
6616	80
6617	80
6618	80
6619	81
6620	80
6621	80
6622	81
6623	80
6624	81
6625	81
6626	81
6627	81
6628	80
6629	83
6630	83
6631	84
6632	85
6633	84
6634	84
6635	85
6636	85
6637	86
6638	86
6639	86
6640	84
6641	83
6642	82
6643	82
6644	82
6645	81
6646	81
6647	81
6648	81
6649	81
6650	82
6651	82
6652	81
6653	82
6654	83
6655	83
6656	82
6657	85
6658	84
6659	85
6660	85
6661	85
6662	86
6663	85
6664	86
6665	87
6666	87
6667	87
6668	85
6669	85
6670	84
6671	84
6672	84
6673	83
6674	85
6675	84
6676	82
6677	82
6678	81
6679	80
6680	80
6681	79
6682	79
6683	79
6684	79
6685	78
6686	78
6687	79
6688	79
6689	79
6690	79
6691	81
6692	81
6693	80
6694	80
6695	80
6696	79
6697	79
6698	79
6699	80
6700	81
6701	81
6702	81
6703	82
6704	83
6705	83
6706	83
6707	85
6708	83
6709	83
6710	82
6711	82
6712	82
6713	82
6714	82
6715	82
6716	82
6717	82
6718	83
6719	83
6720	83
6721	83
6722	83
6723	83
6724	83
6725	83
6726	85
6727	84
6728	84
6729	85
6730	85
6731	85
6732	84
6733	84
6734	84
6735	84
6736	85
6737	85
6738	86
6739	87
6740	88
6741	87
6742	88
6743	88
6744	88
6745	88
6746	89
6747	89
6748	88
6749	88
6750	89
6751	89
6752	89
6753	88
6754	88
6755	89
6756	90
6757	90
6758	90
6759	90
6760	90
6761	90
6762	91
6763	93
6764	94
6765	95
6766	95
6767	94
6768	94
6769	94
6770	94
6771	95
6772	95
6773	94
6774	94
6775	94
6776	94
6777	94
6778	94
6779	95
6780	95
6781	94
6782	95
6783	94
6784	94
6785	93
6786	92
6787	92
6788	93
6789	93
6790	94
6791	94
6792	95
6793	95
6794	94
6795	94
6796	95
6797	95
6798	95
6799	96
6800	95
6801	95
6802	95
6803	95
6804	95
6805	96
6806	96
6807	96
6808	96
6809	98
6810	99
6811	99
6812	99
6813	99
6814	100
6815	101
6816	101
6817	103
6818	103
6819	103
6820	102
6821	102
6822	102
6823	102
6824	103
6825	103
6826	101
6827	101
6828	100
6829	100
6830	100
6831	98
6832	97
6833	99
6834	98
6835	97
6836	96
6837	95
6838	96
6839	95
6840	94
6841	96
6842	97
6843	97
6844	97
6845	97
6846	98
6847	97
6848	97
6849	97
6850	98
6851	97
6852	97
6853	97
6854	98
6855	97
6856	98
6857	98
6858	97
6859	98
6860	98
6861	100
6862	101
6863	101
6864	102
6865	101
6866	102
6867	103
6868	103
6869	103
6870	103
6871	103
6872	104
6873	104
6874	105
6875	105
6876	106
6877	106
6878	106
6879	107
6880	107
6881	106
6882	108
6883	109
6884	110
6885	111
6886	112
6887	111
6888	111
6889	111
6890	112
6891	112
6892	113
6893	113
6894	114
6895	114
6896	115
6897	112
6898	114
6899	113
6900	112
6901	111
6902	110
6903	110
6904	109
6905	110
6906	110
6907	109
6908	110
6909	110
6910	110
6911	110
6912	110
6913	110
6914	110
6915	110
6916	110
6917	110
6918	110
6919	109
6920	108
6921	108
6922	106
6923	105
6924	105
6925	104
6926	106
6927	106
6928	103
6929	102
6930	103
6931	103
6932	102
6933	101
6934	101
6935	100
6936	99
6937	99
6938	98
6939	97
6940	97
6941	96
6942	97
6943	97
6944	98
6945	98
6946	97
6947	98
6948	96
6949	94
6950	94
6951	94
6952	93
6953	93
6954	94
6955	94
6956	94
6957	94
6958	94
6959	94
6960	94
6961	93
6962	94
6963	94
6964	94
6965	93
6966	94
6967	93
6968	93
6969	94
6970	94
6971	94
6972	94
6973	94
6974	94
6975	94
6976	94
6977	96
6978	96
6979	96
6980	97
6981	96
6982	96
6983	97
6984	96
6985	95
6986	95
6987	95
6988	95
6989	95
6990	95
6991	94
6992	94
6993	93
6994	92
6995	93
6996	91
6997	89
6998	90
6999	90
7000	89
7001	89
7002	88
7003	87
7004	87
7005	86
7006	86
7007	87
7008	87
7009	87
7010	87
7011	87
7012	87
7013	87
7014	86
7015	85
7016	84
7017	84
7018	83
7019	82
7020	82
7021	81
7022	81
7023	81
7024	80
7025	80
7026	79
7027	78
7028	77
7029	76
7030	76
7031	75
7032	75
7033	75
7034	74
7035	73
7036	72
7037	72
7038	72
7039	71
7040	71
7041	71
7042	71
7043	71
7044	71
7045	71
7046	71
7047	72
7048	72
7049	72
7050	72
7051	73
7052	73
7053	73
7054	72
7055	72
7056	72
7057	72
7058	72
7059	73
7060	71
7061	71
7062	70
7063	69
7064	69
7065	68
7066	68
7067	67
7068	66
7069	66
7070	65
7071	64
7072	64
7073	63
7074	62
7075	61
7076	61
7077	60
7078	60
7079	60
7080	59
7081	59
7082	59
7083	59
7084	60
7085	60
7086	60
7087	59
7088	59
7089	59
7090	60
7091	60
7092	59
7093	58
7094	58
7095	58
7096	59
7097	59
7098	59
7099	59
7100	59
7101	59
7102	59
7103	59
7104	59
7105	60
7106	60
7107	60
7108	60
7109	60
7110	60
7111	61
7112	62
7113	62
7114	61
7115	60
7116	61
7117	61
7118	62
7119	63
7120	64
7121	64
7122	65
7123	65
7124	67
7125	67
7126	67
7127	67
7128	68
7129	68
7130	68
7131	68
7132	69
7133	68
7134	68
7135	70
7136	69
7137	68
7138	68
7139	68
7140	68
7141	69
7142	68
7143	68
7144	67
7145	67
7146	67
7147	67
7148	67
7149	66
7150	65
7151	66
7152	67
7153	67
7154	67
7155	67
7156	66
7157	66
7158	66
7159	66
7160	66
7161	65
7162	66
7163	66
7164	69
7165	67
7166	67
7167	67
7168	68
7169	68
7170	69
7171	67
7172	68
7173	68
7174	69
7175	68
7176	67
7177	68
7178	68
7179	68
7180	68
7181	71
7182	69
7183	69
7184	71
7185	71
7186	74
7187	71
7188	71
7189	71
7190	69
7191	69
7192	69
7193	69
7194	67
7195	65
7196	65
7197	66
7198	65
7199	64
7200	64
7201	64
7202	64
7203	65
7204	66
7205	65
7206	65
7207	65
7208	64
7209	64
7210	65
7211	65
7212	65
7213	64
7214	65
7215	66
7216	65
7217	64
7218	63
7219	61
7220	61
7221	60
7222	60
7223	61
7224	60
7225	60
7226	60
7227	59
7228	58
7229	58
7230	58
7231	58
7232	57
7233	56
7234	57
7235	58
7236	58
7237	58
7238	58
7239	56
7240	56
7241	56
7242	56
7243	56
7244	55
7245	56
7246	55
7247	55
7248	55
7249	52
7250	52
7251	52
7252	52
7253	52
7254	52
7255	52
7256	52
7257	50
7258	49
7259	46
7260	46
7261	45
7262	44
7263	44
7264	44
7265	43
7266	43
7267	42
7268	42
7269	41
7270	41
7271	41
7272	41
7273	41
7274	40
7275	40
7276	40
7277	40
7278	40
7279	39
7280	39
7281	40
7282	40
7283	40
7284	39
7285	39
7286	39
7287	38
7288	38
7289	37
7290	37
7291	37
7292	37
7293	37
7294	37
7295	37
7296	37
7297	35
7298	35
7299	35
7300	35
7301	35
7302	35
7303	36
7304	36
7305	36
7306	36
7307	35
7308	34
7309	33
7310	32
7311	32
7312	32
7313	32
7314	32
7315	32
7316	32
7317	32
7318	32
7319	32
7320	33
7321	33
7322	33
7323	33
7324	33
7325	33
7326	33
7327	33
7328	33
7329	33
7330	32
7331	33
7332	33
7333	32
7334	32
7335	32
7336	32
7337	32
7338	32
7339	32
7340	32
7341	31
7342	31
7343	31
7344	31
7345	31
7346	31
7347	31
7348	31
7349	31
7350	31
7351	30
7352	30
7353	30
7354	30
7355	31
7356	30
7357	30
7358	29
7359	28
7360	27
7361	26
7362	26
7363	26
7364	26
7365	25
7366	25
7367	24
7368	24
7369	24
7370	25
7371	24
7372	24
7373	25
7374	25
7375	25
7376	25
7377	25
7378	25
7379	25
7380	25
7381	25
7382	25
7383	25
7384	25
7385	25
7386	25
7387	25
7388	23
7389	23
7390	22
7391	22
7392	22
7393	20
7394	20
7395	20
7396	20
7397	21
7398	20
7399	20
7400	20
7401	20
7402	20
7403	21
7404	20
7405	20
7406	20
7407	20
7408	20
7409	20
7410	20
7411	19
7412	19
7413	19
7414	19
7415	18
7416	18
7417	18
7418	18
7419	18
7420	18
7421	18
7422	18
7423	18
7424	18
7425	18
7426	17
7427	17
7428	17
7429	17
7430	16
7431	16
7432	16
7433	16
7434	16
7435	16
7436	16
7437	16
7438	16
7439	16
7440	16
7441	16
7442	16
7443	16
7444	15
7445	15
7446	15
7447	15
7448	15
7449	15
7450	15
7451	15
7452	15
7453	15
7454	15
7455	15
7456	15
7457	15
7458	15
7459	13
7460	13
7461	12
7462	11
7463	11
7464	10
7465	10
7466	10
7467	10
7468	10
7469	10
7470	10
7471	10
7472	10
7473	10
7474	10
7475	10
7476	10
7477	10
7478	10
7479	10
7480	10
7481	10
7482	10
7483	10
7484	10
7485	10
7486	10
7487	10
7488	10
7489	10
7490	10
7491	10
7492	10
7493	10
7494	10
7495	10
7496	10
7497	10
7498	9
7499	9
7500	9
7501	9
7502	9
7503	9
7504	9
7505	8
7506	7
7507	7
7508	7
7509	7
7510	7
7511	7
7512	7
7513	7
7514	7
7515	7
7516	7
7517	7
7518	7
7519	7
7520	6
7521	6
7522	6
7523	6
7524	6
7525	6
7526	6
7527	6
7528	6
7529	6
7530	6
7531	6
7532	6
7533	6
7534	6
7535	6
7536	6
7537	6
7538	6
7539	6
7540	6
7541	6
7542	6
7543	6
7544	6
7545	6
7546	6
7547	6
7548	6
7549	6
7550	6
7551	6
7552	6
7553	6
7554	6
7555	6
7556	6
7557	6
7558	6
7559	6
7560	6
7561	6
7562	6
7563	6
7564	6
7565	6
7566	6
7567	6
7568	6
7569	5
7570	5
7571	5
7572	5
7573	4
7574	4
7575	4
7576	4
7577	4
7578	4
7579	4
7580	4
7581	4
7582	4
7583	4
7584	4
7585	4
7586	4
7587	3
7588	3
7589	3
7590	3
7591	3
7592	3
7593	3
7594	3
7595	3
7596	3
7597	3
7598	3
7599	3
7600	3
7601	3
7602	3
7603	3
7604	3
7605	3
7606	3
7607	3
7608	3
7609	3
7610	3
7611	3
7612	3
7613	3
7614	3
7615	3
7616	3
7617	3
7618	3
7619	3
7620	3
7621	3
7622	3
7623	3
7624	3
7625	3
7626	3
7627	3
7628	3
7629	3
7630	3
7631	3
7632	3
7633	3
7634	3
7635	3
7636	3
7637	3
7638	3
7639	3
7640	3
7641	3
7642	3
7643	3
7644	3
7645	3
7646	3
7647	3
7648	3
7649	3
7650	3
7651	3
7652	3
7653	3
7654	3
7655	3
7656	3
7657	3
7658	3
7659	3
7660	3
7661	3
7662	3
7663	3
7664	3
7665	3
7666	3
7667	2
7668	2
7669	2
7670	2
7671	2
7672	2
7673	2
7674	2
7675	2
7676	2
7677	2
7678	2
7679	2
7680	2
7681	2
7682	2
7683	2
7684	2
7685	2
7686	2
7687	2
7688	2
7689	2
7690	2
7691	2
7692	2
7693	2
7694	2
7695	2
7696	2
7697	2
7698	2
7699	2
7700	2
7701	2
7702	2
7703	2
7704	2
7705	2
7706	2
7707	2
7708	2
7709	2
7710	2
7711	2
7712	2
7713	2
7714	2
7715	2
7716	2
7717	2
7718	2
7719	2
7720	2
7721	1
7722	1
7723	1
7724	1
7725	1
7726	1
7727	1
7728	1
7729	1
7730	1
7731	1
7732	1
7733	1
7734	1
7735	1
7736	1
7737	1
7738	1
7739	1
7740	1
7741	1
7742	1
7743	1
7744	1
7745	1
7746	1
7747	1
7748	1
7749	1
7750	1
7751	1
7752	1
7753	1
7754	1
7755	1
7756	1
7757	1
7758	1
7759	1
7760	1
7761	1
7762	1
7763	1
7764	1
7765	1
7766	1
7767	1
7768	1
7769	1
7770	1
7771	1
7772	1
7773	1
7774	1
7775	1
7776	1
7777	1
7778	1
7779	1
7780	1
7781	1
7782	1
7783	1
7784	1
7785	1
7786	1
7787	1
7788	1
7789	1
7790	1
7791	1
7792	1
7793	1
7794	1
7795	1
7796	1
7797	1
7798	1
7799	1
7800	1
7801	1
7802	1
7803	1
7804	1
7805	1
7806	1
7807	1
7808	1
7809	1
7810	1
7811	1
7812	1
7813	0
7814	0
7815	0
7816	0
7817	0
7818	0
7819	0
7820	0
7821	0
7822	0
7823	0
7824	0
7825	0
7826	0
7827	0
7828	0
7829	0
7830	0
7831	0
7832	0
7833	0
7834	0
7835	0
7836	0
7837	0
7838	0
7839	0
7840	0
7841	0
7842	0
7843	0
7844	0
7845	0
7846	0
7847	0
7848	0
7849	0
7850	0
7851	0
7852	0
7853	0
7854	0
7855	0
7856	0
7857	0
7858	0
7859	0
7860	0
7861	0
7862	0
7863	0
7864	0
7865	0
7866	0
7867	0
7868	0
7869	0
7870	0
7871	0
7872	0
7873	0
7874	0
7875	0
7876	0
7877	0
7878	0
7879	0
7880	0
7881	0
7882	0
7883	0
7884	0
7885	0
7886	0
7887	0
7888	0
7889	0
7890	0
7891	0
7892	0
7893	0
7894	0
7895	0
7896	0
7897	0
7898	0
7899	0
7900	0
7901	0
7902	0
7903	0
7904	0
7905	0
7906	0
7907	0
7908	0
7909	0
7910	0
7911	0
7912	0
7913	0
7914	0
7915	0
7916	0
7917	0
7918	0
7919	0
7920	0
7921	0
7922	0
7923	0
7924	0
7925	0
7926	0
7927	0
7928	0
7929	0
7930	0
7931	0
7932	0
7933	0
7934	0
7935	0
7936	0
7937	0
7938	0
7939	0
7940	0
7941	0
7942	0
7943	0
7944	0
7945	0
7946	0
7947	0
7948	0
7949	0
7950	0
7951	0
7952	0
7953	0
7954	0
7955	0
7956	0
7957	0
7958	0
7959	0
7960	0
7961	0
7962	0
7963	0
7964	0
7965	0
7966	0
7967	0
7968	0
7969	0
7970	0
7971	0
7972	0
7973	0
7974	0
7975	0
7976	0
7977	0
7978	0
7979	0
7980	0
7981	0
7982	0
7983	0
7984	0
7985	0
7986	0
7987	0
7988	0
7989	0
7990	0
7991	0
7992	0
7993	0
7994	0
7995	0
7996	0
7997	0
7998	0
7999	0
8000	0
8001	0
8002	0
8003	0
8004	0
8005	0
8006	0
8007	0
8008	0
8009	0
8010	0
8011	0
8012	0
8013	0
8014	0
8015	0
8016	0
8017	0
8018	0
8019	0
8020	0
8021	0
8022	0
8023	0
8024	0
8025	0
8026	0
8027	0
8028	0
8029	0
8030	0
8031	0
8032	0
8033	0
8034	0
8035	0
8036	0
8037	0
8038	0
8039	0
8040	0
8041	0
8042	0
8043	0
8044	0
8045	0
8046	0
8047	0
8048	0
8049	0
8050	0
8051	0
8052	0
8053	0
8054	0
8055	0
8056	0
8057	0
8058	0
8059	0
8060	0
8061	0
8062	0
8063	0
8064	0
8065	0
8066	0
8067	0
8068	0
8069	0
8070	0
8071	0
8072	0
8073	0
8074	0
8075	0
8076	0
8077	0
8078	0
8079	0
8080	0
8081	0
8082	0
8083	0
8084	0
8085	0
8086	0
8087	0
8088	0
8089	0
8090	0
8091	0
8092	0
8093	0
8094	0
8095	0
8096	0
8097	0
8098	0
8099	0
8100	0
8101	0
8102	0
8103	0
8104	0
8105	0
8106	0
8107	0
8108	0
8109	0
8110	0
8111	0
8112	0
8113	0
8114	0
8115	0
8116	0
8117	0
8118	0
8119	0
8120	0
8121	0
8122	0
8123	0
8124	0
8125	0
8126	0
8127	0
8128	0
8129	0
8130	0
8131	0
8132	0
8133	0
8134	0
8135	0
8136	0
8137	0
8138	0
8139	0
8140	0
8141	0
8142	0
8143	0
8144	0
8145	0
8146	0
8147	0
8148	0
8149	0
8150	0
8151	0
8152	0
8153	0
8154	0
8155	0
8156	0
8157	0
8158	0
8159	0
8160	0
8161	0
8162	0
8163	0
8164	0
8165	0
8166	0
8167	0
8168	0
8169	0
8170	0
8171	0
8172	0
8173	0
8174	0
8175	0
8176	0
8177	0
8178	0
8179	0
8180	0
8181	0
8182	0
8183	0
8184	0
8185	0
8186	0
8187	0
8188	0
8189	0
8190	0
8191	0
8192	0
8193	0
8194	0
8195	0
8196	0
8197	0
8198	0
8199	0
8200	0
8201	0
8202	1
