1	0
2	0
3	0
4	0
5	0
6	1
7	1
8	1
9	1
10	1
11	1
12	1
13	1
14	1
15	1
16	1
17	1
18	1
19	1
20	1
21	1
22	1
23	1
24	1
25	1
26	1
27	1
28	1
29	0
30	0
31	0
32	0
33	0
34	0
35	0
36	0
37	0
38	0
39	0
40	0
41	0
42	0
43	0
44	0
45	0
46	0
47	0
48	1
49	1
50	1
51	1
52	1
53	2
54	2
55	2
56	2
57	2
58	2
59	2
60	2
61	2
62	2
63	2
64	2
65	2
66	2
67	2
68	1
69	1
70	2
71	2
72	2
73	2
74	2
75	2
76	2
77	2
78	2
79	2
80	2
81	2
82	2
83	2
84	2
85	2
86	2
87	2
88	2
89	2
90	2
91	2
92	2
93	2
94	2
95	2
96	2
97	2
98	2
99	2
100	2
101	2
102	2
103	2
104	2
105	2
106	2
107	2
108	3
109	3
110	3
111	3
112	3
113	3
114	3
115	3
116	3
117	3
118	3
119	3
120	3
121	3
122	3
123	3
124	3
125	3
126	3
127	3
128	3
129	3
130	4
131	4
132	4
133	4
134	4
135	4
136	4
137	4
138	4
139	4
140	4
141	4
142	4
143	4
144	4
145	4
146	4
147	4
148	4
149	4
150	4
151	4
152	4
153	4
154	4
155	4
156	4
157	4
158	4
159	4
160	4
161	4
162	4
163	5
164	4
165	4
166	4
167	4
168	4
169	4
170	4
171	4
172	4
173	4
174	4
175	4
176	4
177	4
178	4
179	4
180	5
181	5
182	5
183	5
184	4
185	4
186	4
187	4
188	4
189	4
190	4
191	4
192	4
193	4
194	4
195	4
196	4
197	4
198	4
199	4
200	4
201	4
202	4
203	4
204	3
205	3
206	3
207	3
208	3
209	3
210	3
211	3
212	3
213	3
214	4
215	5
216	5
217	5
218	5
219	5
220	5
221	5
222	5
223	5
224	5
225	5
226	5
227	5
228	5
229	5
230	5
231	5
232	5
233	5
234	5
235	5
236	5
237	5
238	5
239	5
240	5
241	5
242	5
243	6
244	6
245	5
246	5
247	5
248	5
249	5
250	6
251	6
252	6
253	6
254	6
255	6
256	6
257	6
258	6
259	6
260	6
261	6
262	6
263	6
264	6
265	6
266	6
267	6
268	6
269	6
270	6
271	6
272	6
273	6
274	6
275	6
276	6
277	6
278	6
279	6
280	6
281	6
282	6
283	6
284	7
285	6
286	6
287	6
288	7
289	7
290	7
291	7
292	7
293	7
294	7
295	7
296	7
297	7
298	7
299	7
300	7
301	8
302	9
303	9
304	9
305	9
306	9
307	9
308	9
309	9
310	9
311	9
312	10
313	10
314	10
315	9
316	8
317	8
318	8
319	8
320	8
321	8
322	8
323	8
324	8
325	8
326	8
327	8
328	8
329	8
330	8
331	8
332	8
333	8
334	8
335	8
336	8
337	8
338	8
339	8
340	8
341	8
342	8
343	8
344	8
345	8
346	8
347	8
348	8
349	8
350	8
351	8
352	8
353	9
354	9
355	9
356	9
357	9
358	9
359	9
360	9
361	10
362	10
363	10
364	10
365	10
366	10
367	10
368	10
369	10
370	10
371	10
372	10
373	10
374	10
375	10
376	10
377	10
378	10
379	10
380	11
381	11
382	11
383	10
384	10
385	10
386	10
387	10
388	10
389	11
390	11
391	11
392	12
393	12
394	12
395	12
396	12
397	12
398	12
399	12
400	12
401	12
402	12
403	13
404	13
405	13
406	13
407	13
408	13
409	13
410	13
411	13
412	13
413	13
414	13
415	14
416	14
417	14
418	14
419	14
420	14
421	14
422	14
423	13
424	13
425	13
426	13
427	13
428	14
429	14
430	14
431	14
432	14
433	15
434	16
435	16
436	16
437	16
438	16
439	15
440	16
441	16
442	17
443	17
444	16
445	17
446	18
447	18
448	18
449	18
450	17
451	17
452	17
453	17
454	17
455	17
456	17
457	17
458	17
459	18
460	18
461	18
462	18
463	18
464	18
465	18
466	18
467	18
468	18
469	18
470	18
471	18
472	18
473	18
474	19
475	19
476	19
477	20
478	20
479	19
480	19
481	18
482	18
483	18
484	19
485	19
486	19
487	19
488	20
489	19
490	20
491	20
492	20
493	20
494	21
495	21
496	21
497	21
498	22
499	22
500	22
501	22
502	22
503	22
504	22
505	22
506	23
507	23
508	23
509	23
510	22
511	22
512	22
513	22
514	22
515	23
516	23
517	23
518	23
519	23
520	23
521	23
522	23
523	25
524	25
525	25
526	25
527	26
528	26
529	26
530	26
531	26
532	26
533	26
534	27
535	27
536	27
537	27
538	27
539	26
540	26
541	25
542	23
543	23
544	23
545	23
546	23
547	22
548	22
549	22
550	23
551	24
552	24
553	24
554	24
555	24
556	24
557	25
558	25
559	25
560	26
561	25
562	25
563	25
564	25
565	25
566	25
567	24
568	24
569	26
570	25
571	25
572	25
573	25
574	27
575	27
576	27
577	28
578	29
579	29
580	29
581	29
582	29
583	29
584	29
585	30
586	30
587	30
588	30
589	30
590	30
591	30
592	29
593	29
594	29
595	29
596	29
597	29
598	29
599	29
600	29
601	29
602	28
603	28
604	28
605	28
606	28
607	28
608	28
609	28
610	28
611	28
612	27
613	27
614	27
615	27
616	27
617	27
618	27
619	27
620	27
621	27
622	27
623	27
624	27
625	27
626	27
627	29
628	29
629	29
630	29
631	29
632	29
633	29
634	29
635	30
636	30
637	30
638	30
639	29
640	29
641	29
642	29
643	29
644	29
645	28
646	27
647	27
648	27
649	27
650	27
651	27
652	27
653	27
654	27
655	27
656	27
657	27
658	27
659	26
660	26
661	26
662	26
663	26
664	26
665	26
666	26
667	26
668	26
669	26
670	26
671	26
672	26
673	25
674	25
675	25
676	26
677	26
678	25
679	25
680	25
681	25
682	25
683	25
684	24
685	24
686	24
687	24
688	24
689	24
690	24
691	24
692	24
693	24
694	23
695	22
696	21
697	21
698	22
699	22
700	22
701	22
702	22
703	22
704	22
705	22
706	21
707	20
708	21
709	20
710	19
711	19
712	19
713	19
714	19
715	19
716	19
717	19
718	18
719	18
720	18
721	17
722	18
723	18
724	18
725	18
726	18
727	18
728	18
729	18
730	18
731	18
732	17
733	18
734	18
735	18
736	19
737	19
738	19
739	18
740	18
741	18
742	18
743	18
744	18
745	18
746	18
747	18
748	18
749	18
750	17
751	17
752	18
753	19
754	20
755	20
756	20
757	20
758	20
759	20
760	18
761	18
762	19
763	19
764	19
765	19
766	19
767	18
768	19
769	20
770	20
771	20
772	20
773	20
774	19
775	20
776	21
777	20
778	20
779	20
780	20
781	21
782	21
783	21
784	23
785	23
786	24
787	23
788	23
789	23
790	23
791	23
792	23
793	23
794	23
795	24
796	23
797	23
798	23
799	23
800	23
801	23
802	24
803	24
804	24
805	23
806	22
807	22
808	22
809	22
810	22
811	21
812	21
813	21
814	21
815	21
816	21
817	21
818	21
819	21
820	21
821	22
822	22
823	22
824	22
825	22
826	22
827	22
828	23
829	23
830	23
831	23
832	23
833	23
834	23
835	23
836	23
837	21
838	21
839	21
840	21
841	21
842	21
843	21
844	21
845	21
846	20
847	19
848	20
849	20
850	20
851	20
852	20
853	21
854	21
855	21
856	22
857	22
858	22
859	22
860	22
861	22
862	22
863	22
864	22
865	22
866	22
867	22
868	22
869	22
870	22
871	22
872	22
873	22
874	22
875	21
876	21
877	21
878	22
879	22
880	22
881	22
882	22
883	22
884	22
885	22
886	22
887	22
888	22
889	22
890	22
891	22
892	22
893	21
894	21
895	21
896	21
897	21
898	21
899	21
900	21
901	21
902	21
903	21
904	21
905	22
906	22
907	23
908	23
909	23
910	23
911	23
912	23
913	23
914	23
915	21
916	22
917	24
918	24
919	24
920	24
921	24
922	24
923	24
924	24
925	23
926	23
927	23
928	23
929	24
930	24
931	24
932	23
933	24
934	24
935	25
936	24
937	24
938	24
939	23
940	23
941	23
942	23
943	23
944	23
945	21
946	22
947	22
948	21
949	21
950	21
951	21
952	21
953	21
954	21
955	22
956	22
957	23
958	23
959	23
960	23
961	23
962	22
963	22
964	22
965	22
966	22
967	22
968	22
969	22
970	21
971	21
972	21
973	21
974	21
975	21
976	21
977	21
978	21
979	21
980	21
981	21
982	21
983	22
984	22
985	22
986	23
987	23
988	24
989	24
990	24
991	24
992	24
993	24
994	25
995	24
996	24
997	24
998	25
999	25
1000	25
1001	24
1002	24
1003	24
1004	23
1005	23
1006	23
1007	22
1008	21
1009	20
1010	20
1011	20
1012	20
1013	20
1014	20
1015	19
1016	19
1017	19
1018	19
1019	19
1020	19
1021	19
1022	19
1023	20
1024	20
1025	20
1026	20
1027	20
1028	20
1029	20
1030	21
1031	21
1032	22
1033	22
1034	22
1035	22
1036	22
1037	22
1038	22
1039	22
1040	23
1041	23
1042	23
1043	23
1044	23
1045	23
1046	23
1047	22
1048	22
1049	22
1050	22
1051	22
1052	22
1053	22
1054	22
1055	22
1056	23
1057	23
1058	23
1059	23
1060	22
1061	22
1062	21
1063	21
1064	22
1065	22
1066	22
1067	21
1068	22
1069	22
1070	22
1071	22
1072	22
1073	22
1074	22
1075	22
1076	22
1077	22
1078	22
1079	22
1080	22
1081	23
1082	23
1083	23
1084	23
1085	24
1086	24
1087	23
1088	24
1089	25
1090	25
1091	25
1092	25
1093	25
1094	24
1095	23
1096	23
1097	22
1098	21
1099	22
1100	21
1101	21
1102	22
1103	22
1104	22
1105	21
1106	21
1107	21
1108	21
1109	21
1110	21
1111	21
1112	21
1113	21
1114	21
1115	21
1116	21
1117	21
1118	21
1119	21
1120	20
1121	20
1122	20
1123	21
1124	21
1125	21
1126	21
1127	21
1128	21
1129	21
1130	21
1131	21
1132	21
1133	21
1134	21
1135	20
1136	21
1137	21
1138	22
1139	22
1140	22
1141	22
1142	22
1143	23
1144	23
1145	23
1146	23
1147	23
1148	23
1149	23
1150	23
1151	23
1152	23
1153	24
1154	24
1155	24
1156	24
1157	24
1158	24
1159	24
1160	23
1161	23
1162	22
1163	22
1164	22
1165	22
1166	22
1167	22
1168	22
1169	22
1170	22
1171	22
1172	22
1173	22
1174	22
1175	22
1176	22
1177	23
1178	24
1179	24
1180	24
1181	24
1182	24
1183	24
1184	24
1185	24
1186	24
1187	24
1188	24
1189	24
1190	24
1191	25
1192	26
1193	26
1194	27
1195	27
1196	27
1197	27
1198	27
1199	27
1200	27
1201	27
1202	26
1203	26
1204	26
1205	25
1206	25
1207	25
1208	25
1209	25
1210	25
1211	25
1212	24
1213	24
1214	24
1215	24
1216	23
1217	23
1218	23
1219	23
1220	24
1221	24
1222	26
1223	27
1224	28
1225	28
1226	28
1227	28
1228	28
1229	28
1230	30
1231	30
1232	30
1233	30
1234	29
1235	29
1236	30
1237	30
1238	30
1239	29
1240	29
1241	29
1242	28
1243	28
1244	28
1245	28
1246	27
1247	27
1248	27
1249	27
1250	27
1251	27
1252	27
1253	27
1254	27
1255	27
1256	27
1257	27
1258	26
1259	26
1260	27
1261	26
1262	26
1263	26
1264	26
1265	26
1266	26
1267	27
1268	27
1269	27
1270	27
1271	26
1272	26
1273	26
1274	26
1275	26
1276	26
1277	26
1278	26
1279	26
1280	26
1281	27
1282	27
1283	26
1284	26
1285	27
1286	27
1287	27
1288	28
1289	28
1290	28
1291	28
1292	28
1293	30
1294	30
1295	30
1296	29
1297	29
1298	29
1299	29
1300	29
1301	29
1302	29
1303	29
1304	29
1305	29
1306	29
1307	29
1308	29
1309	29
1310	29
1311	29
1312	29
1313	29
1314	29
1315	29
1316	29
1317	29
1318	29
1319	28
1320	28
1321	28
1322	28
1323	28
1324	28
1325	28
1326	28
1327	28
1328	28
1329	28
1330	28
1331	28
1332	28
1333	28
1334	29
1335	29
1336	29
1337	29
1338	30
1339	31
1340	31
1341	31
1342	31
1343	31
1344	31
1345	31
1346	30
1347	30
1348	30
1349	30
1350	30
1351	30
1352	30
1353	30
1354	29
1355	29
1356	29
1357	29
1358	29
1359	29
1360	29
1361	28
1362	28
1363	26
1364	26
1365	26
1366	26
1367	26
1368	27
1369	28
1370	28
1371	28
1372	28
1373	28
1374	28
1375	29
1376	29
1377	29
1378	28
1379	28
1380	28
1381	28
1382	28
1383	28
1384	28
1385	28
1386	28
1387	27
1388	27
1389	27
1390	26
1391	26
1392	27
1393	27
1394	27
1395	27
1396	28
1397	28
1398	29
1399	29
1400	29
1401	29
1402	29
1403	29
1404	29
1405	29
1406	29
1407	28
1408	28
1409	28
1410	27
1411	27
1412	27
1413	27
1414	27
1415	27
1416	27
1417	27
1418	27
1419	27
1420	27
1421	27
1422	27
1423	27
1424	27
1425	27
1426	27
1427	27
1428	27
1429	28
1430	28
1431	28
1432	29
1433	29
1434	27
1435	27
1436	27
1437	27
1438	27
1439	28
1440	28
1441	28
1442	28
1443	28
1444	27
1445	27
1446	26
1447	26
1448	26
1449	26
1450	26
1451	26
1452	25
1453	25
1454	25
1455	24
1456	23
1457	23
1458	23
1459	23
1460	23
1461	24
1462	24
1463	24
1464	24
1465	25
1466	25
1467	25
1468	25
1469	25
1470	25
1471	25
1472	25
1473	24
1474	24
1475	24
1476	24
1477	23
1478	25
1479	25
1480	25
1481	26
1482	26
1483	26
1484	26
1485	25
1486	25
1487	25
1488	25
1489	25
1490	25
1491	25
1492	26
1493	26
1494	26
1495	26
1496	26
1497	26
1498	26
1499	26
1500	26
1501	26
1502	26
1503	26
1504	26
1505	25
1506	25
1507	24
1508	24
1509	24
1510	24
1511	24
1512	25
1513	25
1514	26
1515	26
1516	26
1517	26
1518	26
1519	26
1520	27
1521	26
1522	25
1523	25
1524	25
1525	25
1526	24
1527	24
1528	24
1529	24
1530	24
1531	24
1532	23
1533	24
1534	24
1535	24
1536	24
1537	25
1538	25
1539	25
1540	25
1541	25
1542	24
1543	26
1544	26
1545	26
1546	25
1547	25
1548	24
1549	24
1550	25
1551	25
1552	26
1553	27
1554	27
1555	27
1556	27
1557	26
1558	26
1559	26
1560	25
1561	25
1562	25
1563	26
1564	26
1565	26
1566	26
1567	25
1568	25
1569	25
1570	24
1571	24
1572	24
1573	24
1574	24
1575	23
1576	23
1577	23
1578	23
1579	23
1580	23
1581	23
1582	23
1583	23
1584	23
1585	23
1586	23
1587	23
1588	24
1589	24
1590	24
1591	25
1592	26
1593	26
1594	26
1595	26
1596	26
1597	26
1598	26
1599	26
1600	25
1601	26
1602	26
1603	26
1604	26
1605	26
1606	26
1607	26
1608	26
1609	26
1610	26
1611	27
1612	27
1613	26
1614	27
1615	27
1616	28
1617	28
1618	28
1619	28
1620	27
1621	28
1622	28
1623	28
1624	28
1625	28
1626	28
1627	28
1628	29
1629	28
1630	28
1631	28
1632	28
1633	28
1634	28
1635	27
1636	28
1637	28
1638	28
1639	27
1640	27
1641	27
1642	28
1643	28
1644	28
1645	28
1646	27
1647	27
1648	27
1649	28
1650	29
1651	29
1652	29
1653	29
1654	28
1655	28
1656	27
1657	28
1658	27
1659	27
1660	28
1661	28
1662	28
1663	30
1664	30
1665	30
1666	30
1667	30
1668	30
1669	30
1670	30
1671	29
1672	29
1673	28
1674	29
1675	29
1676	29
1677	29
1678	29
1679	30
1680	30
1681	30
1682	30
1683	29
1684	29
1685	28
1686	28
1687	28
1688	28
1689	28
1690	29
1691	30
1692	30
1693	30
1694	30
1695	30
1696	30
1697	31
1698	31
1699	32
1700	33
1701	33
1702	33
1703	33
1704	33
1705	33
1706	32
1707	32
1708	32
1709	32
1710	33
1711	33
1712	33
1713	33
1714	33
1715	32
1716	32
1717	31
1718	32
1719	32
1720	32
1721	32
1722	32
1723	32
1724	32
1725	32
1726	32
1727	30
1728	30
1729	30
1730	28
1731	27
1732	27
1733	27
1734	27
1735	27
1736	27
1737	28
1738	28
1739	28
1740	28
1741	28
1742	29
1743	29
1744	29
1745	29
1746	29
1747	29
1748	29
1749	30
1750	30
1751	31
1752	31
1753	31
1754	32
1755	32
1756	32
1757	32
1758	32
1759	32
1760	32
1761	28
1762	28
1763	28
1764	28
1765	28
1766	29
1767	29
1768	30
1769	29
1770	29
1771	29
1772	29
1773	29
1774	29
1775	29
1776	29
1777	29
1778	30
1779	30
1780	31
1781	31
1782	33
1783	33
1784	33
1785	33
1786	33
1787	33
1788	33
1789	33
1790	33
1791	33
1792	33
1793	33
1794	33
1795	33
1796	33
1797	34
1798	34
1799	33
1800	32
1801	32
1802	32
1803	31
1804	31
1805	31
1806	31
1807	30
1808	30
1809	30
1810	30
1811	30
1812	30
1813	30
1814	30
1815	29
1816	28
1817	27
1818	27
1819	26
1820	28
1821	27
1822	27
1823	27
1824	26
1825	27
1826	27
1827	27
1828	27
1829	27
1830	27
1831	27
1832	27
1833	27
1834	28
1835	28
1836	28
1837	29
1838	29
1839	29
1840	29
1841	29
1842	29
1843	28
1844	28
1845	28
1846	28
1847	27
1848	27
1849	26
1850	26
1851	27
1852	27
1853	27
1854	27
1855	27
1856	27
1857	27
1858	26
1859	26
1860	27
1861	28
1862	28
1863	29
1864	30
1865	31
1866	31
1867	30
1868	30
1869	30
1870	29
1871	29
1872	29
1873	28
1874	28
1875	27
1876	27
1877	26
1878	26
1879	26
1880	26
1881	26
1882	25
1883	25
1884	25
1885	25
1886	26
1887	26
1888	26
1889	26
1890	26
1891	26
1892	26
1893	26
1894	27
1895	27
1896	27
1897	27
1898	28
1899	28
1900	30
1901	30
1902	29
1903	28
1904	29
1905	29
1906	29
1907	29
1908	29
1909	29
1910	28
1911	28
1912	28
1913	28
1914	28
1915	28
1916	28
1917	29
1918	29
1919	29
1920	29
1921	30
1922	31
1923	30
1924	30
1925	30
1926	30
1927	30
1928	30
1929	30
1930	31
1931	31
1932	31
1933	30
1934	30
1935	30
1936	30
1937	30
1938	31
1939	31
1940	31
1941	31
1942	31
1943	31
1944	32
1945	31
1946	31
1947	31
1948	32
1949	31
1950	31
1951	31
1952	32
1953	32
1954	32
1955	31
1956	31
1957	31
1958	31
1959	32
1960	32
1961	32
1962	32
1963	32
1964	32
1965	32
1966	32
1967	32
1968	33
1969	33
1970	33
1971	33
1972	33
1973	33
1974	33
1975	33
1976	33
1977	33
1978	33
1979	33
1980	33
1981	33
1982	34
1983	34
1984	34
1985	34
1986	34
1987	34
1988	34
1989	34
1990	33
1991	33
1992	33
1993	33
1994	33
1995	32
1996	32
1997	32
1998	32
1999	30
2000	30
2001	29
2002	27
2003	27
2004	26
2005	26
2006	26
2007	23
2008	22
2009	22
2010	22
2011	22
2012	22
2013	23
2014	23
2015	22
2016	22
2017	22
2018	21
2019	21
2020	21
2021	21
2022	21
2023	22
2024	21
2025	21
2026	21
2027	21
2028	20
2029	20
2030	20
2031	20
2032	20
2033	20
2034	20
2035	20
2036	22
2037	22
2038	23
2039	24
2040	24
2041	24
2042	24
2043	24
2044	25
2045	24
2046	24
2047	23
2048	23
2049	24
2050	25
2051	25
2052	25
2053	25
2054	25
2055	25
2056	24
2057	24
2058	24
2059	24
2060	24
2061	24
2062	24
2063	24
2064	23
2065	23
2066	23
2067	23
2068	23
2069	23
2070	23
2071	23
2072	23
2073	24
2074	24
2075	24
2076	24
2077	23
2078	23
2079	23
2080	23
2081	23
2082	23
2083	23
2084	23
2085	24
2086	25
2087	25
2088	25
2089	25
2090	24
2091	23
2092	23
2093	23
2094	22
2095	22
2096	22
2097	22
2098	22
2099	23
2100	24
2101	24
2102	24
2103	26
2104	27
2105	27
2106	29
2107	29
2108	29
2109	28
2110	28
2111	28
2112	28
2113	29
2114	28
2115	27
2116	27
2117	27
2118	27
2119	27
2120	27
2121	27
2122	27
2123	27
2124	27
2125	27
2126	27
2127	27
2128	27
2129	28
2130	28
2131	29
2132	28
2133	28
2134	28
2135	27
2136	27
2137	27
2138	28
2139	28
2140	28
2141	28
2142	28
2143	27
2144	27
2145	27
2146	28
2147	28
2148	28
2149	28
2150	28
2151	28
2152	29
2153	29
2154	29
2155	29
2156	29
2157	29
2158	29
2159	29
2160	29
2161	28
2162	27
2163	27
2164	26
2165	27
2166	27
2167	27
2168	27
2169	27
2170	27
2171	27
2172	28
2173	28
2174	29
2175	29
2176	29
2177	29
2178	30
2179	30
2180	30
2181	29
2182	29
2183	30
2184	31
2185	33
2186	34
2187	33
2188	33
2189	33
2190	33
2191	32
2192	32
2193	32
2194	32
2195	32
2196	32
2197	32
2198	32
2199	32
2200	32
2201	32
2202	32
2203	32
2204	32
2205	32
2206	32
2207	32
2208	32
2209	31
2210	31
2211	30
2212	30
2213	30
2214	30
2215	30
2216	30
2217	30
2218	30
2219	30
2220	30
2221	29
2222	29
2223	29
2224	28
2225	28
2226	28
2227	27
2228	27
2229	27
2230	27
2231	26
2232	26
2233	27
2234	26
2235	27
2236	27
2237	26
2238	25
2239	25
2240	25
2241	25
2242	25
2243	24
2244	24
2245	24
2246	25
2247	24
2248	25
2249	25
2250	25
2251	24
2252	24
2253	25
2254	25
2255	25
2256	25
2257	25
2258	25
2259	25
2260	25
2261	25
2262	25
2263	25
2264	25
2265	25
2266	25
2267	25
2268	25
2269	25
2270	25
2271	25
2272	25
2273	25
2274	26
2275	26
2276	26
2277	25
2278	25
2279	24
2280	25
2281	25
2282	25
2283	25
2284	24
2285	24
2286	24
2287	25
2288	25
2289	26
2290	26
2291	26
2292	26
2293	26
2294	26
2295	26
2296	26
2297	26
2298	27
2299	27
2300	27
2301	27
2302	27
2303	27
2304	27
2305	27
2306	27
2307	26
2308	26
2309	26
2310	26
2311	26
2312	26
2313	26
2314	26
2315	26
2316	28
2317	28
2318	28
2319	28
2320	27
2321	27
2322	28
2323	28
2324	28
2325	26
2326	27
2327	27
2328	28
2329	28
2330	29
2331	31
2332	31
2333	31
2334	31
2335	31
2336	30
2337	30
2338	29
2339	27
2340	27
2341	28
2342	28
2343	28
2344	28
2345	28
2346	28
2347	28
2348	29
2349	30
2350	30
2351	30
2352	30
2353	29
2354	29
2355	29
2356	29
2357	28
2358	28
2359	29
2360	29
2361	30
2362	30
2363	30
2364	30
2365	30
2366	30
2367	30
2368	29
2369	29
2370	29
2371	28
2372	28
2373	27
2374	26
2375	26
2376	26
2377	26
2378	26
2379	26
2380	26
2381	26
2382	26
2383	25
2384	25
2385	25
2386	25
2387	25
2388	25
2389	25
2390	25
2391	25
2392	24
2393	24
2394	25
2395	25
2396	25
2397	25
2398	25
2399	25
2400	26
2401	26
2402	26
2403	26
2404	26
2405	26
2406	26
2407	26
2408	26
2409	26
2410	26
2411	25
2412	25
2413	25
2414	26
2415	26
2416	26
2417	25
2418	26
2419	26
2420	26
2421	27
2422	27
2423	29
2424	30
2425	30
2426	30
2427	30
2428	30
2429	31
2430	31
2431	31
2432	31
2433	31
2434	31
2435	30
2436	30
2437	29
2438	28
2439	28
2440	28
2441	27
2442	27
2443	27
2444	27
2445	27
2446	27
2447	27
2448	27
2449	27
2450	27
2451	29
2452	29
2453	29
2454	29
2455	29
2456	29
2457	30
2458	31
2459	32
2460	32
2461	32
2462	29
2463	30
2464	29
2465	29
2466	28
2467	28
2468	28
2469	28
2470	27
2471	27
2472	27
2473	27
2474	26
2475	27
2476	27
2477	27
2478	27
2479	27
2480	27
2481	27
2482	27
2483	27
2484	27
2485	28
2486	28
2487	28
2488	28
2489	28
2490	28
2491	28
2492	28
2493	28
2494	29
2495	29
2496	29
2497	29
2498	29
2499	30
2500	30
2501	30
2502	30
2503	31
2504	32
2505	33
2506	33
2507	33
2508	33
2509	33
2510	33
2511	33
2512	32
2513	31
2514	31
2515	31
2516	31
2517	31
2518	31
2519	32
2520	32
2521	33
2522	32
2523	32
2524	32
2525	31
2526	31
2527	31
2528	31
2529	31
2530	31
2531	31
2532	31
2533	32
2534	32
2535	32
2536	32
2537	31
2538	31
2539	31
2540	31
2541	31
2542	31
2543	31
2544	31
2545	32
2546	32
2547	32
2548	32
2549	33
2550	34
2551	33
2552	33
2553	34
2554	34
2555	34
2556	34
2557	34
2558	34
2559	34
2560	32
2561	32
2562	33
2563	33
2564	33
2565	31
2566	31
2567	31
2568	31
2569	31
2570	31
2571	31
2572	32
2573	32
2574	33
2575	33
2576	34
2577	34
2578	34
2579	34
2580	34
2581	36
2582	36
2583	37
2584	37
2585	37
2586	37
2587	37
2588	36
2589	36
2590	36
2591	37
2592	37
2593	37
2594	37
2595	37
2596	37
2597	38
2598	37
2599	36
2600	36
2601	36
2602	36
2603	37
2604	37
2605	37
2606	37
2607	37
2608	38
2609	37
2610	37
2611	36
2612	36
2613	36
2614	36
2615	36
2616	35
2617	35
2618	35
2619	35
2620	35
2621	35
2622	35
2623	35
2624	36
2625	36
2626	36
2627	36
2628	36
2629	34
2630	34
2631	34
2632	35
2633	35
2634	35
2635	35
2636	33
2637	33
2638	33
2639	33
2640	33
2641	31
2642	31
2643	31
2644	31
2645	31
2646	31
2647	31
2648	31
2649	31
2650	31
2651	31
2652	31
2653	31
2654	32
2655	32
2656	32
2657	32
2658	32
2659	32
2660	33
2661	32
2662	32
2663	32
2664	32
2665	33
2666	33
2667	34
2668	35
2669	34
2670	34
2671	34
2672	34
2673	33
2674	33
2675	32
2676	32
2677	32
2678	33
2679	33
2680	33
2681	33
2682	33
2683	34
2684	34
2685	34
2686	33
2687	33
2688	33
2689	33
2690	33
2691	34
2692	34
2693	34
2694	34
2695	34
2696	34
2697	35
2698	37
2699	37
2700	37
2701	37
2702	37
2703	37
2704	37
2705	36
2706	36
2707	36
2708	36
2709	35
2710	35
2711	36
2712	36
2713	36
2714	35
2715	34
2716	35
2717	35
2718	35
2719	34
2720	33
2721	33
2722	33
2723	33
2724	33
2725	33
2726	34
2727	34
2728	34
2729	34
2730	34
2731	34
2732	34
2733	33
2734	33
2735	33
2736	34
2737	35
2738	36
2739	36
2740	37
2741	37
2742	37
2743	38
2744	38
2745	38
2746	39
2747	39
2748	39
2749	39
2750	39
2751	39
2752	39
2753	39
2754	40
2755	40
2756	40
2757	40
2758	39
2759	39
2760	39
2761	39
2762	39
2763	39
2764	38
2765	38
2766	39
2767	39
2768	39
2769	38
2770	37
2771	38
2772	38
2773	38
2774	37
2775	37
2776	37
2777	36
2778	36
2779	36
2780	36
2781	36
2782	36
2783	36
2784	35
2785	35
2786	35
2787	35
2788	35
2789	35
2790	35
2791	35
2792	34
2793	34
2794	33
2795	33
2796	33
2797	32
2798	31
2799	31
2800	31
2801	31
2802	31
2803	31
2804	31
2805	31
2806	31
2807	31
2808	31
2809	30
2810	30
2811	30
2812	30
2813	30
2814	30
2815	30
2816	30
2817	31
2818	30
2819	30
2820	30
2821	31
2822	31
2823	31
2824	31
2825	31
2826	30
2827	31
2828	31
2829	31
2830	31
2831	31
2832	31
2833	31
2834	31
2835	31
2836	31
2837	30
2838	30
2839	30
2840	30
2841	29
2842	29
2843	28
2844	28
2845	28
2846	28
2847	28
2848	28
2849	28
2850	28
2851	29
2852	29
2853	29
2854	29
2855	29
2856	29
2857	29
2858	29
2859	29
2860	29
2861	29
2862	29
2863	29
2864	30
2865	30
2866	30
2867	30
2868	30
2869	31
2870	31
2871	31
2872	30
2873	31
2874	31
2875	31
2876	31
2877	31
2878	31
2879	31
2880	30
2881	29
2882	29
2883	29
2884	29
2885	28
2886	27
2887	27
2888	27
2889	27
2890	27
2891	27
2892	26
2893	25
2894	25
2895	25
2896	24
2897	23
2898	23
2899	23
2900	23
2901	25
2902	25
2903	27
2904	27
2905	28
2906	29
2907	29
2908	28
2909	28
2910	28
2911	28
2912	28
2913	28
2914	28
2915	28
2916	29
2917	29
2918	28
2919	28
2920	29
2921	29
2922	29
2923	29
2924	28
2925	28
2926	28
2927	27
2928	27
2929	27
2930	27
2931	26
2932	26
2933	26
2934	26
2935	26
2936	26
2937	26
2938	26
2939	25
2940	24
2941	24
2942	24
2943	24
2944	23
2945	23
2946	24
2947	25
2948	26
2949	26
2950	26
2951	27
2952	29
2953	29
2954	28
2955	28
2956	27
2957	27
2958	27
2959	27
2960	27
2961	27
2962	27
2963	27
2964	27
2965	27
2966	27
2967	27
2968	26
2969	26
2970	25
2971	24
2972	24
2973	24
2974	24
2975	24
2976	24
2977	24
2978	24
2979	24
2980	24
2981	24
2982	24
2983	25
2984	24
2985	24
2986	24
2987	23
2988	22
2989	22
2990	22
2991	22
2992	22
2993	23
2994	23
2995	24
2996	24
2997	24
2998	24
2999	26
3000	26
3001	26
3002	26
3003	26
3004	26
3005	26
3006	26
3007	25
3008	25
3009	26
3010	27
3011	27
3012	27
3013	26
3014	25
3015	25
3016	25
3017	25
3018	25
3019	25
3020	25
3021	25
3022	25
3023	25
3024	24
3025	24
3026	24
3027	24
3028	24
3029	24
3030	24
3031	24
3032	24
3033	24
3034	24
3035	24
3036	24
3037	24
3038	24
3039	24
3040	24
3041	24
3042	25
3043	25
3044	25
3045	24
3046	24
3047	25
3048	26
3049	26
3050	26
3051	26
3052	25
3053	25
3054	25
3055	25
3056	24
3057	24
3058	23
3059	22
3060	22
3061	24
3062	25
3063	25
3064	25
3065	25
3066	25
3067	25
3068	26
3069	25
3070	25
3071	25
3072	26
3073	26
3074	26
3075	26
3076	26
3077	26
3078	26
3079	26
3080	26
3081	26
3082	24
3083	24
3084	24
3085	24
3086	24
3087	25
3088	27
3089	27
3090	28
3091	28
3092	28
3093	28
3094	28
3095	28
3096	28
3097	28
3098	29
3099	30
3100	30
3101	30
3102	31
3103	31
3104	30
3105	30
3106	30
3107	30
3108	30
3109	30
3110	30
3111	30
3112	30
3113	30
3114	30
3115	30
3116	30
3117	30
3118	30
3119	30
3120	30
3121	29
3122	29
3123	29
3124	29
3125	29
3126	30
3127	30
3128	30
3129	30
3130	30
3131	31
3132	31
3133	32
3134	32
3135	32
3136	32
3137	32
3138	32
3139	32
3140	33
3141	33
3142	33
3143	33
3144	32
3145	32
3146	32
3147	33
3148	33
3149	33
3150	33
3151	33
3152	34
3153	34
3154	35
3155	34
3156	34
3157	34
3158	33
3159	33
3160	33
3161	34
3162	34
3163	33
3164	33
3165	34
3166	34
3167	36
3168	36
3169	36
3170	36
3171	36
3172	35
3173	35
3174	35
3175	34
3176	34
3177	33
3178	33
3179	33
3180	33
3181	32
3182	32
3183	32
3184	32
3185	31
3186	30
3187	30
3188	30
3189	29
3190	29
3191	28
3192	28
3193	28
3194	28
3195	28
3196	28
3197	28
3198	28
3199	28
3200	28
3201	28
3202	28
3203	29
3204	29
3205	30
3206	31
3207	31
3208	32
3209	32
3210	32
3211	32
3212	32
3213	32
3214	32
3215	33
3216	33
3217	31
3218	31
3219	31
3220	32
3221	33
3222	34
3223	34
3224	34
3225	34
3226	34
3227	33
3228	33
3229	35
3230	36
3231	35
3232	35
3233	35
3234	35
3235	35
3236	35
3237	34
3238	34
3239	34
3240	34
3241	33
3242	32
3243	32
3244	32
3245	33
3246	33
3247	33
3248	33
3249	33
3250	33
3251	33
3252	33
3253	33
3254	33
3255	32
3256	32
3257	31
3258	31
3259	31
3260	31
3261	32
3262	32
3263	31
3264	31
3265	31
3266	31
3267	31
3268	31
3269	31
3270	31
3271	31
3272	31
3273	30
3274	30
3275	30
3276	30
3277	30
3278	30
3279	30
3280	30
3281	30
3282	30
3283	30
3284	30
3285	30
3286	30
3287	30
3288	30
3289	31
3290	31
3291	31
3292	31
3293	31
3294	32
3295	32
3296	32
3297	32
3298	32
3299	34
3300	35
3301	35
3302	35
3303	36
3304	37
3305	37
3306	37
3307	37
3308	36
3309	36
3310	36
3311	36
3312	36
3313	35
3314	35
3315	35
3316	34
3317	34
3318	34
3319	34
3320	34
3321	34
3322	34
3323	34
3324	34
3325	33
3326	33
3327	33
3328	33
3329	34
3330	34
3331	34
3332	34
3333	34
3334	34
3335	33
3336	34
3337	34
3338	34
3339	34
3340	34
3341	34
3342	34
3343	34
3344	34
3345	34
3346	34
3347	33
3348	32
3349	32
3350	32
3351	31
3352	31
3353	31
3354	31
3355	32
3356	32
3357	32
3358	32
3359	32
3360	31
3361	30
3362	30
3363	30
3364	30
3365	29
3366	28
3367	29
3368	29
3369	29
3370	29
3371	29
3372	29
3373	29
3374	28
3375	28
3376	27
3377	27
3378	27
3379	27
3380	27
3381	27
3382	27
3383	28
3384	28
3385	28
3386	29
3387	28
3388	30
3389	31
3390	31
3391	31
3392	31
3393	31
3394	31
3395	31
3396	31
3397	31
3398	30
3399	30
3400	30
3401	30
3402	30
3403	28
3404	28
3405	30
3406	30
3407	29
3408	29
3409	29
3410	29
3411	29
3412	29
3413	29
3414	29
3415	29
3416	28
3417	28
3418	27
3419	27
3420	27
3421	27
3422	27
3423	27
3424	27
3425	26
3426	27
3427	28
3428	28
3429	28
3430	29
3431	29
3432	29
3433	29
3434	30
3435	28
3436	29
3437	28
3438	27
3439	27
3440	26
3441	27
3442	27
3443	27
3444	27
3445	27
3446	27
3447	26
3448	26
3449	25
3450	25
3451	25
3452	25
3453	25
3454	25
3455	27
3456	27
3457	26
3458	26
3459	26
3460	26
3461	26
3462	27
3463	28
3464	28
3465	28
3466	28
3467	29
3468	29
3469	30
3470	29
3471	29
3472	29
3473	29
3474	29
3475	29
3476	29
3477	29
3478	28
3479	28
3480	27
3481	26
3482	28
3483	29
3484	30
3485	31
3486	33
3487	33
3488	33
3489	33
3490	33
3491	34
3492	35
3493	34
3494	34
3495	34
3496	34
3497	33
3498	32
3499	32
3500	32
3501	31
3502	31
3503	31
3504	31
3505	32
3506	32
3507	32
3508	32
3509	32
3510	32
3511	31
3512	32
3513	32
3514	32
3515	31
3516	31
3517	31
3518	31
3519	30
3520	30
3521	30
3522	30
3523	30
3524	30
3525	30
3526	30
3527	30
3528	29
3529	28
3530	28
3531	28
3532	27
3533	27
3534	28
3535	29
3536	30
3537	30
3538	30
3539	30
3540	29
3541	30
3542	30
3543	30
3544	30
3545	31
3546	30
3547	30
3548	31
3549	32
3550	31
3551	31
3552	30
3553	30
3554	29
3555	28
3556	27
3557	27
3558	27
3559	27
3560	27
3561	27
3562	28
3563	28
3564	28
3565	28
3566	28
3567	27
3568	26
3569	26
3570	25
3571	25
3572	24
3573	24
3574	24
3575	24
3576	25
3577	25
3578	26
3579	27
3580	27
3581	27
3582	27
3583	27
3584	27
3585	28
3586	28
3587	29
3588	29
3589	29
3590	29
3591	29
3592	29
3593	29
3594	29
3595	29
3596	30
3597	29
3598	29
3599	29
3600	30
3601	29
3602	28
3603	27
3604	27
3605	27
3606	27
3607	27
3608	27
3609	27
3610	27
3611	27
3612	27
3613	28
3614	28
3615	29
3616	29
3617	29
3618	29
3619	28
3620	29
3621	29
3622	29
3623	29
3624	30
3625	30
3626	30
3627	30
3628	30
3629	30
3630	30
3631	30
3632	30
3633	29
3634	28
3635	29
3636	29
3637	29
3638	29
3639	29
3640	29
3641	29
3642	29
3643	28
3644	28
3645	28
3646	29
3647	30
3648	30
3649	30
3650	30
3651	30
3652	28
3653	27
3654	27
3655	27
3656	29
3657	30
3658	30
3659	30
3660	30
3661	29
3662	29
3663	29
3664	29
3665	29
3666	29
3667	29
3668	28
3669	28
3670	28
3671	28
3672	28
3673	28
3674	28
3675	28
3676	28
3677	28
3678	28
3679	27
3680	26
3681	26
3682	26
3683	26
3684	26
3685	26
3686	26
3687	26
3688	26
3689	26
3690	26
3691	26
3692	26
3693	26
3694	26
3695	27
3696	27
3697	27
3698	27
3699	27
3700	27
3701	28
3702	28
3703	28
3704	28
3705	28
3706	29
3707	29
3708	29
3709	28
3710	28
3711	29
3712	29
3713	29
3714	29
3715	28
3716	28
3717	27
3718	28
3719	28
3720	29
3721	29
3722	29
3723	29
3724	29
3725	29
3726	29
3727	29
3728	29
3729	29
3730	29
3731	29
3732	30
3733	31
3734	29
3735	28
3736	27
3737	27
3738	27
3739	27
3740	26
3741	26
3742	24
3743	24
3744	25
3745	25
3746	25
3747	25
3748	25
3749	25
3750	25
3751	25
3752	24
3753	24
3754	24
3755	24
3756	23
3757	23
3758	23
3759	23
3760	22
3761	22
3762	21
3763	21
3764	21
3765	21
3766	21
3767	21
3768	21
3769	21
3770	21
3771	21
3772	21
3773	23
3774	23
3775	23
3776	22
3777	23
3778	23
3779	23
3780	23
3781	23
3782	23
3783	23
3784	23
3785	23
3786	22
3787	24
3788	23
3789	24
3790	24
3791	24
3792	24
3793	24
3794	24
3795	23
3796	22
3797	21
3798	21
3799	21
3800	21
3801	21
3802	21
3803	21
3804	21
3805	21
3806	21
3807	21
3808	22
3809	23
3810	23
3811	23
3812	24
3813	25
3814	25
3815	27
3816	27
3817	27
3818	26
3819	26
3820	26
3821	24
3822	24
3823	24
3824	24
3825	24
3826	24
3827	24
3828	24
3829	24
3830	24
3831	24
3832	25
3833	25
3834	26
3835	26
3836	26
3837	26
3838	25
3839	25
3840	25
3841	25
3842	25
3843	25
3844	25
3845	25
3846	25
3847	25
3848	25
3849	25
3850	25
3851	25
3852	26
3853	26
3854	26
3855	26
3856	27
3857	28
3858	28
3859	28
3860	29
3861	29
3862	29
3863	29
3864	29
3865	29
3866	29
3867	28
3868	28
3869	28
3870	28
3871	28
3872	28
3873	28
3874	28
3875	27
3876	26
3877	25
3878	25
3879	25
3880	25
3881	25
3882	27
3883	27
3884	29
3885	30
3886	30
3887	28
3888	27
3889	27
3890	27
3891	27
3892	27
3893	27
3894	27
3895	28
3896	28
3897	28
3898	28
3899	27
3900	28
3901	28
3902	28
3903	27
3904	27
3905	27
3906	27
3907	26
3908	27
3909	27
3910	27
3911	27
3912	27
3913	27
3914	27
3915	27
3916	27
3917	27
3918	27
3919	27
3920	27
3921	27
3922	27
3923	27
3924	27
3925	27
3926	27
3927	27
3928	27
3929	27
3930	27
3931	27
3932	27
3933	27
3934	27
3935	28
3936	28
3937	28
3938	28
3939	28
3940	28
3941	27
3942	27
3943	27
3944	27
3945	27
3946	27
3947	27
3948	27
3949	27
3950	27
3951	25
3952	25
3953	25
3954	24
3955	24
3956	25
3957	25
3958	25
3959	26
3960	26
3961	27
3962	27
3963	27
3964	27
3965	27
3966	27
3967	27
3968	27
3969	27
3970	27
3971	27
3972	27
3973	26
3974	26
3975	26
3976	26
3977	26
3978	26
3979	26
3980	26
3981	26
3982	26
3983	25
3984	25
3985	25
3986	26
3987	26
3988	26
3989	25
3990	25
3991	25
3992	26
3993	26
3994	26
3995	26
3996	26
3997	26
3998	27
3999	27
4000	27
4001	27
4002	27
4003	27
4004	27
4005	27
4006	27
4007	26
4008	26
4009	25
4010	25
4011	26
4012	26
4013	26
4014	26
4015	27
4016	26
4017	26
4018	26
4019	27
4020	27
4021	27
4022	27
4023	27
4024	27
4025	26
4026	28
4027	27
4028	29
4029	30
4030	31
4031	32
4032	32
4033	32
4034	32
4035	31
4036	30
4037	30
4038	29
4039	29
4040	29
4041	29
4042	29
4043	29
4044	29
4045	29
4046	29
4047	28
4048	28
4049	28
4050	28
4051	27
4052	28
4053	28
4054	28
4055	28
4056	28
4057	28
4058	27
4059	27
4060	27
4061	27
4062	28
4063	28
4064	28
4065	28
4066	30
4067	32
4068	31
4069	31
4070	31
4071	31
4072	32
4073	33
4074	32
4075	32
4076	31
4077	32
4078	32
4079	30
4080	30
4081	30
4082	30
4083	29
4084	29
4085	28
4086	27
4087	27
4088	27
4089	28
4090	29
4091	29
4092	29
4093	29
4094	29
4095	29
4096	29
4097	29
4098	27
4099	27
4100	28
4101	28
4102	28
4103	28
4104	28
4105	29
4106	30
4107	30
4108	29
4109	29
4110	29
4111	30
4112	30
4113	30
4114	29
4115	30
4116	29
4117	29
4118	29
4119	29
4120	29
4121	29
4122	29
4123	29
4124	29
4125	29
4126	29
4127	27
4128	28
4129	28
4130	29
4131	29
4132	29
4133	29
4134	29
4135	29
4136	29
4137	28
4138	28
4139	29
4140	29
4141	29
4142	29
4143	29
4144	29
4145	29
4146	29
4147	29
4148	29
4149	29
4150	29
4151	29
4152	29
4153	29
4154	29
4155	28
4156	27
4157	27
4158	27
4159	27
4160	27
4161	28
4162	28
4163	27
4164	26
4165	26
4166	27
4167	27
4168	27
4169	27
4170	27
4171	27
4172	27
4173	25
4174	26
4175	26
4176	26
4177	26
4178	26
4179	26
4180	26
4181	27
4182	27
4183	27
4184	27
4185	27
4186	27
4187	27
4188	26
4189	26
4190	27
4191	27
4192	28
4193	28
4194	28
4195	28
4196	29
4197	30
4198	30
4199	30
4200	30
4201	29
4202	29
4203	29
4204	29
4205	29
4206	29
4207	29
4208	30
4209	30
4210	29
4211	29
4212	30
4213	31
4214	31
4215	31
4216	31
4217	30
4218	30
4219	30
4220	30
4221	30
4222	30
4223	29
4224	29
4225	28
4226	29
4227	29
4228	29
4229	29
4230	30
4231	29
4232	29
4233	29
4234	29
4235	29
4236	30
4237	30
4238	30
4239	30
4240	30
4241	30
4242	30
4243	30
4244	30
4245	30
4246	31
4247	31
4248	30
4249	30
4250	30
4251	29
4252	29
4253	31
4254	31
4255	31
4256	32
4257	32
4258	32
4259	32
4260	33
4261	34
4262	34
4263	33
4264	33
4265	31
4266	31
4267	31
4268	30
4269	29
4270	29
4271	29
4272	29
4273	30
4274	28
4275	29
4276	29
4277	29
4278	29
4279	29
4280	29
4281	28
4282	29
4283	29
4284	29
4285	29
4286	28
4287	28
4288	28
4289	28
4290	28
4291	28
4292	28
4293	28
4294	27
4295	27
4296	27
4297	27
4298	27
4299	27
4300	27
4301	27
4302	26
4303	26
4304	28
4305	28
4306	28
4307	28
4308	28
4309	29
4310	29
4311	29
4312	29
4313	29
4314	29
4315	28
4316	28
4317	28
4318	28
4319	29
4320	30
4321	30
4322	30
4323	30
4324	30
4325	30
4326	30
4327	30
4328	30
4329	30
4330	30
4331	31
4332	32
4333	32
4334	32
4335	32
4336	33
4337	32
4338	32
4339	32
4340	32
4341	32
4342	31
4343	32
4344	32
4345	32
4346	32
4347	33
4348	32
4349	32
4350	31
4351	31
4352	31
4353	31
4354	31
4355	31
4356	31
4357	32
4358	33
4359	32
4360	33
4361	33
4362	33
4363	33
4364	32
4365	32
4366	32
4367	32
4368	31
4369	31
4370	32
4371	32
4372	32
4373	32
4374	32
4375	32
4376	32
4377	33
4378	33
4379	33
4380	33
4381	33
4382	34
4383	34
4384	32
4385	32
4386	32
4387	32
4388	32
4389	32
4390	31
4391	31
4392	31
4393	30
4394	31
4395	31
4396	31
4397	31
4398	31
4399	32
4400	32
4401	32
4402	32
4403	31
4404	31
4405	31
4406	31
4407	31
4408	31
4409	32
4410	32
4411	32
4412	32
4413	32
4414	32
4415	32
4416	33
4417	33
4418	35
4419	36
4420	36
4421	36
4422	36
4423	35
4424	36
4425	36
4426	36
4427	35
4428	34
4429	34
4430	32
4431	31
4432	31
4433	31
4434	31
4435	30
4436	30
4437	30
4438	30
4439	30
4440	31
4441	31
4442	31
4443	30
4444	30
4445	29
4446	29
4447	29
4448	28
4449	28
4450	28
4451	28
4452	28
4453	28
4454	28
4455	28
4456	28
4457	28
4458	28
4459	28
4460	28
4461	28
4462	28
4463	28
4464	28
4465	28
4466	28
4467	29
4468	29
4469	29
4470	29
4471	28
4472	27
4473	27
4474	29
4475	29
4476	29
4477	29
4478	29
4479	29
4480	29
4481	29
4482	29
4483	29
4484	29
4485	29
4486	29
4487	30
4488	30
4489	30
4490	30
4491	30
4492	29
4493	30
4494	30
4495	31
4496	31
4497	30
4498	32
4499	33
4500	33
4501	34
4502	34
4503	34
4504	34
4505	34
4506	34
4507	34
4508	33
4509	33
4510	33
4511	33
4512	33
4513	33
4514	32
4515	31
4516	31
4517	30
4518	30
4519	30
4520	31
4521	30
4522	30
4523	30
4524	30
4525	31
4526	31
4527	31
4528	31
4529	31
4530	31
4531	31
4532	31
4533	32
4534	32
4535	30
4536	29
4537	29
4538	29
4539	30
4540	31
4541	31
4542	32
4543	32
4544	32
4545	32
4546	32
4547	32
4548	32
4549	32
4550	32
4551	32
4552	32
4553	32
4554	32
4555	32
4556	32
4557	31
4558	32
4559	32
4560	32
4561	32
4562	32
4563	31
4564	31
4565	31
4566	31
4567	32
4568	32
4569	31
4570	31
4571	31
4572	31
4573	30
4574	30
4575	30
4576	30
4577	30
4578	30
4579	30
4580	30
4581	30
4582	30
4583	30
4584	31
4585	32
4586	32
4587	32
4588	30
4589	29
4590	29
4591	30
4592	30
4593	30
4594	30
4595	29
4596	29
4597	29
4598	28
4599	28
4600	28
4601	29
4602	29
4603	29
4604	29
4605	29
4606	29
4607	29
4608	28
4609	28
4610	29
4611	28
4612	28
4613	28
4614	28
4615	28
4616	28
4617	28
4618	28
4619	28
4620	28
4621	28
4622	27
4623	27
4624	27
4625	27
4626	27
4627	26
4628	25
4629	25
4630	25
4631	25
4632	25
4633	25
4634	24
4635	24
4636	24
4637	24
4638	24
4639	24
4640	24
4641	24
4642	24
4643	25
4644	25
4645	25
4646	24
4647	24
4648	24
4649	25
4650	24
4651	24
4652	24
4653	24
4654	24
4655	24
4656	24
4657	24
4658	24
4659	24
4660	24
4661	24
4662	26
4663	27
4664	27
4665	28
4666	28
4667	28
4668	28
4669	29
4670	29
4671	29
4672	29
4673	29
4674	29
4675	29
4676	29
4677	29
4678	28
4679	28
4680	27
4681	27
4682	27
4683	26
4684	26
4685	26
4686	27
4687	26
4688	26
4689	26
4690	26
4691	26
4692	25
4693	25
4694	25
4695	25
4696	26
4697	26
4698	27
4699	27
4700	28
4701	28
4702	28
4703	27
4704	26
4705	26
4706	26
4707	26
4708	26
4709	26
4710	26
4711	26
4712	26
4713	26
4714	26
4715	26
4716	26
4717	26
4718	26
4719	26
4720	26
4721	26
4722	27
4723	27
4724	27
4725	27
4726	27
4727	27
4728	27
4729	27
4730	28
4731	28
4732	28
4733	29
4734	29
4735	29
4736	28
4737	28
4738	28
4739	28
4740	28
4741	28
4742	28
4743	28
4744	28
4745	28
4746	30
4747	31
4748	32
4749	32
4750	30
4751	30
4752	31
4753	31
4754	31
4755	31
4756	31
4757	31
4758	30
4759	30
4760	30
4761	30
4762	29
4763	29
4764	29
4765	28
4766	28
4767	28
4768	29
4769	27
4770	27
4771	28
4772	28
4773	28
4774	29
4775	29
4776	29
4777	29
4778	30
4779	30
4780	30
4781	30
4782	30
4783	30
4784	31
4785	31
4786	31
4787	31
4788	32
4789	32
4790	32
4791	32
4792	31
4793	32
4794	32
4795	32
4796	32
4797	31
4798	31
4799	30
4800	30
4801	28
4802	28
4803	28
4804	28
4805	27
4806	27
4807	27
4808	27
4809	27
4810	26
4811	26
4812	26
4813	26
4814	26
4815	26
4816	26
4817	26
4818	26
4819	26
4820	27
4821	28
4822	28
4823	28
4824	28
4825	27
4826	27
4827	27
4828	26
4829	26
4830	27
4831	27
4832	26
4833	26
4834	25
4835	25
4836	25
4837	26
4838	26
4839	26
4840	27
4841	27
4842	28
4843	28
4844	29
4845	29
4846	29
4847	29
4848	28
4849	28
4850	28
4851	30
4852	31
4853	31
4854	31
4855	32
4856	31
4857	31
4858	30
4859	29
4860	28
4861	28
4862	28
4863	28
4864	28
4865	28
4866	28
4867	27
4868	27
4869	27
4870	27
4871	27
4872	27
4873	28
4874	28
4875	28
4876	28
4877	28
4878	28
4879	28
4880	28
4881	28
4882	28
4883	27
4884	27
4885	27
4886	27
4887	27
4888	25
4889	25
4890	25
4891	25
4892	25
4893	25
4894	25
4895	27
4896	27
4897	27
4898	27
4899	26
4900	26
4901	24
4902	24
4903	24
4904	24
4905	24
4906	24
4907	24
4908	24
4909	24
4910	24
4911	24
4912	24
4913	24
4914	25
4915	25
4916	25
4917	24
4918	24
4919	24
4920	24
4921	24
4922	24
4923	25
4924	26
4925	26
4926	27
4927	27
4928	27
4929	27
4930	27
4931	27
4932	27
4933	27
4934	27
4935	28
4936	28
4937	28
4938	27
4939	26
4940	26
4941	26
4942	26
4943	25
4944	25
4945	25
4946	26
4947	26
4948	26
4949	26
4950	27
4951	27
4952	27
4953	27
4954	27
4955	27
4956	28
4957	28
4958	28
4959	28
4960	29
4961	29
4962	29
4963	29
4964	29
4965	29
4966	29
4967	29
4968	29
4969	29
4970	29
4971	29
4972	29
4973	29
4974	29
4975	30
4976	30
4977	30
4978	29
4979	28
4980	30
4981	29
4982	29
4983	29
4984	29
4985	29
4986	29
4987	29
4988	29
4989	29
4990	29
4991	29
4992	29
4993	29
4994	29
4995	29
4996	29
4997	29
4998	29
4999	30
5000	30
5001	30
5002	30
5003	29
5004	29
5005	29
5006	29
5007	29
5008	29
5009	29
5010	28
5011	29
5012	29
5013	29
5014	29
5015	29
5016	28
5017	28
5018	27
5019	27
5020	26
5021	26
5022	26
5023	26
5024	26
5025	26
5026	26
5027	26
5028	26
5029	26
5030	25
5031	25
5032	25
5033	25
5034	25
5035	25
5036	25
5037	25
5038	25
5039	25
5040	26
5041	26
5042	26
5043	26
5044	26
5045	26
5046	27
5047	28
5048	27
5049	27
5050	27
5051	27
5052	27
5053	27
5054	27
5055	23
5056	24
5057	24
5058	25
5059	25
5060	25
5061	25
5062	24
5063	25
5064	25
5065	26
5066	27
5067	27
5068	27
5069	28
5070	28
5071	28
5072	28
5073	28
5074	28
5075	28
5076	29
5077	28
5078	28
5079	27
5080	26
5081	25
5082	24
5083	23
5084	23
5085	23
5086	23
5087	23
5088	23
5089	23
5090	25
5091	24
5092	24
5093	24
5094	24
5095	23
5096	23
5097	23
5098	23
5099	23
5100	23
5101	22
5102	23
5103	23
5104	23
5105	23
5106	23
5107	23
5108	23
5109	23
5110	23
5111	23
5112	23
5113	23
5114	24
5115	24
5116	24
5117	24
5118	24
5119	24
5120	25
5121	26
5122	26
5123	26
5124	26
5125	27
5126	28
5127	28
5128	28
5129	27
5130	27
5131	26
5132	26
5133	27
5134	27
5135	27
5136	27
5137	27
5138	27
5139	29
5140	29
5141	28
5142	28
5143	28
5144	27
5145	28
5146	28
5147	28
5148	29
5149	29
5150	29
5151	29
5152	29
5153	28
5154	29
5155	29
5156	29
5157	28
5158	28
5159	28
5160	28
5161	28
5162	28
5163	28
5164	28
5165	28
5166	28
5167	28
5168	28
5169	28
5170	27
5171	26
5172	26
5173	26
5174	25
5175	25
5176	25
5177	26
5178	26
5179	26
5180	27
5181	27
5182	28
5183	28
5184	28
5185	28
5186	27
5187	28
5188	28
5189	27
5190	27
5191	27
5192	27
5193	27
5194	27
5195	27
5196	28
5197	28
5198	28
5199	28
5200	28
5201	28
5202	28
5203	27
5204	27
5205	27
5206	27
5207	27
5208	26
5209	26
5210	25
5211	25
5212	25
5213	25
5214	24
5215	25
5216	24
5217	24
5218	24
5219	25
5220	25
5221	25
5222	26
5223	27
5224	26
5225	28
5226	30
5227	30
5228	30
5229	30
5230	30
5231	30
5232	30
5233	29
5234	29
5235	29
5236	29
5237	29
5238	28
5239	26
5240	26
5241	26
5242	26
5243	25
5244	25
5245	25
5246	25
5247	25
5248	25
5249	25
5250	25
5251	26
5252	26
5253	26
5254	26
5255	26
5256	26
5257	26
5258	26
5259	26
5260	25
5261	25
5262	26
5263	26
5264	26
5265	26
5266	26
5267	26
5268	26
5269	26
5270	26
5271	26
5272	26
5273	26
5274	26
5275	26
5276	26
5277	27
5278	27
5279	27
5280	27
5281	27
5282	27
5283	26
5284	26
5285	26
5286	26
5287	25
5288	26
5289	27
5290	27
5291	27
5292	27
5293	26
5294	26
5295	26
5296	26
5297	26
5298	26
5299	26
5300	27
5301	27
5302	27
5303	27
5304	27
5305	26
5306	26
5307	26
5308	27
5309	27
5310	26
5311	25
5312	25
5313	25
5314	27
5315	26
5316	26
5317	25
5318	25
5319	25
5320	25
5321	26
5322	27
5323	26
5324	26
5325	26
5326	26
5327	26
5328	25
5329	25
5330	25
5331	25
5332	25
5333	25
5334	25
5335	25
5336	25
5337	25
5338	26
5339	26
5340	26
5341	26
5342	26
5343	26
5344	26
5345	27
5346	27
5347	27
5348	27
5349	27
5350	27
5351	27
5352	27
5353	27
5354	27
5355	26
5356	26
5357	25
5358	25
5359	25
5360	25
5361	25
5362	26
5363	26
5364	25
5365	26
5366	26
5367	26
5368	27
5369	27
5370	28
5371	29
5372	28
5373	28
5374	28
5375	28
5376	28
5377	27
5378	27
5379	27
5380	26
5381	26
5382	27
5383	27
5384	28
5385	28
5386	28
5387	30
5388	33
5389	34
5390	35
5391	35
5392	36
5393	36
5394	36
5395	37
5396	38
5397	38
5398	38
5399	38
5400	37
5401	36
5402	34
5403	34
5404	33
5405	32
5406	31
5407	30
5408	30
5409	29
5410	29
5411	29
5412	29
5413	30
5414	30
5415	30
5416	30
5417	30
5418	30
5419	30
5420	30
5421	29
5422	29
5423	28
5424	29
5425	29
5426	28
5427	28
5428	28
5429	28
5430	29
5431	29
5432	29
5433	29
5434	29
5435	29
5436	29
5437	29
5438	29
5439	29
5440	29
5441	29
5442	29
5443	28
5444	29
5445	28
5446	28
5447	28
5448	28
5449	28
5450	28
5451	28
5452	28
5453	30
5454	29
5455	29
5456	30
5457	30
5458	30
5459	30
5460	31
5461	32
5462	32
5463	31
5464	31
5465	32
5466	33
5467	33
5468	33
5469	33
5470	33
5471	33
5472	33
5473	33
5474	32
5475	33
5476	31
5477	30
5478	29
5479	29
5480	28
5481	27
5482	27
5483	27
5484	27
5485	28
5486	29
5487	29
5488	29
5489	29
5490	29
5491	29
5492	29
5493	29
5494	29
5495	30
5496	29
5497	29
5498	29
5499	29
5500	28
5501	28
5502	28
5503	28
5504	28
5505	28
5506	28
5507	28
5508	28
5509	28
5510	28
5511	28
5512	28
5513	27
5514	27
5515	27
5516	27
5517	27
5518	27
5519	27
5520	27
5521	26
5522	27
5523	26
5524	25
5525	24
5526	24
5527	24
5528	24
5529	24
5530	23
5531	23
5532	23
5533	23
5534	23
5535	25
5536	26
5537	26
5538	26
5539	26
5540	26
5541	26
5542	26
5543	24
5544	23
5545	22
5546	22
5547	22
5548	23
5549	23
5550	23
5551	23
5552	24
5553	23
5554	23
5555	24
5556	24
5557	25
5558	25
5559	25
5560	26
5561	26
5562	26
5563	26
5564	26
5565	26
5566	24
5567	23
5568	23
5569	23
5570	23
5571	22
5572	22
5573	22
5574	22
5575	22
5576	22
5577	21
5578	21
5579	21
5580	21
5581	20
5582	21
5583	21
5584	21
5585	21
5586	21
5587	20
5588	19
5589	19
5590	19
5591	19
5592	19
5593	20
5594	20
5595	20
5596	20
5597	20
5598	19
5599	19
5600	19
5601	20
5602	20
5603	20
5604	20
5605	20
5606	20
5607	20
5608	22
5609	22
5610	22
5611	22
5612	22
5613	23
5614	23
5615	23
5616	23
5617	23
5618	23
5619	23
5620	23
5621	24
5622	24
5623	24
5624	24
5625	25
5626	25
5627	25
5628	26
5629	26
5630	26
5631	26
5632	26
5633	27
5634	27
5635	27
5636	26
5637	26
5638	26
5639	25
5640	27
5641	27
5642	27
5643	27
5644	27
5645	27
5646	26
5647	25
5648	26
5649	26
5650	27
5651	28
5652	27
5653	27
5654	27
5655	27
5656	26
5657	26
5658	26
5659	26
5660	26
5661	26
5662	26
5663	26
5664	26
5665	27
5666	27
5667	28
5668	28
5669	29
5670	29
5671	29
5672	30
5673	30
5674	29
5675	29
5676	29
5677	29
5678	30
5679	30
5680	31
5681	31
5682	32
5683	32
5684	31
5685	32
5686	32
5687	31
5688	31
5689	31
5690	32
5691	31
5692	32
5693	32
5694	33
5695	33
5696	33
5697	33
5698	33
5699	33
5700	33
5701	34
5702	34
5703	33
5704	33
5705	33
5706	32
5707	32
5708	31
5709	31
5710	31
5711	31
5712	31
5713	31
5714	30
5715	30
5716	31
5717	32
5718	32
5719	32
5720	32
5721	31
5722	31
5723	31
5724	31
5725	31
5726	32
5727	32
5728	32
5729	32
5730	32
5731	32
5732	32
5733	32
5734	31
5735	31
5736	31
5737	31
5738	31
5739	31
5740	31
5741	30
5742	29
5743	29
5744	27
5745	27
5746	27
5747	28
5748	29
5749	29
5750	29
5751	30
5752	31
5753	30
5754	30
5755	31
5756	31
5757	32
5758	32
5759	32
5760	32
5761	32
5762	32
5763	31
5764	32
5765	32
5766	32
5767	32
5768	32
5769	32
5770	32
5771	32
5772	32
5773	32
5774	32
5775	32
5776	31
5777	31
5778	30
5779	31
5780	31
5781	31
5782	31
5783	32
5784	32
5785	32
5786	32
5787	32
5788	32
5789	32
5790	32
5791	32
5792	32
5793	31
5794	31
5795	31
5796	31
5797	32
5798	32
5799	32
5800	31
5801	31
5802	30
5803	30
5804	30
5805	31
5806	31
5807	31
5808	32
5809	32
5810	32
5811	30
5812	30
5813	30
5814	29
5815	29
5816	31
5817	32
5818	31
5819	31
5820	31
5821	31
5822	32
5823	32
5824	32
5825	30
5826	29
5827	28
5828	28
5829	29
5830	29
5831	29
5832	29
5833	29
5834	29
5835	29
5836	29
5837	30
5838	29
5839	29
5840	28
5841	28
5842	28
5843	28
5844	29
5845	29
5846	29
5847	29
5848	28
5849	28
5850	29
5851	29
5852	30
5853	30
5854	30
5855	31
5856	31
5857	30
5858	29
5859	29
5860	28
5861	28
5862	28
5863	30
5864	30
5865	30
5866	30
5867	30
5868	30
5869	29
5870	29
5871	28
5872	28
5873	28
5874	28
5875	28
5876	28
5877	28
5878	28
5879	28
5880	28
5881	29
5882	28
5883	28
5884	27
5885	27
5886	27
5887	27
5888	27
5889	27
5890	27
5891	27
5892	26
5893	26
5894	26
5895	26
5896	26
5897	26
5898	26
5899	27
5900	27
5901	26
5902	26
5903	26
5904	26
5905	26
5906	26
5907	26
5908	25
5909	25
5910	24
5911	24
5912	24
5913	25
5914	25
5915	25
5916	25
5917	26
5918	26
5919	27
5920	27
5921	27
5922	27
5923	27
5924	26
5925	27
5926	27
5927	27
5928	27
5929	28
5930	28
5931	28
5932	28
5933	28
5934	28
5935	29
5936	29
5937	29
5938	29
5939	29
5940	30
5941	30
5942	31
5943	31
5944	31
5945	32
5946	32
5947	33
5948	33
5949	33
5950	33
5951	34
5952	34
5953	34
5954	33
5955	35
5956	34
5957	32
5958	34
5959	34
5960	35
5961	35
5962	35
5963	35
5964	35
5965	35
5966	36
5967	36
5968	36
5969	35
5970	36
5971	36
5972	36
5973	36
5974	36
5975	36
5976	36
5977	35
5978	35
5979	34
5980	34
5981	34
5982	35
5983	35
5984	35
5985	35
5986	35
5987	35
5988	35
5989	37
5990	36
5991	36
5992	36
5993	36
5994	36
5995	36
5996	36
5997	37
5998	38
5999	38
6000	38
6001	38
6002	38
6003	38
6004	38
6005	38
6006	37
6007	38
6008	38
6009	38
6010	37
6011	38
6012	39
6013	39
6014	40
6015	40
6016	40
6017	40
6018	40
6019	40
6020	40
6021	41
6022	41
6023	41
6024	42
6025	42
6026	42
6027	43
6028	43
6029	43
6030	43
6031	43
6032	43
6033	43
6034	43
6035	44
6036	44
6037	44
6038	45
6039	44
6040	44
6041	43
6042	43
6043	43
6044	43
6045	43
6046	43
6047	42
6048	41
6049	40
6050	41
6051	41
6052	42
6053	41
6054	40
6055	40
6056	39
6057	39
6058	38
6059	38
6060	37
6061	36
6062	36
6063	36
6064	36
6065	36
6066	36
6067	36
6068	35
6069	35
6070	35
6071	36
6072	35
6073	36
6074	37
6075	37
6076	37
6077	37
6078	37
6079	38
6080	38
6081	38
6082	39
6083	39
6084	39
6085	39
6086	39
6087	39
6088	39
6089	40
6090	39
6091	39
6092	39
6093	39
6094	39
6095	39
6096	41
6097	41
6098	41
6099	41
6100	40
6101	41
6102	41
6103	40
6104	40
6105	39
6106	39
6107	39
6108	40
6109	41
6110	41
6111	41
6112	41
6113	42
6114	42
6115	42
6116	42
6117	42
6118	42
6119	42
6120	42
6121	41
6122	41
6123	42
6124	42
6125	42
6126	41
6127	41
6128	41
6129	40
6130	40
6131	40
6132	40
6133	40
6134	39
6135	39
6136	38
6137	38
6138	37
6139	37
6140	37
6141	37
6142	37
6143	37
6144	37
6145	36
6146	36
6147	37
6148	37
6149	37
6150	37
6151	37
6152	37
6153	37
6154	37
6155	36
6156	36
6157	36
6158	36
6159	36
6160	36
6161	36
6162	35
6163	35
6164	35
6165	35
6166	36
6167	36
6168	35
6169	34
6170	35
6171	35
6172	35
6173	35
6174	35
6175	34
6176	34
6177	34
6178	34
6179	36
6180	36
6181	36
6182	37
6183	37
6184	38
6185	37
6186	37
6187	36
6188	37
6189	37
6190	37
6191	37
6192	36
6193	35
6194	35
6195	35
6196	35
6197	34
6198	35
6199	36
6200	35
6201	35
6202	34
6203	34
6204	33
6205	33
6206	34
6207	35
6208	34
6209	32
6210	32
6211	32
6212	31
6213	32
6214	31
6215	31
6216	32
6217	32
6218	32
6219	32
6220	33
6221	34
6222	34
6223	34
6224	35
6225	36
6226	36
6227	35
6228	35
6229	35
6230	35
6231	35
6232	35
6233	35
6234	33
6235	33
6236	34
6237	35
6238	36
6239	36
6240	36
6241	37
6242	37
6243	37
6244	36
6245	36
6246	35
6247	35
6248	36
6249	36
6250	36
6251	36
6252	37
6253	37
6254	37
6255	37
6256	37
6257	37
6258	37
6259	36
6260	37
6261	37
6262	38
6263	38
6264	38
6265	38
6266	38
6267	39
6268	38
6269	38
6270	38
6271	38
6272	38
6273	37
6274	36
6275	36
6276	36
6277	36
6278	35
6279	34
6280	35
6281	35
6282	35
6283	34
6284	34
6285	34
6286	34
6287	34
6288	34
6289	34
6290	34
6291	34
6292	35
6293	34
6294	32
6295	32
6296	32
6297	32
6298	32
6299	31
6300	31
6301	30
6302	30
6303	30
6304	30
6305	30
6306	33
6307	33
6308	35
6309	36
6310	35
6311	35
6312	35
6313	34
6314	33
6315	32
6316	30
6317	30
6318	30
6319	30
6320	30
6321	30
6322	30
6323	31
6324	31
6325	31
6326	31
6327	30
6328	28
6329	30
6330	30
6331	30
6332	30
6333	30
6334	30
6335	30
6336	30
6337	30
6338	30
6339	30
6340	30
6341	30
6342	30
6343	30
6344	30
6345	30
6346	30
6347	30
6348	30
6349	30
6350	30
6351	31
6352	31
6353	31
6354	31
6355	31
6356	31
6357	31
6358	31
6359	31
6360	32
6361	32
6362	32
6363	32
6364	31
6365	31
6366	31
6367	31
6368	30
6369	30
6370	28
6371	28
6372	28
6373	28
6374	28
6375	28
6376	28
6377	28
6378	28
6379	28
6380	28
6381	28
6382	28
6383	28
6384	26
6385	26
6386	26
6387	26
6388	27
6389	27
6390	27
6391	27
6392	26
6393	26
6394	26
6395	26
6396	26
6397	25
6398	25
6399	25
6400	26
6401	26
6402	28
6403	26
6404	26
6405	26
6406	25
6407	26
6408	25
6409	23
6410	22
6411	22
6412	22
6413	22
6414	22
6415	21
6416	21
6417	21
6418	21
6419	21
6420	20
6421	21
6422	21
6423	21
6424	21
6425	21
6426	21
6427	21
6428	22
6429	22
6430	22
6431	22
6432	22
6433	22
6434	23
6435	23
6436	22
6437	22
6438	22
6439	22
6440	22
6441	22
6442	24
6443	24
6444	24
6445	23
6446	22
6447	23
6448	22
6449	22
6450	22
6451	21
6452	21
6453	22
6454	22
6455	22
6456	20
6457	19
6458	19
6459	19
6460	19
6461	19
6462	19
6463	20
6464	20
6465	20
6466	21
6467	21
6468	22
6469	22
6470	23
6471	23
6472	23
6473	23
6474	23
6475	23
6476	23
6477	23
6478	23
6479	23
6480	23
6481	23
6482	23
6483	23
6484	23
6485	24
6486	24
6487	24
6488	23
6489	23
6490	23
6491	23
6492	23
6493	23
6494	23
6495	23
6496	23
6497	24
6498	24
6499	24
6500	24
6501	24
6502	25
6503	25
6504	26
6505	26
6506	26
6507	25
6508	25
6509	25
6510	25
6511	25
6512	25
6513	25
6514	25
6515	25
6516	26
6517	26
6518	27
6519	28
6520	28
6521	27
6522	27
6523	27
6524	27
6525	26
6526	26
6527	26
6528	26
6529	26
6530	27
6531	26
6532	26
6533	26
6534	26
6535	26
6536	26
6537	26
6538	26
6539	26
6540	26
6541	25
6542	25
6543	25
6544	25
6545	25
6546	25
6547	25
6548	25
6549	25
6550	25
6551	25
6552	25
6553	24
6554	24
6555	24
6556	24
6557	22
6558	22
6559	22
6560	22
6561	22
6562	22
6563	22
6564	21
6565	21
6566	21
6567	21
6568	22
6569	22
6570	22
6571	22
6572	22
6573	22
6574	21
6575	20
6576	20
6577	20
6578	20
6579	20
6580	21
6581	21
6582	19
6583	19
6584	19
6585	20
6586	20
6587	20
6588	20
6589	22
6590	23
6591	23
6592	23
6593	23
6594	22
6595	22
6596	21
6597	20
6598	20
6599	20
6600	20
6601	20
6602	20
6603	20
6604	20
6605	20
6606	20
6607	20
6608	20
6609	20
6610	20
6611	20
6612	20
6613	19
6614	17
6615	17
6616	16
6617	16
6618	16
6619	17
6620	17
6621	17
6622	16
6623	18
6624	18
6625	18
6626	17
6627	17
6628	17
6629	17
6630	17
6631	17
6632	17
6633	17
6634	18
6635	18
6636	18
6637	18
6638	18
6639	18
6640	18
6641	18
6642	18
6643	18
6644	18
6645	18
6646	18
6647	17
6648	17
6649	17
6650	17
6651	17
6652	17
6653	17
6654	17
6655	17
6656	18
6657	17
6658	18
6659	18
6660	18
6661	18
6662	18
6663	19
6664	18
6665	18
6666	17
6667	17
6668	17
6669	17
6670	18
6671	18
6672	18
6673	18
6674	18
6675	18
6676	18
6677	18
6678	18
6679	18
6680	18
6681	19
6682	19
6683	19
6684	18
6685	17
6686	17
6687	17
6688	18
6689	19
6690	19
6691	19
6692	19
6693	19
6694	19
6695	19
6696	19
6697	19
6698	19
6699	19
6700	19
6701	19
6702	19
6703	20
6704	20
6705	20
6706	20
6707	21
6708	21
6709	21
6710	21
6711	21
6712	20
6713	20
6714	20
6715	20
6716	20
6717	20
6718	20
6719	20
6720	20
6721	20
6722	19
6723	19
6724	19
6725	19
6726	22
6727	22
6728	22
6729	23
6730	23
6731	23
6732	22
6733	21
6734	21
6735	20
6736	19
6737	20
6738	20
6739	19
6740	19
6741	18
6742	19
6743	19
6744	19
6745	19
6746	19
6747	19
6748	20
6749	20
6750	20
6751	20
6752	22
6753	22
6754	22
6755	22
6756	22
6757	22
6758	22
6759	22
6760	22
6761	22
6762	21
6763	21
6764	20
6765	19
6766	19
6767	19
6768	19
6769	18
6770	17
6771	17
6772	17
6773	17
6774	18
6775	19
6776	19
6777	20
6778	21
6779	21
6780	21
6781	21
6782	21
6783	21
6784	21
6785	21
6786	21
6787	20
6788	20
6789	19
6790	19
6791	19
6792	19
6793	19
6794	19
6795	19
6796	20
6797	21
6798	23
6799	23
6800	23
6801	23
6802	23
6803	23
6804	22
6805	22
6806	22
6807	21
6808	21
6809	21
6810	21
6811	21
6812	20
6813	20
6814	19
6815	19
6816	19
6817	19
6818	19
6819	19
6820	19
6821	19
6822	19
6823	19
6824	18
6825	18
6826	18
6827	18
6828	18
6829	18
6830	18
6831	18
6832	18
6833	18
6834	17
6835	17
6836	17
6837	17
6838	17
6839	17
6840	17
6841	17
6842	17
6843	17
6844	17
6845	17
6846	18
6847	17
6848	17
6849	17
6850	17
6851	18
6852	18
6853	18
6854	17
6855	17
6856	17
6857	17
6858	17
6859	16
6860	16
6861	16
6862	16
6863	16
6864	16
6865	16
6866	16
6867	16
6868	18
6869	18
6870	18
6871	18
6872	18
6873	18
6874	18
6875	19
6876	19
6877	19
6878	19
6879	19
6880	19
6881	19
6882	19
6883	18
6884	18
6885	19
6886	19
6887	19
6888	19
6889	19
6890	18
6891	18
6892	17
6893	17
6894	17
6895	18
6896	19
6897	19
6898	18
6899	18
6900	18
6901	18
6902	18
6903	17
6904	17
6905	17
6906	17
6907	17
6908	17
6909	17
6910	17
6911	17
6912	17
6913	17
6914	17
6915	17
6916	18
6917	18
6918	18
6919	18
6920	18
6921	18
6922	18
6923	18
6924	18
6925	18
6926	18
6927	18
6928	18
6929	20
6930	20
6931	20
6932	20
6933	20
6934	20
6935	21
6936	21
6937	21
6938	21
6939	22
6940	22
6941	23
6942	22
6943	22
6944	22
6945	23
6946	23
6947	22
6948	22
6949	22
6950	22
6951	22
6952	22
6953	22
6954	22
6955	22
6956	23
6957	23
6958	23
6959	23
6960	23
6961	22
6962	22
6963	22
6964	22
6965	21
6966	21
6967	21
6968	22
6969	22
6970	22
6971	21
6972	21
6973	21
6974	20
6975	20
6976	20
6977	20
6978	20
6979	20
6980	20
6981	20
6982	20
6983	20
6984	20
6985	20
6986	20
6987	20
6988	20
6989	21
6990	21
6991	21
6992	20
6993	20
6994	20
6995	20
6996	19
6997	18
6998	17
6999	17
7000	17
7001	17
7002	17
7003	17
7004	17
7005	17
7006	18
7007	18
7008	18
7009	19
7010	19
7011	20
7012	20
7013	20
7014	20
7015	20
7016	20
7017	20
7018	21
7019	21
7020	21
7021	22
7022	22
7023	22
7024	22
7025	22
7026	22
7027	22
7028	22
7029	22
7030	22
7031	22
7032	22
7033	22
7034	22
7035	22
7036	22
7037	22
7038	22
7039	22
7040	22
7041	22
7042	21
7043	21
7044	21
7045	21
7046	21
7047	21
7048	23
7049	23
7050	23
7051	23
7052	23
7053	23
7054	23
7055	23
7056	22
7057	22
7058	22
7059	21
7060	20
7061	20
7062	20
7063	19
7064	19
7065	19
7066	20
7067	20
7068	21
7069	21
7070	21
7071	21
7072	22
7073	22
7074	22
7075	23
7076	24
7077	23
7078	22
7079	22
7080	22
7081	22
7082	21
7083	21
7084	21
7085	21
7086	22
7087	21
7088	21
7089	20
7090	20
7091	19
7092	19
7093	19
7094	18
7095	18
7096	18
7097	18
7098	19
7099	19
7100	19
7101	19
7102	19
7103	19
7104	18
7105	18
7106	18
7107	18
7108	18
7109	17
7110	17
7111	15
7112	15
7113	15
7114	15
7115	16
7116	16
7117	16
7118	16
7119	16
7120	17
7121	17
7122	17
7123	17
7124	17
7125	16
7126	16
7127	16
7128	16
7129	16
7130	15
7131	15
7132	15
7133	15
7134	15
7135	15
7136	15
7137	15
7138	15
7139	15
7140	15
7141	16
7142	16
7143	16
7144	16
7145	16
7146	16
7147	17
7148	18
7149	18
7150	19
7151	19
7152	19
7153	20
7154	20
7155	20
7156	20
7157	20
7158	21
7159	21
7160	21
7161	21
7162	21
7163	21
7164	21
7165	21
7166	21
7167	21
7168	21
7169	21
7170	21
7171	21
7172	21
7173	21
7174	21
7175	21
7176	21
7177	21
7178	21
7179	20
7180	20
7181	19
7182	19
7183	19
7184	20
7185	20
7186	20
7187	20
7188	20
7189	20
7190	20
7191	20
7192	20
7193	20
7194	20
7195	20
7196	20
7197	20
7198	20
7199	19
7200	20
7201	20
7202	20
7203	20
7204	20
7205	20
7206	20
7207	20
7208	20
7209	20
7210	20
7211	20
7212	20
7213	20
7214	19
7215	19
7216	18
7217	17
7218	18
7219	18
7220	18
7221	18
7222	18
7223	18
7224	18
7225	18
7226	18
7227	19
7228	19
7229	19
7230	19
7231	19
7232	19
7233	19
7234	19
7235	18
7236	18
7237	19
7238	18
7239	18
7240	18
7241	18
7242	18
7243	18
7244	17
7245	17
7246	17
7247	17
7248	17
7249	17
7250	17
7251	17
7252	17
7253	17
7254	17
7255	17
7256	17
7257	17
7258	17
7259	17
7260	17
7261	17
7262	17
7263	17
7264	17
7265	17
7266	17
7267	16
7268	15
7269	15
7270	15
7271	15
7272	15
7273	15
7274	15
7275	15
7276	15
7277	15
7278	15
7279	15
7280	15
7281	15
7282	15
7283	15
7284	15
7285	15
7286	15
7287	15
7288	17
7289	17
7290	17
7291	16
7292	16
7293	16
7294	16
7295	16
7296	15
7297	15
7298	15
7299	14
7300	14
7301	13
7302	13
7303	13
7304	13
7305	13
7306	13
7307	13
7308	13
7309	11
7310	11
7311	11
7312	10
7313	11
7314	11
7315	10
7316	10
7317	10
7318	10
7319	10
7320	10
7321	9
7322	9
7323	9
7324	9
7325	9
7326	9
7327	9
7328	9
7329	9
7330	9
7331	9
7332	9
7333	9
7334	9
7335	9
7336	9
7337	9
7338	10
7339	10
7340	10
7341	10
7342	10
7343	10
7344	10
7345	10
7346	10
7347	10
7348	10
7349	10
7350	10
7351	10
7352	10
7353	10
7354	10
7355	10
7356	10
7357	10
7358	11
7359	11
7360	11
7361	11
7362	11
7363	11
7364	11
7365	11
7366	10
7367	10
7368	10
7369	10
7370	10
7371	10
7372	10
7373	10
7374	10
7375	10
7376	10
7377	9
7378	9
7379	9
7380	9
7381	8
7382	8
7383	9
7384	10
7385	10
7386	10
7387	10
7388	9
7389	9
7390	9
7391	8
7392	8
7393	8
7394	7
7395	7
7396	7
7397	7
7398	7
7399	7
7400	7
7401	7
7402	7
7403	7
7404	7
7405	7
7406	8
7407	8
7408	8
7409	8
7410	7
7411	7
7412	7
7413	7
7414	7
7415	7
7416	7
7417	7
7418	7
7419	7
7420	7
7421	7
7422	7
7423	7
7424	7
7425	7
7426	7
7427	7
7428	7
7429	7
7430	6
7431	6
7432	6
7433	6
7434	6
7435	7
7436	7
7437	7
7438	7
7439	7
7440	7
7441	7
7442	7
7443	7
7444	7
7445	7
7446	7
7447	7
7448	7
7449	7
7450	7
7451	7
7452	7
7453	7
7454	7
7455	7
7456	7
7457	7
7458	7
7459	6
7460	6
7461	6
7462	6
7463	6
7464	5
7465	5
7466	5
7467	5
7468	5
7469	5
7470	5
7471	5
7472	4
7473	4
7474	4
7475	4
7476	4
7477	4
7478	4
7479	4
7480	4
7481	4
7482	4
7483	4
7484	4
7485	4
7486	4
7487	4
7488	4
7489	4
7490	4
7491	4
7492	4
7493	4
7494	4
7495	4
7496	4
7497	4
7498	4
7499	4
7500	4
7501	4
7502	4
7503	4
7504	4
7505	4
7506	4
7507	4
7508	4
7509	4
7510	4
7511	4
7512	4
7513	4
7514	4
7515	4
7516	4
7517	4
7518	4
7519	4
7520	4
7521	5
7522	5
7523	5
7524	5
7525	5
7526	5
7527	5
7528	4
7529	4
7530	4
7531	4
7532	4
7533	4
7534	4
7535	4
7536	4
7537	4
7538	4
7539	4
7540	4
7541	4
7542	4
7543	4
7544	4
7545	4
7546	4
7547	4
7548	4
7549	4
7550	4
7551	4
7552	4
7553	4
7554	4
7555	4
7556	4
7557	4
7558	4
7559	4
7560	4
7561	4
7562	4
7563	4
7564	4
7565	4
7566	5
7567	6
7568	5
7569	6
7570	6
7571	6
7572	6
7573	6
7574	5
7575	5
7576	5
7577	4
7578	3
7579	3
7580	3
7581	3
7582	3
7583	3
7584	3
7585	3
7586	3
7587	3
7588	3
7589	3
7590	3
7591	3
7592	3
7593	3
7594	3
7595	3
7596	3
7597	3
7598	3
7599	3
7600	3
7601	3
7602	3
7603	3
7604	3
7605	3
7606	3
7607	3
7608	3
7609	3
7610	3
7611	3
7612	3
7613	3
7614	3
7615	3
7616	3
7617	3
7618	3
7619	3
7620	3
7621	3
7622	2
7623	2
7624	2
7625	2
7626	2
7627	2
7628	2
7629	2
7630	2
7631	2
7632	2
7633	2
7634	2
7635	2
7636	3
7637	3
7638	3
7639	3
7640	3
7641	3
7642	3
7643	3
7644	2
7645	2
7646	2
7647	2
7648	2
7649	2
7650	2
7651	2
7652	2
7653	2
7654	2
7655	2
7656	2
7657	2
7658	2
7659	2
7660	2
7661	2
7662	2
7663	2
7664	2
7665	2
7666	2
7667	2
7668	2
7669	2
7670	2
7671	2
7672	2
7673	2
7674	2
7675	2
7676	2
7677	1
7678	1
7679	1
7680	1
7681	1
7682	1
7683	1
7684	1
7685	1
7686	1
7687	1
7688	1
7689	1
7690	0
7691	0
7692	0
7693	0
7694	0
7695	0
7696	0
7697	0
7698	0
7699	0
7700	0
7701	0
7702	0
7703	0
7704	0
7705	0
7706	0
7707	1
7708	1
7709	1
7710	1
7711	1
7712	1
7713	1
7714	1
7715	1
7716	0
7717	0
7718	0
7719	0
7720	0
7721	0
7722	0
7723	0
7724	0
7725	0
7726	0
7727	0
7728	0
7729	0
7730	0
7731	0
7732	0
7733	0
7734	0
7735	0
7736	0
7737	0
7738	0
7739	0
7740	0
7741	0
7742	0
7743	0
7744	0
7745	0
7746	0
7747	0
7748	0
7749	0
7750	0
7751	0
7752	0
7753	0
7754	0
7755	0
7756	0
7757	0
7758	0
7759	0
7760	0
7761	0
7762	0
7763	0
7764	0
7765	0
7766	0
7767	0
7768	0
7769	0
7770	0
7771	0
7772	0
7773	0
7774	0
7775	0
7776	0
7777	0
7778	0
7779	0
7780	0
7781	0
7782	0
7783	0
7784	0
7785	0
7786	0
7787	0
7788	0
7789	0
7790	0
7791	0
7792	0
7793	0
7794	0
7795	0
7796	0
7797	0
7798	0
7799	0
7800	0
7801	0
7802	0
7803	0
7804	0
7805	0
7806	0
7807	0
7808	0
7809	0
7810	0
7811	0
7812	0
7813	0
7814	0
7815	0
7816	0
7817	0
7818	0
7819	0
7820	0
7821	0
7822	0
7823	0
7824	0
7825	0
7826	0
7827	0
7828	0
7829	0
7830	0
7831	0
7832	0
7833	0
7834	0
7835	0
7836	0
7837	0
7838	0
7839	0
7840	0
7841	0
7842	0
7843	0
7844	0
7845	0
7846	0
7847	0
7848	0
7849	0
7850	0
7851	0
7852	0
7853	0
7854	0
7855	0
7856	0
7857	0
7858	0
7859	0
7860	0
7861	0
7862	0
7863	0
7864	0
7865	0
7866	0
7867	0
7868	0
7869	0
7870	0
7871	0
7872	0
7873	0
7874	0
7875	0
7876	0
7877	0
7878	0
7879	0
7880	0
7881	0
7882	0
7883	0
7884	0
7885	0
7886	0
7887	0
7888	0
7889	0
7890	0
7891	0
7892	0
7893	0
7894	0
7895	0
7896	0
7897	0
7898	0
7899	0
7900	0
7901	0
7902	0
7903	0
7904	0
7905	0
7906	0
7907	0
7908	0
7909	0
7910	0
7911	0
7912	0
7913	0
7914	0
7915	0
7916	0
7917	0
7918	0
7919	0
7920	0
7921	0
7922	0
7923	0
7924	0
7925	0
7926	0
7927	0
7928	0
7929	0
7930	0
7931	0
7932	0
7933	0
7934	0
7935	0
7936	0
7937	0
7938	0
7939	0
7940	0
7941	0
7942	0
7943	0
7944	0
7945	0
7946	0
7947	0
7948	0
7949	0
7950	0
7951	0
7952	0
7953	0
7954	0
7955	0
7956	0
7957	0
7958	0
7959	0
7960	0
7961	0
7962	0
7963	0
7964	0
7965	0
7966	0
7967	0
7968	0
7969	0
7970	0
7971	0
7972	0
7973	0
7974	0
7975	0
7976	0
7977	0
7978	0
7979	0
7980	0
7981	0
7982	0
7983	0
7984	0
7985	0
7986	0
7987	0
7988	0
7989	0
7990	0
7991	0
7992	0
7993	0
7994	0
7995	0
7996	0
7997	0
7998	0
7999	0
8000	0
8001	0
8002	0
8003	0
8004	0
8005	0
8006	0
8007	0
8008	0
8009	0
8010	0
8011	0
8012	0
8013	0
8014	0
8015	0
8016	0
8017	0
8018	0
8019	0
8020	0
8021	0
8022	0
8023	0
8024	0
8025	0
8026	0
8027	0
8028	0
8029	0
8030	0
8031	0
8032	0
8033	0
8034	0
8035	0
8036	0
8037	0
8038	0
8039	0
8040	0
8041	0
8042	0
8043	0
8044	0
8045	0
8046	0
8047	0
8048	0
8049	0
8050	0
8051	0
8052	0
8053	0
8054	0
8055	0
8056	0
8057	0
8058	0
8059	0
8060	0
8061	0
8062	0
8063	0
8064	0
8065	0
8066	0
8067	0
8068	0
8069	0
8070	0
8071	0
8072	0
8073	0
8074	0
8075	0
8076	0
8077	0
8078	0
8079	0
8080	0
8081	0
8082	0
8083	0
8084	0
8085	0
8086	0
8087	0
8088	0
8089	0
8090	0
8091	0
8092	0
8093	0
8094	0
8095	0
8096	0
8097	0
8098	0
8099	0
8100	0
8101	0
8102	0
8103	0
8104	0
8105	0
8106	0
8107	0
8108	0
8109	0
8110	0
8111	0
8112	0
8113	0
8114	0
8115	0
8116	0
8117	0
8118	0
8119	0
8120	0
8121	0
8122	0
8123	0
8124	0
8125	0
8126	0
8127	0
8128	0
8129	0
8130	0
8131	0
8132	0
8133	0
8134	0
8135	0
8136	0
8137	0
8138	0
8139	0
8140	0
8141	0
8142	0
8143	0
8144	0
8145	0
8146	0
8147	0
8148	0
8149	0
8150	0
8151	0
8152	0
8153	0
8154	0
8155	0
8156	0
8157	0
8158	0
8159	0
8160	0
8161	0
8162	0
8163	0
8164	0
8165	0
8166	0
8167	0
8168	0
8169	0
8170	0
8171	0
8172	0
8173	0
8174	0
8175	0
8176	0
8177	0
8178	0
8179	0
8180	0
8181	0
8182	0
8183	0
8184	0
8185	0
8186	0
8187	0
8188	0
8189	0
8190	0
8191	0
8192	0
8193	0
8194	0
8195	0
8196	0
8197	0
8198	0
8199	0
8200	0
8201	0
8202	0
