1	0
2	0
3	0
4	0
5	0
6	0
7	0
8	0
9	1
10	1
11	1
12	1
13	2
14	2
15	2
16	2
17	2
18	2
19	2
20	2
21	2
22	2
23	2
24	2
25	2
26	2
27	2
28	2
29	2
30	2
31	3
32	3
33	4
34	4
35	4
36	4
37	5
38	5
39	5
40	5
41	5
42	5
43	4
44	4
45	4
46	4
47	4
48	4
49	4
50	5
51	5
52	6
53	6
54	6
55	7
56	7
57	7
58	7
59	7
60	7
61	7
62	7
63	7
64	7
65	7
66	7
67	7
68	7
69	7
70	7
71	8
72	8
73	8
74	8
75	8
76	8
77	8
78	8
79	8
80	8
81	8
82	8
83	8
84	8
85	8
86	8
87	8
88	8
89	8
90	8
91	7
92	8
93	8
94	8
95	8
96	8
97	7
98	7
99	7
100	7
101	7
102	7
103	7
104	7
105	7
106	7
107	7
108	7
109	7
110	7
111	7
112	7
113	7
114	7
115	7
116	7
117	7
118	7
119	7
120	7
121	7
122	7
123	7
124	7
125	8
126	8
127	8
128	8
129	8
130	8
131	8
132	8
133	8
134	8
135	8
136	8
137	8
138	8
139	8
140	8
141	9
142	9
143	9
144	9
145	9
146	9
147	9
148	9
149	9
150	9
151	9
152	10
153	10
154	10
155	10
156	11
157	12
158	12
159	12
160	12
161	12
162	11
163	11
164	11
165	11
166	11
167	12
168	13
169	13
170	13
171	13
172	13
173	13
174	13
175	12
176	12
177	11
178	11
179	11
180	11
181	11
182	11
183	11
184	10
185	10
186	10
187	10
188	10
189	10
190	10
191	10
192	10
193	10
194	10
195	10
196	10
197	10
198	10
199	10
200	10
201	10
202	10
203	10
204	10
205	10
206	10
207	10
208	10
209	10
210	10
211	10
212	10
213	10
214	9
215	9
216	9
217	9
218	9
219	9
220	9
221	9
222	11
223	11
224	11
225	11
226	11
227	11
228	11
229	11
230	12
231	12
232	12
233	13
234	13
235	13
236	13
237	14
238	14
239	14
240	14
241	14
242	14
243	14
244	14
245	14
246	14
247	14
248	14
249	14
250	14
251	14
252	14
253	13
254	12
255	12
256	11
257	11
258	10
259	10
260	10
261	10
262	10
263	10
264	10
265	10
266	10
267	10
268	10
269	10
270	10
271	10
272	10
273	10
274	10
275	9
276	9
277	9
278	9
279	9
280	9
281	9
282	9
283	9
284	9
285	9
286	9
287	9
288	9
289	9
290	9
291	9
292	10
293	10
294	10
295	10
296	10
297	10
298	10
299	10
300	11
301	11
302	10
303	10
304	10
305	10
306	10
307	10
308	10
309	10
310	10
311	9
312	9
313	9
314	9
315	9
316	9
317	9
318	10
319	11
320	11
321	11
322	12
323	12
324	12
325	12
326	12
327	12
328	12
329	12
330	12
331	12
332	12
333	12
334	12
335	12
336	12
337	12
338	12
339	12
340	12
341	12
342	12
343	12
344	12
345	12
346	12
347	12
348	13
349	13
350	13
351	13
352	13
353	13
354	13
355	13
356	13
357	13
358	13
359	13
360	12
361	12
362	13
363	13
364	14
365	14
366	14
367	14
368	14
369	15
370	15
371	15
372	15
373	15
374	15
375	16
376	16
377	17
378	17
379	17
380	17
381	17
382	17
383	17
384	17
385	17
386	17
387	16
388	16
389	16
390	17
391	17
392	17
393	17
394	16
395	17
396	17
397	17
398	17
399	17
400	17
401	17
402	17
403	17
404	17
405	17
406	17
407	17
408	17
409	18
410	17
411	17
412	16
413	16
414	16
415	16
416	17
417	17
418	17
419	17
420	17
421	17
422	17
423	17
424	17
425	17
426	17
427	18
428	18
429	17
430	17
431	17
432	17
433	17
434	17
435	17
436	18
437	19
438	19
439	19
440	19
441	19
442	18
443	18
444	18
445	18
446	18
447	18
448	20
449	20
450	20
451	20
452	20
453	20
454	20
455	19
456	19
457	19
458	19
459	19
460	20
461	20
462	20
463	20
464	20
465	20
466	20
467	19
468	19
469	19
470	19
471	19
472	20
473	20
474	20
475	20
476	20
477	21
478	21
479	22
480	22
481	22
482	22
483	22
484	22
485	22
486	22
487	23
488	23
489	23
490	23
491	23
492	23
493	23
494	23
495	23
496	23
497	23
498	23
499	23
500	23
501	23
502	23
503	24
504	24
505	24
506	24
507	25
508	25
509	25
510	25
511	24
512	24
513	24
514	24
515	24
516	24
517	24
518	24
519	24
520	24
521	24
522	24
523	24
524	24
525	24
526	24
527	24
528	24
529	24
530	24
531	25
532	25
533	25
534	24
535	24
536	24
537	25
538	25
539	25
540	25
541	25
542	24
543	24
544	25
545	25
546	25
547	25
548	25
549	25
550	25
551	25
552	25
553	25
554	26
555	26
556	26
557	26
558	26
559	26
560	26
561	26
562	26
563	26
564	26
565	26
566	26
567	27
568	28
569	27
570	26
571	25
572	25
573	26
574	26
575	26
576	26
577	25
578	25
579	25
580	25
581	25
582	25
583	24
584	24
585	23
586	23
587	21
588	21
589	21
590	21
591	20
592	19
593	18
594	18
595	18
596	18
597	18
598	18
599	19
600	19
601	19
602	19
603	20
604	19
605	19
606	19
607	18
608	18
609	18
610	18
611	18
612	18
613	18
614	18
615	18
616	18
617	18
618	18
619	18
620	18
621	18
622	18
623	18
624	18
625	19
626	19
627	19
628	19
629	20
630	20
631	20
632	20
633	21
634	21
635	21
636	20
637	20
638	20
639	20
640	20
641	20
642	20
643	20
644	20
645	20
646	20
647	21
648	21
649	21
650	20
651	20
652	19
653	19
654	19
655	19
656	20
657	20
658	20
659	20
660	20
661	20
662	20
663	21
664	21
665	21
666	22
667	22
668	22
669	22
670	22
671	22
672	22
673	22
674	21
675	22
676	22
677	22
678	22
679	21
680	20
681	20
682	19
683	18
684	18
685	19
686	19
687	18
688	18
689	19
690	19
691	19
692	20
693	21
694	21
695	21
696	21
697	22
698	22
699	22
700	22
701	22
702	22
703	22
704	22
705	22
706	22
707	22
708	22
709	22
710	21
711	21
712	21
713	21
714	21
715	21
716	22
717	22
718	22
719	21
720	21
721	21
722	21
723	21
724	22
725	22
726	21
727	22
728	22
729	22
730	22
731	22
732	22
733	22
734	22
735	22
736	22
737	22
738	22
739	23
740	23
741	23
742	24
743	24
744	25
745	25
746	24
747	24
748	24
749	24
750	24
751	24
752	24
753	23
754	23
755	23
756	23
757	24
758	24
759	24
760	24
761	24
762	24
763	23
764	23
765	23
766	23
767	23
768	23
769	23
770	23
771	23
772	24
773	24
774	24
775	24
776	24
777	24
778	23
779	23
780	23
781	23
782	23
783	24
784	24
785	24
786	24
787	24
788	24
789	23
790	24
791	24
792	24
793	24
794	24
795	24
796	24
797	24
798	24
799	24
800	26
801	26
802	25
803	25
804	25
805	25
806	25
807	26
808	26
809	29
810	30
811	30
812	30
813	30
814	30
815	30
816	30
817	30
818	30
819	29
820	29
821	29
822	29
823	29
824	29
825	29
826	29
827	29
828	29
829	29
830	29
831	29
832	29
833	29
834	29
835	29
836	29
837	29
838	29
839	29
840	29
841	29
842	29
843	30
844	30
845	30
846	30
847	30
848	29
849	29
850	28
851	27
852	27
853	26
854	26
855	26
856	26
857	26
858	26
859	26
860	26
861	26
862	26
863	25
864	24
865	24
866	24
867	24
868	24
869	24
870	24
871	24
872	24
873	24
874	24
875	24
876	24
877	24
878	24
879	23
880	23
881	23
882	23
883	22
884	22
885	20
886	20
887	19
888	19
889	18
890	19
891	19
892	19
893	19
894	19
895	19
896	19
897	19
898	20
899	20
900	20
901	20
902	20
903	20
904	20
905	20
906	20
907	20
908	20
909	20
910	20
911	20
912	20
913	20
914	20
915	20
916	20
917	20
918	20
919	20
920	20
921	20
922	19
923	19
924	18
925	18
926	18
927	18
928	18
929	19
930	19
931	19
932	18
933	18
934	18
935	18
936	17
937	17
938	17
939	17
940	17
941	17
942	17
943	17
944	18
945	19
946	19
947	19
948	21
949	21
950	21
951	21
952	21
953	22
954	22
955	22
956	21
957	21
958	21
959	20
960	20
961	19
962	20
963	20
964	20
965	20
966	20
967	20
968	21
969	21
970	21
971	20
972	20
973	20
974	20
975	21
976	20
977	19
978	19
979	20
980	20
981	20
982	20
983	21
984	21
985	22
986	23
987	23
988	24
989	24
990	24
991	24
992	24
993	24
994	24
995	24
996	24
997	24
998	24
999	24
1000	24
1001	24
1002	25
1003	25
1004	25
1005	25
1006	25
1007	25
1008	25
1009	25
1010	25
1011	25
1012	24
1013	23
1014	23
1015	23
1016	23
1017	23
1018	23
1019	23
1020	23
1021	23
1022	23
1023	24
1024	24
1025	25
1026	27
1027	27
1028	27
1029	26
1030	25
1031	25
1032	25
1033	26
1034	26
1035	26
1036	26
1037	25
1038	25
1039	25
1040	26
1041	26
1042	25
1043	26
1044	26
1045	26
1046	26
1047	25
1048	26
1049	26
1050	26
1051	27
1052	27
1053	28
1054	28
1055	28
1056	28
1057	28
1058	28
1059	28
1060	28
1061	28
1062	28
1063	28
1064	28
1065	27
1066	28
1067	27
1068	27
1069	27
1070	26
1071	26
1072	26
1073	26
1074	26
1075	27
1076	26
1077	26
1078	26
1079	25
1080	25
1081	24
1082	23
1083	24
1084	25
1085	25
1086	25
1087	25
1088	25
1089	25
1090	25
1091	26
1092	26
1093	26
1094	26
1095	26
1096	26
1097	26
1098	26
1099	25
1100	25
1101	25
1102	24
1103	24
1104	24
1105	24
1106	24
1107	24
1108	24
1109	24
1110	24
1111	24
1112	24
1113	23
1114	24
1115	24
1116	24
1117	24
1118	24
1119	25
1120	25
1121	25
1122	25
1123	25
1124	25
1125	25
1126	25
1127	25
1128	25
1129	25
1130	24
1131	25
1132	25
1133	24
1134	24
1135	24
1136	24
1137	24
1138	24
1139	25
1140	25
1141	25
1142	25
1143	26
1144	26
1145	27
1146	27
1147	27
1148	27
1149	26
1150	26
1151	26
1152	26
1153	26
1154	26
1155	26
1156	26
1157	27
1158	27
1159	27
1160	27
1161	27
1162	27
1163	27
1164	26
1165	26
1166	25
1167	25
1168	23
1169	23
1170	22
1171	22
1172	23
1173	22
1174	22
1175	22
1176	23
1177	23
1178	23
1179	23
1180	23
1181	23
1182	23
1183	23
1184	23
1185	23
1186	23
1187	23
1188	23
1189	23
1190	23
1191	23
1192	23
1193	23
1194	23
1195	23
1196	23
1197	23
1198	22
1199	21
1200	21
1201	21
1202	21
1203	21
1204	20
1205	20
1206	20
1207	21
1208	21
1209	22
1210	22
1211	22
1212	22
1213	21
1214	21
1215	22
1216	22
1217	22
1218	22
1219	21
1220	21
1221	22
1222	22
1223	22
1224	22
1225	22
1226	22
1227	22
1228	22
1229	22
1230	22
1231	22
1232	23
1233	23
1234	23
1235	23
1236	23
1237	23
1238	23
1239	23
1240	23
1241	23
1242	23
1243	24
1244	24
1245	24
1246	24
1247	24
1248	24
1249	24
1250	24
1251	24
1252	24
1253	24
1254	24
1255	24
1256	24
1257	24
1258	24
1259	24
1260	24
1261	25
1262	25
1263	25
1264	25
1265	25
1266	26
1267	26
1268	26
1269	26
1270	26
1271	25
1272	25
1273	25
1274	25
1275	25
1276	25
1277	25
1278	26
1279	26
1280	26
1281	26
1282	27
1283	27
1284	27
1285	27
1286	26
1287	26
1288	27
1289	27
1290	27
1291	27
1292	27
1293	26
1294	26
1295	25
1296	26
1297	25
1298	25
1299	25
1300	25
1301	25
1302	25
1303	25
1304	24
1305	23
1306	22
1307	20
1308	19
1309	20
1310	20
1311	21
1312	21
1313	20
1314	20
1315	20
1316	20
1317	20
1318	21
1319	22
1320	22
1321	22
1322	22
1323	23
1324	24
1325	25
1326	25
1327	25
1328	26
1329	26
1330	26
1331	26
1332	26
1333	26
1334	26
1335	26
1336	26
1337	26
1338	26
1339	27
1340	27
1341	27
1342	27
1343	27
1344	27
1345	27
1346	27
1347	27
1348	27
1349	27
1350	27
1351	27
1352	28
1353	28
1354	29
1355	29
1356	29
1357	29
1358	29
1359	28
1360	28
1361	28
1362	28
1363	28
1364	28
1365	28
1366	28
1367	29
1368	30
1369	30
1370	30
1371	31
1372	32
1373	32
1374	32
1375	33
1376	32
1377	31
1378	31
1379	31
1380	31
1381	32
1382	32
1383	33
1384	33
1385	33
1386	33
1387	33
1388	33
1389	33
1390	32
1391	31
1392	31
1393	30
1394	30
1395	30
1396	30
1397	30
1398	30
1399	30
1400	31
1401	31
1402	31
1403	32
1404	32
1405	33
1406	34
1407	34
1408	33
1409	34
1410	34
1411	34
1412	34
1413	34
1414	35
1415	34
1416	34
1417	34
1418	33
1419	33
1420	33
1421	33
1422	34
1423	34
1424	33
1425	31
1426	30
1427	29
1428	28
1429	28
1430	29
1431	29
1432	29
1433	29
1434	29
1435	29
1436	30
1437	30
1438	31
1439	31
1440	31
1441	30
1442	30
1443	30
1444	28
1445	28
1446	27
1447	27
1448	27
1449	27
1450	27
1451	27
1452	27
1453	27
1454	27
1455	27
1456	27
1457	27
1458	28
1459	29
1460	29
1461	29
1462	29
1463	29
1464	30
1465	30
1466	30
1467	30
1468	30
1469	30
1470	30
1471	29
1472	28
1473	28
1474	28
1475	28
1476	28
1477	28
1478	28
1479	28
1480	26
1481	25
1482	24
1483	22
1484	21
1485	21
1486	21
1487	21
1488	20
1489	20
1490	20
1491	19
1492	19
1493	18
1494	19
1495	19
1496	19
1497	19
1498	19
1499	19
1500	19
1501	19
1502	19
1503	20
1504	20
1505	20
1506	20
1507	20
1508	19
1509	20
1510	20
1511	20
1512	20
1513	20
1514	19
1515	20
1516	19
1517	19
1518	19
1519	19
1520	19
1521	19
1522	19
1523	19
1524	19
1525	19
1526	20
1527	20
1528	20
1529	20
1530	20
1531	20
1532	20
1533	20
1534	20
1535	20
1536	20
1537	19
1538	19
1539	18
1540	18
1541	18
1542	19
1543	19
1544	19
1545	19
1546	19
1547	19
1548	19
1549	19
1550	19
1551	19
1552	19
1553	19
1554	19
1555	19
1556	19
1557	19
1558	19
1559	19
1560	19
1561	19
1562	19
1563	19
1564	20
1565	19
1566	19
1567	18
1568	18
1569	19
1570	19
1571	20
1572	21
1573	23
1574	23
1575	23
1576	23
1577	24
1578	24
1579	24
1580	25
1581	25
1582	25
1583	25
1584	25
1585	25
1586	25
1587	25
1588	24
1589	24
1590	24
1591	24
1592	23
1593	23
1594	22
1595	22
1596	21
1597	21
1598	22
1599	22
1600	22
1601	22
1602	22
1603	22
1604	22
1605	22
1606	22
1607	22
1608	22
1609	22
1610	22
1611	22
1612	22
1613	22
1614	23
1615	23
1616	23
1617	23
1618	23
1619	23
1620	22
1621	22
1622	22
1623	22
1624	22
1625	23
1626	23
1627	23
1628	23
1629	23
1630	22
1631	22
1632	22
1633	22
1634	22
1635	22
1636	22
1637	23
1638	21
1639	22
1640	22
1641	22
1642	22
1643	23
1644	23
1645	23
1646	23
1647	25
1648	25
1649	25
1650	25
1651	25
1652	26
1653	26
1654	26
1655	26
1656	26
1657	26
1658	26
1659	26
1660	26
1661	26
1662	26
1663	26
1664	26
1665	26
1666	26
1667	26
1668	26
1669	26
1670	26
1671	26
1672	26
1673	26
1674	26
1675	26
1676	27
1677	28
1678	28
1679	28
1680	28
1681	29
1682	29
1683	30
1684	30
1685	30
1686	29
1687	29
1688	29
1689	28
1690	28
1691	28
1692	28
1693	28
1694	28
1695	28
1696	28
1697	28
1698	28
1699	28
1700	28
1701	28
1702	27
1703	27
1704	27
1705	27
1706	27
1707	26
1708	26
1709	26
1710	26
1711	26
1712	26
1713	26
1714	26
1715	25
1716	25
1717	25
1718	25
1719	25
1720	25
1721	25
1722	25
1723	25
1724	25
1725	25
1726	24
1727	24
1728	24
1729	23
1730	23
1731	23
1732	22
1733	22
1734	22
1735	22
1736	22
1737	22
1738	22
1739	22
1740	22
1741	22
1742	22
1743	22
1744	22
1745	22
1746	22
1747	22
1748	22
1749	23
1750	23
1751	23
1752	23
1753	23
1754	23
1755	23
1756	24
1757	24
1758	23
1759	22
1760	22
1761	22
1762	23
1763	23
1764	23
1765	23
1766	23
1767	23
1768	23
1769	23
1770	22
1771	22
1772	22
1773	23
1774	23
1775	23
1776	23
1777	23
1778	24
1779	24
1780	24
1781	24
1782	25
1783	24
1784	24
1785	23
1786	22
1787	22
1788	23
1789	23
1790	23
1791	23
1792	23
1793	23
1794	23
1795	23
1796	23
1797	24
1798	24
1799	26
1800	25
1801	24
1802	24
1803	24
1804	24
1805	23
1806	23
1807	23
1808	23
1809	23
1810	24
1811	24
1812	25
1813	25
1814	24
1815	24
1816	24
1817	24
1818	24
1819	24
1820	24
1821	24
1822	25
1823	25
1824	25
1825	25
1826	25
1827	25
1828	26
1829	27
1830	27
1831	27
1832	27
1833	27
1834	27
1835	27
1836	27
1837	27
1838	27
1839	27
1840	25
1841	25
1842	26
1843	26
1844	26
1845	24
1846	25
1847	25
1848	25
1849	25
1850	24
1851	24
1852	26
1853	26
1854	27
1855	27
1856	27
1857	27
1858	27
1859	26
1860	26
1861	26
1862	27
1863	27
1864	27
1865	28
1866	28
1867	28
1868	28
1869	27
1870	27
1871	28
1872	28
1873	28
1874	28
1875	29
1876	29
1877	31
1878	31
1879	31
1880	31
1881	31
1882	30
1883	30
1884	31
1885	31
1886	31
1887	32
1888	32
1889	32
1890	32
1891	32
1892	32
1893	32
1894	32
1895	33
1896	33
1897	34
1898	35
1899	35
1900	35
1901	34
1902	35
1903	34
1904	34
1905	35
1906	35
1907	34
1908	34
1909	34
1910	34
1911	33
1912	33
1913	33
1914	33
1915	33
1916	33
1917	34
1918	34
1919	34
1920	35
1921	35
1922	35
1923	35
1924	35
1925	35
1926	35
1927	34
1928	34
1929	33
1930	33
1931	30
1932	30
1933	28
1934	29
1935	29
1936	30
1937	30
1938	30
1939	32
1940	32
1941	32
1942	33
1943	35
1944	35
1945	36
1946	36
1947	37
1948	35
1949	35
1950	35
1951	36
1952	36
1953	35
1954	37
1955	37
1956	36
1957	36
1958	36
1959	35
1960	36
1961	36
1962	37
1963	37
1964	37
1965	37
1966	37
1967	38
1968	38
1969	36
1970	36
1971	35
1972	35
1973	35
1974	35
1975	35
1976	37
1977	37
1978	37
1979	37
1980	36
1981	37
1982	36
1983	36
1984	36
1985	36
1986	36
1987	36
1988	37
1989	37
1990	37
1991	36
1992	35
1993	35
1994	36
1995	36
1996	36
1997	36
1998	36
1999	36
2000	36
2001	36
2002	36
2003	36
2004	35
2005	35
2006	33
2007	34
2008	34
2009	34
2010	34
2011	34
2012	34
2013	34
2014	34
2015	34
2016	34
2017	34
2018	34
2019	34
2020	34
2021	34
2022	34
2023	34
2024	34
2025	34
2026	34
2027	34
2028	34
2029	34
2030	33
2031	33
2032	32
2033	32
2034	31
2035	31
2036	31
2037	31
2038	33
2039	32
2040	31
2041	32
2042	32
2043	32
2044	32
2045	32
2046	32
2047	32
2048	32
2049	32
2050	32
2051	32
2052	32
2053	32
2054	32
2055	32
2056	32
2057	32
2058	30
2059	31
2060	31
2061	32
2062	31
2063	31
2064	31
2065	31
2066	31
2067	32
2068	32
2069	32
2070	32
2071	32
2072	32
2073	32
2074	32
2075	33
2076	30
2077	30
2078	29
2079	29
2080	29
2081	29
2082	30
2083	30
2084	30
2085	31
2086	32
2087	33
2088	34
2089	34
2090	34
2091	34
2092	34
2093	34
2094	34
2095	34
2096	34
2097	34
2098	34
2099	35
2100	35
2101	35
2102	35
2103	35
2104	34
2105	34
2106	34
2107	34
2108	34
2109	34
2110	34
2111	34
2112	34
2113	34
2114	34
2115	34
2116	35
2117	34
2118	34
2119	34
2120	35
2121	35
2122	35
2123	34
2124	34
2125	35
2126	34
2127	34
2128	34
2129	34
2130	34
2131	34
2132	35
2133	35
2134	35
2135	34
2136	34
2137	34
2138	33
2139	33
2140	33
2141	33
2142	33
2143	34
2144	34
2145	34
2146	34
2147	34
2148	33
2149	33
2150	34
2151	35
2152	35
2153	36
2154	36
2155	36
2156	36
2157	36
2158	36
2159	36
2160	37
2161	37
2162	37
2163	37
2164	37
2165	37
2166	38
2167	39
2168	39
2169	40
2170	40
2171	40
2172	40
2173	40
2174	41
2175	40
2176	40
2177	40
2178	40
2179	39
2180	39
2181	39
2182	39
2183	39
2184	38
2185	38
2186	39
2187	39
2188	39
2189	39
2190	39
2191	39
2192	38
2193	39
2194	38
2195	38
2196	38
2197	38
2198	37
2199	36
2200	36
2201	35
2202	35
2203	35
2204	34
2205	35
2206	36
2207	36
2208	36
2209	36
2210	36
2211	35
2212	35
2213	36
2214	36
2215	38
2216	38
2217	38
2218	38
2219	38
2220	37
2221	37
2222	35
2223	35
2224	35
2225	34
2226	34
2227	34
2228	34
2229	34
2230	36
2231	36
2232	36
2233	37
2234	37
2235	37
2236	39
2237	39
2238	39
2239	39
2240	38
2241	38
2242	38
2243	38
2244	38
2245	38
2246	38
2247	38
2248	39
2249	41
2250	40
2251	41
2252	40
2253	40
2254	40
2255	40
2256	40
2257	39
2258	39
2259	40
2260	40
2261	40
2262	40
2263	40
2264	40
2265	40
2266	40
2267	40
2268	40
2269	41
2270	41
2271	41
2272	39
2273	39
2274	39
2275	39
2276	39
2277	39
2278	39
2279	39
2280	39
2281	39
2282	40
2283	39
2284	40
2285	39
2286	37
2287	37
2288	36
2289	35
2290	35
2291	36
2292	35
2293	36
2294	36
2295	36
2296	36
2297	36
2298	36
2299	36
2300	36
2301	36
2302	36
2303	36
2304	36
2305	36
2306	36
2307	36
2308	36
2309	37
2310	37
2311	37
2312	37
2313	37
2314	38
2315	38
2316	39
2317	38
2318	38
2319	37
2320	38
2321	38
2322	38
2323	38
2324	36
2325	37
2326	37
2327	37
2328	38
2329	39
2330	39
2331	39
2332	39
2333	39
2334	39
2335	39
2336	39
2337	39
2338	39
2339	37
2340	37
2341	37
2342	37
2343	37
2344	38
2345	37
2346	37
2347	37
2348	37
2349	36
2350	36
2351	36
2352	36
2353	35
2354	34
2355	35
2356	35
2357	36
2358	37
2359	37
2360	37
2361	36
2362	36
2363	36
2364	36
2365	36
2366	36
2367	36
2368	36
2369	36
2370	36
2371	37
2372	38
2373	38
2374	39
2375	39
2376	39
2377	38
2378	38
2379	39
2380	39
2381	39
2382	39
2383	39
2384	39
2385	38
2386	38
2387	39
2388	38
2389	38
2390	37
2391	36
2392	35
2393	35
2394	35
2395	35
2396	35
2397	35
2398	34
2399	34
2400	34
2401	34
2402	35
2403	35
2404	35
2405	35
2406	35
2407	35
2408	35
2409	35
2410	36
2411	36
2412	35
2413	35
2414	36
2415	35
2416	35
2417	35
2418	35
2419	35
2420	35
2421	36
2422	38
2423	38
2424	38
2425	38
2426	38
2427	39
2428	39
2429	39
2430	40
2431	40
2432	41
2433	42
2434	43
2435	43
2436	43
2437	43
2438	43
2439	43
2440	44
2441	44
2442	43
2443	43
2444	44
2445	44
2446	44
2447	44
2448	44
2449	45
2450	45
2451	45
2452	45
2453	45
2454	45
2455	45
2456	45
2457	45
2458	45
2459	44
2460	43
2461	43
2462	43
2463	43
2464	43
2465	43
2466	44
2467	44
2468	44
2469	43
2470	43
2471	43
2472	43
2473	43
2474	43
2475	43
2476	43
2477	42
2478	41
2479	42
2480	42
2481	42
2482	42
2483	41
2484	40
2485	40
2486	40
2487	40
2488	43
2489	43
2490	44
2491	44
2492	44
2493	45
2494	45
2495	44
2496	45
2497	45
2498	45
2499	45
2500	45
2501	45
2502	45
2503	45
2504	46
2505	46
2506	46
2507	46
2508	46
2509	46
2510	47
2511	47
2512	47
2513	48
2514	48
2515	47
2516	48
2517	48
2518	48
2519	48
2520	48
2521	48
2522	47
2523	47
2524	47
2525	47
2526	46
2527	46
2528	46
2529	45
2530	46
2531	45
2532	45
2533	44
2534	43
2535	43
2536	43
2537	43
2538	42
2539	43
2540	43
2541	43
2542	43
2543	43
2544	43
2545	42
2546	42
2547	42
2548	44
2549	45
2550	45
2551	45
2552	46
2553	46
2554	46
2555	46
2556	47
2557	47
2558	47
2559	47
2560	48
2561	48
2562	48
2563	47
2564	47
2565	46
2566	44
2567	44
2568	43
2569	41
2570	42
2571	41
2572	42
2573	42
2574	42
2575	42
2576	42
2577	42
2578	42
2579	42
2580	42
2581	42
2582	42
2583	42
2584	41
2585	41
2586	41
2587	41
2588	41
2589	41
2590	42
2591	42
2592	43
2593	43
2594	43
2595	43
2596	43
2597	43
2598	42
2599	42
2600	42
2601	42
2602	42
2603	42
2604	42
2605	41
2606	41
2607	41
2608	40
2609	40
2610	40
2611	40
2612	41
2613	40
2614	40
2615	40
2616	41
2617	40
2618	39
2619	40
2620	40
2621	40
2622	40
2623	40
2624	40
2625	40
2626	40
2627	41
2628	41
2629	42
2630	43
2631	43
2632	44
2633	44
2634	43
2635	43
2636	44
2637	45
2638	45
2639	47
2640	47
2641	47
2642	47
2643	47
2644	48
2645	48
2646	48
2647	48
2648	52
2649	52
2650	52
2651	51
2652	51
2653	51
2654	51
2655	52
2656	52
2657	53
2658	53
2659	53
2660	53
2661	53
2662	53
2663	53
2664	53
2665	53
2666	53
2667	53
2668	52
2669	52
2670	52
2671	51
2672	51
2673	51
2674	51
2675	51
2676	51
2677	51
2678	53
2679	53
2680	53
2681	53
2682	52
2683	52
2684	52
2685	53
2686	53
2687	53
2688	53
2689	53
2690	53
2691	54
2692	54
2693	54
2694	54
2695	54
2696	54
2697	55
2698	54
2699	54
2700	54
2701	54
2702	54
2703	53
2704	53
2705	53
2706	52
2707	52
2708	51
2709	51
2710	51
2711	50
2712	49
2713	45
2714	46
2715	46
2716	45
2717	45
2718	45
2719	45
2720	44
2721	44
2722	44
2723	44
2724	44
2725	44
2726	44
2727	45
2728	45
2729	46
2730	46
2731	46
2732	46
2733	47
2734	47
2735	46
2736	46
2737	46
2738	45
2739	44
2740	44
2741	44
2742	44
2743	43
2744	43
2745	43
2746	43
2747	43
2748	43
2749	43
2750	43
2751	43
2752	44
2753	44
2754	45
2755	45
2756	45
2757	45
2758	45
2759	45
2760	44
2761	44
2762	43
2763	42
2764	42
2765	42
2766	41
2767	41
2768	42
2769	42
2770	43
2771	42
2772	42
2773	42
2774	43
2775	42
2776	41
2777	41
2778	41
2779	39
2780	39
2781	39
2782	39
2783	40
2784	40
2785	40
2786	39
2787	40
2788	39
2789	38
2790	38
2791	38
2792	38
2793	38
2794	38
2795	38
2796	38
2797	38
2798	38
2799	38
2800	38
2801	38
2802	38
2803	39
2804	39
2805	39
2806	40
2807	41
2808	41
2809	40
2810	40
2811	39
2812	38
2813	37
2814	36
2815	35
2816	36
2817	35
2818	34
2819	35
2820	35
2821	36
2822	36
2823	36
2824	36
2825	36
2826	36
2827	36
2828	37
2829	37
2830	38
2831	38
2832	38
2833	38
2834	38
2835	39
2836	39
2837	39
2838	39
2839	39
2840	39
2841	39
2842	40
2843	40
2844	40
2845	39
2846	40
2847	40
2848	39
2849	41
2850	41
2851	41
2852	41
2853	40
2854	40
2855	40
2856	39
2857	39
2858	39
2859	39
2860	38
2861	38
2862	36
2863	37
2864	37
2865	37
2866	37
2867	39
2868	39
2869	40
2870	39
2871	39
2872	39
2873	38
2874	38
2875	38
2876	38
2877	38
2878	37
2879	36
2880	36
2881	35
2882	35
2883	35
2884	35
2885	36
2886	35
2887	37
2888	37
2889	37
2890	37
2891	37
2892	37
2893	37
2894	36
2895	36
2896	36
2897	36
2898	36
2899	36
2900	35
2901	35
2902	36
2903	36
2904	35
2905	36
2906	36
2907	36
2908	35
2909	35
2910	35
2911	34
2912	34
2913	34
2914	32
2915	31
2916	30
2917	29
2918	30
2919	30
2920	30
2921	30
2922	31
2923	31
2924	31
2925	31
2926	31
2927	31
2928	30
2929	30
2930	30
2931	30
2932	31
2933	32
2934	32
2935	32
2936	32
2937	32
2938	32
2939	32
2940	32
2941	32
2942	32
2943	32
2944	32
2945	33
2946	34
2947	34
2948	34
2949	34
2950	34
2951	34
2952	34
2953	34
2954	34
2955	34
2956	34
2957	34
2958	34
2959	34
2960	34
2961	34
2962	34
2963	35
2964	35
2965	35
2966	34
2967	34
2968	34
2969	34
2970	34
2971	34
2972	34
2973	34
2974	34
2975	35
2976	35
2977	34
2978	34
2979	34
2980	34
2981	34
2982	34
2983	34
2984	34
2985	34
2986	34
2987	34
2988	34
2989	33
2990	33
2991	33
2992	33
2993	32
2994	32
2995	31
2996	31
2997	30
2998	30
2999	32
3000	32
3001	32
3002	31
3003	31
3004	31
3005	31
3006	31
3007	30
3008	30
3009	30
3010	30
3011	29
3012	29
3013	29
3014	29
3015	29
3016	29
3017	29
3018	29
3019	29
3020	29
3021	29
3022	29
3023	29
3024	29
3025	30
3026	29
3027	29
3028	29
3029	31
3030	31
3031	32
3032	33
3033	33
3034	32
3035	32
3036	32
3037	32
3038	32
3039	32
3040	31
3041	31
3042	30
3043	30
3044	28
3045	30
3046	30
3047	30
3048	29
3049	31
3050	31
3051	31
3052	31
3053	31
3054	31
3055	31
3056	31
3057	31
3058	31
3059	31
3060	31
3061	29
3062	29
3063	31
3064	31
3065	32
3066	32
3067	32
3068	31
3069	31
3070	31
3071	30
3072	29
3073	29
3074	29
3075	29
3076	30
3077	30
3078	30
3079	30
3080	31
3081	31
3082	32
3083	32
3084	32
3085	32
3086	33
3087	33
3088	32
3089	33
3090	33
3091	32
3092	33
3093	33
3094	33
3095	33
3096	32
3097	32
3098	32
3099	32
3100	32
3101	32
3102	33
3103	33
3104	32
3105	32
3106	31
3107	31
3108	32
3109	32
3110	32
3111	32
3112	32
3113	32
3114	32
3115	32
3116	33
3117	33
3118	33
3119	33
3120	33
3121	33
3122	33
3123	33
3124	32
3125	32
3126	31
3127	31
3128	31
3129	31
3130	30
3131	31
3132	31
3133	31
3134	31
3135	31
3136	31
3137	31
3138	32
3139	31
3140	31
3141	31
3142	31
3143	31
3144	31
3145	31
3146	31
3147	32
3148	31
3149	31
3150	30
3151	30
3152	30
3153	29
3154	29
3155	28
3156	27
3157	27
3158	27
3159	27
3160	27
3161	27
3162	29
3163	29
3164	29
3165	30
3166	30
3167	30
3168	29
3169	29
3170	29
3171	28
3172	28
3173	28
3174	27
3175	28
3176	28
3177	29
3178	30
3179	30
3180	30
3181	30
3182	30
3183	30
3184	30
3185	30
3186	30
3187	30
3188	30
3189	30
3190	30
3191	30
3192	30
3193	29
3194	29
3195	29
3196	29
3197	29
3198	29
3199	29
3200	29
3201	30
3202	30
3203	31
3204	31
3205	31
3206	31
3207	31
3208	32
3209	32
3210	32
3211	32
3212	32
3213	33
3214	33
3215	33
3216	33
3217	33
3218	33
3219	33
3220	33
3221	32
3222	32
3223	32
3224	32
3225	32
3226	34
3227	35
3228	35
3229	35
3230	34
3231	34
3232	35
3233	36
3234	36
3235	36
3236	35
3237	35
3238	35
3239	36
3240	36
3241	36
3242	36
3243	36
3244	36
3245	35
3246	35
3247	36
3248	36
3249	37
3250	38
3251	38
3252	37
3253	37
3254	37
3255	37
3256	37
3257	37
3258	37
3259	37
3260	37
3261	37
3262	37
3263	37
3264	37
3265	37
3266	37
3267	37
3268	37
3269	37
3270	36
3271	37
3272	36
3273	36
3274	35
3275	35
3276	35
3277	35
3278	35
3279	35
3280	35
3281	35
3282	35
3283	36
3284	36
3285	37
3286	37
3287	37
3288	38
3289	38
3290	38
3291	38
3292	38
3293	38
3294	37
3295	37
3296	37
3297	37
3298	37
3299	38
3300	38
3301	39
3302	39
3303	40
3304	40
3305	40
3306	40
3307	40
3308	41
3309	41
3310	41
3311	41
3312	40
3313	40
3314	40
3315	40
3316	40
3317	39
3318	39
3319	39
3320	39
3321	39
3322	39
3323	39
3324	40
3325	40
3326	41
3327	41
3328	41
3329	41
3330	41
3331	42
3332	42
3333	43
3334	42
3335	40
3336	39
3337	39
3338	38
3339	38
3340	37
3341	37
3342	37
3343	37
3344	37
3345	37
3346	37
3347	38
3348	38
3349	40
3350	40
3351	40
3352	38
3353	39
3354	38
3355	38
3356	37
3357	37
3358	37
3359	37
3360	37
3361	37
3362	37
3363	37
3364	37
3365	37
3366	36
3367	36
3368	37
3369	37
3370	37
3371	38
3372	38
3373	38
3374	39
3375	39
3376	39
3377	39
3378	39
3379	39
3380	39
3381	38
3382	38
3383	38
3384	39
3385	38
3386	37
3387	37
3388	37
3389	37
3390	38
3391	38
3392	37
3393	38
3394	38
3395	38
3396	38
3397	38
3398	37
3399	38
3400	37
3401	37
3402	37
3403	37
3404	35
3405	34
3406	35
3407	35
3408	35
3409	35
3410	35
3411	35
3412	37
3413	37
3414	37
3415	36
3416	36
3417	36
3418	37
3419	37
3420	37
3421	37
3422	38
3423	38
3424	38
3425	38
3426	37
3427	37
3428	37
3429	37
3430	37
3431	37
3432	37
3433	37
3434	37
3435	37
3436	37
3437	38
3438	37
3439	36
3440	36
3441	36
3442	35
3443	36
3444	37
3445	37
3446	37
3447	37
3448	37
3449	37
3450	37
3451	37
3452	36
3453	37
3454	35
3455	35
3456	35
3457	35
3458	35
3459	35
3460	35
3461	35
3462	35
3463	35
3464	34
3465	33
3466	33
3467	33
3468	33
3469	34
3470	34
3471	34
3472	34
3473	34
3474	34
3475	33
3476	33
3477	32
3478	31
3479	31
3480	32
3481	31
3482	31
3483	31
3484	31
3485	32
3486	32
3487	33
3488	33
3489	33
3490	34
3491	33
3492	33
3493	34
3494	34
3495	34
3496	34
3497	33
3498	34
3499	34
3500	34
3501	34
3502	34
3503	34
3504	34
3505	35
3506	36
3507	37
3508	37
3509	36
3510	35
3511	35
3512	35
3513	35
3514	35
3515	36
3516	36
3517	36
3518	36
3519	36
3520	36
3521	36
3522	36
3523	36
3524	35
3525	34
3526	34
3527	36
3528	36
3529	35
3530	36
3531	36
3532	36
3533	36
3534	36
3535	36
3536	36
3537	36
3538	37
3539	38
3540	39
3541	39
3542	39
3543	39
3544	40
3545	40
3546	40
3547	39
3548	39
3549	39
3550	40
3551	40
3552	38
3553	38
3554	38
3555	38
3556	38
3557	37
3558	37
3559	37
3560	37
3561	36
3562	36
3563	36
3564	37
3565	37
3566	37
3567	37
3568	37
3569	38
3570	38
3571	39
3572	39
3573	40
3574	40
3575	40
3576	40
3577	41
3578	40
3579	40
3580	39
3581	38
3582	38
3583	38
3584	38
3585	38
3586	38
3587	38
3588	38
3589	38
3590	37
3591	37
3592	38
3593	38
3594	37
3595	35
3596	35
3597	38
3598	37
3599	37
3600	37
3601	37
3602	38
3603	38
3604	38
3605	39
3606	37
3607	37
3608	40
3609	40
3610	39
3611	39
3612	39
3613	37
3614	37
3615	36
3616	37
3617	38
3618	38
3619	38
3620	38
3621	37
3622	38
3623	38
3624	39
3625	40
3626	40
3627	40
3628	40
3629	40
3630	40
3631	40
3632	40
3633	39
3634	39
3635	40
3636	40
3637	40
3638	40
3639	41
3640	41
3641	41
3642	41
3643	41
3644	41
3645	41
3646	40
3647	40
3648	39
3649	39
3650	38
3651	38
3652	38
3653	38
3654	39
3655	38
3656	39
3657	38
3658	37
3659	37
3660	37
3661	36
3662	36
3663	36
3664	36
3665	35
3666	36
3667	36
3668	36
3669	36
3670	36
3671	36
3672	36
3673	36
3674	36
3675	36
3676	37
3677	37
3678	37
3679	37
3680	38
3681	38
3682	38
3683	38
3684	39
3685	39
3686	39
3687	41
3688	41
3689	41
3690	40
3691	40
3692	38
3693	38
3694	38
3695	38
3696	39
3697	38
3698	38
3699	38
3700	38
3701	38
3702	38
3703	38
3704	38
3705	39
3706	39
3707	39
3708	39
3709	40
3710	39
3711	39
3712	38
3713	38
3714	38
3715	38
3716	38
3717	39
3718	38
3719	38
3720	37
3721	36
3722	36
3723	36
3724	36
3725	35
3726	35
3727	35
3728	36
3729	36
3730	36
3731	35
3732	36
3733	36
3734	37
3735	36
3736	36
3737	37
3738	36
3739	36
3740	36
3741	37
3742	37
3743	38
3744	39
3745	38
3746	38
3747	37
3748	37
3749	37
3750	38
3751	38
3752	38
3753	37
3754	37
3755	36
3756	36
3757	36
3758	36
3759	36
3760	36
3761	36
3762	35
3763	35
3764	36
3765	36
3766	37
3767	37
3768	38
3769	38
3770	38
3771	39
3772	40
3773	41
3774	41
3775	41
3776	42
3777	42
3778	42
3779	42
3780	42
3781	42
3782	42
3783	41
3784	41
3785	42
3786	42
3787	42
3788	42
3789	41
3790	40
3791	39
3792	39
3793	40
3794	40
3795	39
3796	39
3797	39
3798	39
3799	39
3800	39
3801	39
3802	39
3803	37
3804	37
3805	36
3806	38
3807	37
3808	37
3809	37
3810	37
3811	38
3812	38
3813	38
3814	38
3815	38
3816	38
3817	39
3818	39
3819	39
3820	39
3821	38
3822	38
3823	38
3824	38
3825	38
3826	37
3827	36
3828	37
3829	38
3830	38
3831	37
3832	37
3833	36
3834	35
3835	35
3836	35
3837	35
3838	35
3839	36
3840	36
3841	36
3842	35
3843	35
3844	35
3845	35
3846	35
3847	35
3848	35
3849	35
3850	36
3851	36
3852	36
3853	36
3854	36
3855	37
3856	37
3857	37
3858	37
3859	36
3860	36
3861	36
3862	36
3863	36
3864	38
3865	38
3866	38
3867	38
3868	38
3869	38
3870	38
3871	38
3872	39
3873	39
3874	39
3875	39
3876	38
3877	38
3878	38
3879	37
3880	37
3881	37
3882	37
3883	37
3884	37
3885	36
3886	36
3887	35
3888	35
3889	35
3890	35
3891	35
3892	35
3893	35
3894	34
3895	34
3896	34
3897	34
3898	35
3899	37
3900	39
3901	40
3902	40
3903	40
3904	40
3905	40
3906	40
3907	41
3908	41
3909	42
3910	42
3911	42
3912	42
3913	43
3914	43
3915	43
3916	42
3917	42
3918	41
3919	42
3920	42
3921	43
3922	43
3923	43
3924	43
3925	43
3926	43
3927	43
3928	43
3929	41
3930	42
3931	40
3932	39
3933	39
3934	39
3935	39
3936	39
3937	39
3938	38
3939	38
3940	38
3941	38
3942	39
3943	38
3944	37
3945	36
3946	36
3947	37
3948	37
3949	37
3950	37
3951	37
3952	37
3953	38
3954	39
3955	39
3956	40
3957	40
3958	41
3959	40
3960	40
3961	40
3962	39
3963	39
3964	38
3965	38
3966	38
3967	37
3968	36
3969	35
3970	35
3971	34
3972	33
3973	33
3974	32
3975	32
3976	33
3977	32
3978	32
3979	33
3980	33
3981	34
3982	35
3983	35
3984	35
3985	35
3986	36
3987	36
3988	36
3989	34
3990	34
3991	34
3992	34
3993	34
3994	34
3995	34
3996	34
3997	34
3998	33
3999	33
4000	33
4001	33
4002	33
4003	35
4004	35
4005	35
4006	34
4007	34
4008	33
4009	34
4010	34
4011	34
4012	34
4013	34
4014	34
4015	34
4016	35
4017	35
4018	34
4019	33
4020	33
4021	33
4022	33
4023	34
4024	34
4025	34
4026	34
4027	34
4028	35
4029	35
4030	36
4031	36
4032	36
4033	35
4034	34
4035	33
4036	34
4037	34
4038	35
4039	35
4040	35
4041	34
4042	33
4043	33
4044	33
4045	33
4046	33
4047	34
4048	34
4049	34
4050	35
4051	35
4052	35
4053	34
4054	34
4055	34
4056	34
4057	34
4058	34
4059	34
4060	34
4061	34
4062	34
4063	34
4064	34
4065	34
4066	34
4067	34
4068	33
4069	32
4070	32
4071	31
4072	31
4073	31
4074	31
4075	31
4076	32
4077	32
4078	32
4079	32
4080	32
4081	32
4082	33
4083	32
4084	32
4085	32
4086	32
4087	32
4088	32
4089	31
4090	31
4091	32
4092	32
4093	32
4094	31
4095	32
4096	32
4097	32
4098	32
4099	32
4100	33
4101	34
4102	35
4103	35
4104	34
4105	34
4106	33
4107	34
4108	35
4109	34
4110	34
4111	35
4112	35
4113	35
4114	35
4115	34
4116	34
4117	34
4118	34
4119	34
4120	33
4121	33
4122	33
4123	33
4124	33
4125	32
4126	32
4127	34
4128	34
4129	34
4130	35
4131	35
4132	36
4133	37
4134	37
4135	37
4136	37
4137	37
4138	37
4139	35
4140	36
4141	35
4142	34
4143	35
4144	34
4145	34
4146	34
4147	34
4148	34
4149	34
4150	34
4151	34
4152	34
4153	34
4154	34
4155	35
4156	35
4157	34
4158	33
4159	33
4160	33
4161	33
4162	32
4163	32
4164	31
4165	31
4166	31
4167	32
4168	32
4169	32
4170	31
4171	32
4172	32
4173	31
4174	30
4175	32
4176	33
4177	33
4178	33
4179	33
4180	33
4181	33
4182	33
4183	33
4184	33
4185	32
4186	32
4187	32
4188	32
4189	32
4190	32
4191	32
4192	32
4193	32
4194	32
4195	32
4196	32
4197	32
4198	32
4199	32
4200	32
4201	32
4202	32
4203	32
4204	32
4205	32
4206	32
4207	31
4208	31
4209	31
4210	30
4211	29
4212	29
4213	29
4214	29
4215	29
4216	29
4217	29
4218	29
4219	28
4220	28
4221	28
4222	28
4223	29
4224	29
4225	29
4226	29
4227	29
4228	29
4229	28
4230	29
4231	29
4232	29
4233	29
4234	29
4235	29
4236	29
4237	31
4238	31
4239	32
4240	32
4241	33
4242	33
4243	34
4244	33
4245	32
4246	33
4247	32
4248	32
4249	31
4250	32
4251	32
4252	32
4253	32
4254	32
4255	32
4256	31
4257	31
4258	32
4259	33
4260	33
4261	33
4262	34
4263	34
4264	34
4265	34
4266	34
4267	37
4268	37
4269	37
4270	37
4271	38
4272	38
4273	38
4274	38
4275	38
4276	38
4277	39
4278	38
4279	36
4280	36
4281	35
4282	35
4283	34
4284	34
4285	34
4286	35
4287	35
4288	35
4289	35
4290	35
4291	35
4292	35
4293	36
4294	36
4295	37
4296	37
4297	37
4298	37
4299	37
4300	37
4301	37
4302	37
4303	37
4304	37
4305	37
4306	38
4307	38
4308	38
4309	38
4310	37
4311	38
4312	38
4313	38
4314	37
4315	36
4316	36
4317	36
4318	37
4319	37
4320	37
4321	37
4322	37
4323	37
4324	36
4325	36
4326	37
4327	38
4328	39
4329	38
4330	38
4331	38
4332	38
4333	38
4334	38
4335	38
4336	38
4337	38
4338	38
4339	38
4340	38
4341	38
4342	38
4343	39
4344	40
4345	40
4346	40
4347	40
4348	39
4349	39
4350	39
4351	38
4352	40
4353	40
4354	42
4355	42
4356	42
4357	42
4358	42
4359	41
4360	41
4361	40
4362	40
4363	40
4364	40
4365	40
4366	40
4367	40
4368	40
4369	40
4370	40
4371	40
4372	40
4373	40
4374	40
4375	39
4376	39
4377	39
4378	39
4379	39
4380	41
4381	41
4382	41
4383	41
4384	41
4385	41
4386	41
4387	41
4388	42
4389	42
4390	42
4391	41
4392	41
4393	41
4394	42
4395	42
4396	43
4397	43
4398	43
4399	43
4400	43
4401	43
4402	43
4403	43
4404	43
4405	43
4406	43
4407	45
4408	45
4409	46
4410	48
4411	47
4412	47
4413	47
4414	47
4415	47
4416	47
4417	47
4418	47
4419	45
4420	46
4421	45
4422	45
4423	45
4424	45
4425	45
4426	45
4427	44
4428	44
4429	44
4430	44
4431	45
4432	46
4433	46
4434	46
4435	46
4436	46
4437	46
4438	45
4439	45
4440	45
4441	46
4442	46
4443	46
4444	47
4445	47
4446	47
4447	47
4448	46
4449	46
4450	46
4451	46
4452	47
4453	48
4454	49
4455	49
4456	48
4457	48
4458	48
4459	47
4460	48
4461	47
4462	46
4463	46
4464	45
4465	45
4466	45
4467	45
4468	45
4469	45
4470	46
4471	46
4472	46
4473	46
4474	46
4475	46
4476	46
4477	47
4478	47
4479	47
4480	46
4481	47
4482	47
4483	48
4484	48
4485	48
4486	48
4487	48
4488	50
4489	50
4490	51
4491	50
4492	50
4493	50
4494	50
4495	50
4496	50
4497	50
4498	50
4499	50
4500	50
4501	50
4502	50
4503	50
4504	49
4505	49
4506	49
4507	50
4508	48
4509	49
4510	49
4511	49
4512	50
4513	49
4514	49
4515	49
4516	48
4517	48
4518	48
4519	47
4520	47
4521	47
4522	47
4523	47
4524	46
4525	46
4526	46
4527	48
4528	47
4529	48
4530	48
4531	48
4532	47
4533	48
4534	48
4535	49
4536	49
4537	49
4538	49
4539	49
4540	49
4541	50
4542	50
4543	50
4544	50
4545	51
4546	51
4547	51
4548	52
4549	52
4550	51
4551	51
4552	51
4553	51
4554	51
4555	51
4556	51
4557	51
4558	50
4559	50
4560	50
4561	50
4562	50
4563	50
4564	50
4565	50
4566	50
4567	50
4568	50
4569	50
4570	49
4571	49
4572	49
4573	49
4574	50
4575	50
4576	50
4577	47
4578	47
4579	47
4580	47
4581	47
4582	46
4583	46
4584	47
4585	48
4586	48
4587	48
4588	48
4589	48
4590	47
4591	47
4592	47
4593	47
4594	46
4595	47
4596	46
4597	45
4598	45
4599	45
4600	45
4601	44
4602	43
4603	42
4604	42
4605	42
4606	41
4607	40
4608	39
4609	39
4610	39
4611	39
4612	39
4613	37
4614	38
4615	38
4616	38
4617	39
4618	41
4619	41
4620	41
4621	42
4622	43
4623	43
4624	43
4625	43
4626	43
4627	42
4628	41
4629	41
4630	41
4631	41
4632	41
4633	41
4634	41
4635	41
4636	39
4637	39
4638	38
4639	38
4640	38
4641	37
4642	39
4643	39
4644	41
4645	41
4646	41
4647	43
4648	43
4649	43
4650	44
4651	45
4652	44
4653	44
4654	43
4655	43
4656	43
4657	44
4658	44
4659	44
4660	43
4661	43
4662	43
4663	43
4664	40
4665	40
4666	42
4667	42
4668	41
4669	41
4670	39
4671	39
4672	41
4673	42
4674	43
4675	42
4676	42
4677	42
4678	42
4679	42
4680	42
4681	43
4682	43
4683	44
4684	44
4685	44
4686	44
4687	44
4688	45
4689	45
4690	45
4691	45
4692	45
4693	46
4694	47
4695	47
4696	47
4697	48
4698	47
4699	46
4700	45
4701	43
4702	43
4703	43
4704	42
4705	42
4706	42
4707	42
4708	42
4709	43
4710	44
4711	43
4712	42
4713	41
4714	41
4715	41
4716	41
4717	39
4718	39
4719	39
4720	38
4721	38
4722	37
4723	37
4724	36
4725	37
4726	38
4727	38
4728	40
4729	40
4730	41
4731	41
4732	41
4733	42
4734	42
4735	46
4736	46
4737	46
4738	46
4739	45
4740	45
4741	46
4742	45
4743	46
4744	46
4745	46
4746	46
4747	46
4748	46
4749	46
4750	45
4751	45
4752	45
4753	45
4754	45
4755	45
4756	45
4757	45
4758	45
4759	45
4760	45
4761	45
4762	45
4763	45
4764	45
4765	46
4766	46
4767	45
4768	45
4769	45
4770	45
4771	44
4772	44
4773	44
4774	43
4775	43
4776	43
4777	43
4778	42
4779	41
4780	41
4781	40
4782	40
4783	40
4784	40
4785	40
4786	40
4787	40
4788	40
4789	40
4790	40
4791	40
4792	40
4793	40
4794	41
4795	40
4796	40
4797	40
4798	39
4799	40
4800	40
4801	40
4802	40
4803	40
4804	39
4805	41
4806	41
4807	41
4808	42
4809	42
4810	43
4811	43
4812	43
4813	43
4814	44
4815	44
4816	44
4817	44
4818	45
4819	45
4820	45
4821	45
4822	45
4823	45
4824	45
4825	43
4826	43
4827	42
4828	42
4829	42
4830	41
4831	42
4832	42
4833	41
4834	41
4835	41
4836	41
4837	41
4838	40
4839	39
4840	38
4841	36
4842	37
4843	36
4844	35
4845	33
4846	33
4847	33
4848	32
4849	32
4850	31
4851	32
4852	32
4853	32
4854	32
4855	32
4856	32
4857	32
4858	32
4859	31
4860	32
4861	33
4862	34
4863	34
4864	35
4865	35
4866	35
4867	35
4868	35
4869	36
4870	36
4871	36
4872	35
4873	35
4874	34
4875	33
4876	33
4877	33
4878	33
4879	33
4880	34
4881	34
4882	34
4883	34
4884	34
4885	33
4886	34
4887	35
4888	36
4889	36
4890	37
4891	37
4892	37
4893	36
4894	36
4895	36
4896	36
4897	37
4898	38
4899	39
4900	39
4901	39
4902	39
4903	39
4904	38
4905	38
4906	38
4907	38
4908	40
4909	39
4910	42
4911	40
4912	40
4913	40
4914	41
4915	42
4916	43
4917	43
4918	44
4919	44
4920	44
4921	43
4922	43
4923	43
4924	43
4925	43
4926	43
4927	43
4928	43
4929	42
4930	42
4931	42
4932	42
4933	42
4934	41
4935	41
4936	41
4937	40
4938	40
4939	40
4940	40
4941	41
4942	41
4943	42
4944	42
4945	42
4946	42
4947	43
4948	43
4949	43
4950	42
4951	42
4952	41
4953	41
4954	42
4955	42
4956	42
4957	42
4958	42
4959	42
4960	42
4961	42
4962	43
4963	42
4964	42
4965	42
4966	42
4967	44
4968	45
4969	46
4970	46
4971	46
4972	46
4973	46
4974	47
4975	47
4976	47
4977	48
4978	48
4979	48
4980	49
4981	49
4982	48
4983	50
4984	50
4985	49
4986	50
4987	50
4988	51
4989	50
4990	50
4991	50
4992	50
4993	52
4994	51
4995	51
4996	51
4997	50
4998	49
4999	49
5000	49
5001	48
5002	49
5003	49
5004	49
5005	49
5006	48
5007	46
5008	46
5009	46
5010	46
5011	46
5012	47
5013	47
5014	47
5015	47
5016	47
5017	47
5018	47
5019	47
5020	47
5021	47
5022	46
5023	46
5024	46
5025	45
5026	45
5027	44
5028	44
5029	44
5030	44
5031	44
5032	45
5033	45
5034	45
5035	45
5036	45
5037	45
5038	45
5039	45
5040	45
5041	44
5042	44
5043	44
5044	44
5045	44
5046	45
5047	46
5048	45
5049	45
5050	45
5051	44
5052	43
5053	44
5054	43
5055	43
5056	43
5057	44
5058	44
5059	44
5060	44
5061	45
5062	45
5063	45
5064	45
5065	45
5066	45
5067	45
5068	45
5069	46
5070	46
5071	46
5072	46
5073	47
5074	49
5075	50
5076	50
5077	51
5078	50
5079	50
5080	50
5081	50
5082	51
5083	51
5084	47
5085	47
5086	46
5087	46
5088	46
5089	47
5090	48
5091	49
5092	49
5093	49
5094	48
5095	48
5096	48
5097	50
5098	50
5099	50
5100	50
5101	50
5102	50
5103	50
5104	50
5105	50
5106	51
5107	51
5108	52
5109	52
5110	52
5111	53
5112	53
5113	53
5114	53
5115	53
5116	53
5117	53
5118	54
5119	52
5120	52
5121	52
5122	51
5123	51
5124	52
5125	51
5126	52
5127	53
5128	53
5129	52
5130	52
5131	52
5132	53
5133	54
5134	54
5135	53
5136	53
5137	51
5138	51
5139	51
5140	51
5141	51
5142	51
5143	52
5144	52
5145	52
5146	52
5147	52
5148	52
5149	52
5150	52
5151	52
5152	52
5153	51
5154	51
5155	51
5156	49
5157	50
5158	49
5159	49
5160	49
5161	48
5162	46
5163	46
5164	47
5165	47
5166	47
5167	48
5168	48
5169	48
5170	49
5171	49
5172	48
5173	48
5174	47
5175	47
5176	48
5177	48
5178	50
5179	50
5180	49
5181	50
5182	50
5183	51
5184	51
5185	51
5186	51
5187	51
5188	51
5189	52
5190	52
5191	52
5192	52
5193	52
5194	52
5195	52
5196	53
5197	53
5198	53
5199	54
5200	56
5201	56
5202	56
5203	56
5204	55
5205	53
5206	56
5207	55
5208	55
5209	55
5210	55
5211	55
5212	54
5213	54
5214	54
5215	54
5216	55
5217	55
5218	56
5219	56
5220	56
5221	55
5222	55
5223	55
5224	53
5225	54
5226	53
5227	53
5228	53
5229	52
5230	51
5231	50
5232	50
5233	51
5234	51
5235	51
5236	53
5237	53
5238	55
5239	55
5240	55
5241	55
5242	55
5243	55
5244	55
5245	55
5246	55
5247	55
5248	57
5249	56
5250	56
5251	56
5252	56
5253	56
5254	56
5255	56
5256	56
5257	56
5258	56
5259	55
5260	55
5261	54
5262	53
5263	53
5264	53
5265	53
5266	51
5267	51
5268	51
5269	51
5270	51
5271	51
5272	51
5273	52
5274	52
5275	52
5276	51
5277	51
5278	50
5279	50
5280	50
5281	50
5282	51
5283	51
5284	51
5285	51
5286	52
5287	54
5288	56
5289	55
5290	56
5291	57
5292	57
5293	54
5294	54
5295	54
5296	52
5297	50
5298	48
5299	48
5300	48
5301	48
5302	49
5303	50
5304	50
5305	51
5306	51
5307	51
5308	53
5309	52
5310	51
5311	51
5312	50
5313	50
5314	48
5315	48
5316	48
5317	49
5318	49
5319	49
5320	49
5321	49
5322	49
5323	49
5324	49
5325	49
5326	49
5327	50
5328	50
5329	48
5330	48
5331	47
5332	47
5333	48
5334	47
5335	47
5336	48
5337	48
5338	47
5339	48
5340	48
5341	47
5342	47
5343	46
5344	46
5345	47
5346	47
5347	48
5348	48
5349	50
5350	52
5351	52
5352	51
5353	51
5354	52
5355	52
5356	53
5357	53
5358	53
5359	53
5360	53
5361	53
5362	52
5363	51
5364	49
5365	48
5366	45
5367	46
5368	47
5369	47
5370	47
5371	47
5372	48
5373	49
5374	49
5375	49
5376	49
5377	49
5378	49
5379	49
5380	50
5381	50
5382	50
5383	50
5384	50
5385	50
5386	49
5387	49
5388	49
5389	49
5390	49
5391	48
5392	49
5393	48
5394	48
5395	47
5396	47
5397	46
5398	47
5399	45
5400	45
5401	46
5402	45
5403	45
5404	45
5405	45
5406	45
5407	46
5408	45
5409	45
5410	45
5411	45
5412	45
5413	45
5414	44
5415	44
5416	44
5417	44
5418	45
5419	45
5420	45
5421	45
5422	45
5423	46
5424	47
5425	47
5426	47
5427	48
5428	48
5429	48
5430	49
5431	49
5432	49
5433	49
5434	48
5435	47
5436	46
5437	46
5438	46
5439	46
5440	47
5441	47
5442	47
5443	46
5444	46
5445	46
5446	46
5447	46
5448	47
5449	47
5450	47
5451	47
5452	47
5453	47
5454	48
5455	49
5456	49
5457	49
5458	49
5459	49
5460	49
5461	49
5462	50
5463	50
5464	51
5465	51
5466	51
5467	51
5468	50
5469	49
5470	49
5471	49
5472	49
5473	49
5474	50
5475	51
5476	53
5477	53
5478	53
5479	54
5480	56
5481	56
5482	56
5483	56
5484	56
5485	57
5486	57
5487	57
5488	56
5489	56
5490	55
5491	54
5492	54
5493	53
5494	54
5495	55
5496	55
5497	56
5498	56
5499	57
5500	57
5501	58
5502	58
5503	58
5504	57
5505	58
5506	56
5507	55
5508	55
5509	53
5510	53
5511	54
5512	54
5513	54
5514	54
5515	54
5516	54
5517	54
5518	54
5519	54
5520	53
5521	52
5522	52
5523	52
5524	53
5525	53
5526	53
5527	53
5528	55
5529	56
5530	56
5531	56
5532	56
5533	56
5534	56
5535	56
5536	56
5537	57
5538	59
5539	59
5540	58
5541	58
5542	59
5543	59
5544	59
5545	59
5546	57
5547	57
5548	56
5549	55
5550	55
5551	55
5552	55
5553	55
5554	55
5555	55
5556	55
5557	56
5558	57
5559	58
5560	56
5561	56
5562	54
5563	54
5564	55
5565	54
5566	54
5567	54
5568	54
5569	54
5570	53
5571	52
5572	53
5573	53
5574	53
5575	54
5576	54
5577	53
5578	53
5579	53
5580	53
5581	56
5582	56
5583	54
5584	54
5585	54
5586	53
5587	53
5588	54
5589	54
5590	54
5591	52
5592	52
5593	52
5594	53
5595	55
5596	55
5597	56
5598	55
5599	55
5600	55
5601	54
5602	54
5603	54
5604	53
5605	53
5606	52
5607	52
5608	53
5609	53
5610	53
5611	53
5612	53
5613	54
5614	53
5615	53
5616	53
5617	53
5618	53
5619	53
5620	53
5621	53
5622	53
5623	53
5624	53
5625	53
5626	53
5627	53
5628	53
5629	52
5630	52
5631	52
5632	52
5633	52
5634	52
5635	51
5636	51
5637	51
5638	52
5639	52
5640	53
5641	53
5642	54
5643	55
5644	54
5645	54
5646	53
5647	54
5648	53
5649	54
5650	53
5651	53
5652	53
5653	52
5654	53
5655	53
5656	53
5657	54
5658	56
5659	56
5660	56
5661	56
5662	56
5663	57
5664	57
5665	57
5666	58
5667	59
5668	59
5669	60
5670	60
5671	60
5672	60
5673	60
5674	60
5675	61
5676	61
5677	61
5678	60
5679	59
5680	59
5681	59
5682	58
5683	58
5684	58
5685	57
5686	57
5687	57
5688	60
5689	60
5690	60
5691	60
5692	60
5693	59
5694	59
5695	60
5696	59
5697	59
5698	58
5699	58
5700	58
5701	59
5702	58
5703	58
5704	56
5705	56
5706	56
5707	55
5708	55
5709	55
5710	54
5711	54
5712	54
5713	54
5714	54
5715	54
5716	56
5717	57
5718	57
5719	57
5720	57
5721	56
5722	55
5723	55
5724	55
5725	54
5726	54
5727	54
5728	55
5729	55
5730	54
5731	54
5732	54
5733	54
5734	55
5735	55
5736	55
5737	55
5738	55
5739	54
5740	54
5741	54
5742	54
5743	54
5744	54
5745	54
5746	54
5747	55
5748	56
5749	58
5750	57
5751	57
5752	56
5753	56
5754	55
5755	55
5756	55
5757	55
5758	55
5759	56
5760	56
5761	57
5762	56
5763	56
5764	56
5765	57
5766	57
5767	57
5768	56
5769	57
5770	57
5771	57
5772	57
5773	57
5774	57
5775	57
5776	57
5777	57
5778	57
5779	56
5780	55
5781	54
5782	54
5783	53
5784	52
5785	51
5786	50
5787	48
5788	46
5789	46
5790	46
5791	45
5792	44
5793	45
5794	44
5795	46
5796	46
5797	45
5798	47
5799	47
5800	48
5801	46
5802	45
5803	44
5804	44
5805	43
5806	43
5807	44
5808	44
5809	44
5810	45
5811	45
5812	45
5813	45
5814	45
5815	45
5816	47
5817	47
5818	47
5819	46
5820	46
5821	45
5822	45
5823	44
5824	44
5825	44
5826	44
5827	44
5828	44
5829	44
5830	44
5831	44
5832	44
5833	44
5834	45
5835	45
5836	44
5837	44
5838	44
5839	44
5840	44
5841	44
5842	44
5843	44
5844	45
5845	44
5846	44
5847	44
5848	44
5849	44
5850	44
5851	43
5852	41
5853	41
5854	40
5855	39
5856	39
5857	40
5858	39
5859	39
5860	39
5861	39
5862	39
5863	39
5864	39
5865	40
5866	41
5867	40
5868	40
5869	40
5870	40
5871	40
5872	40
5873	39
5874	39
5875	38
5876	38
5877	37
5878	37
5879	38
5880	38
5881	39
5882	39
5883	40
5884	41
5885	41
5886	41
5887	42
5888	43
5889	42
5890	42
5891	42
5892	42
5893	43
5894	42
5895	41
5896	42
5897	43
5898	42
5899	42
5900	42
5901	42
5902	41
5903	41
5904	41
5905	40
5906	40
5907	40
5908	41
5909	41
5910	41
5911	40
5912	40
5913	40
5914	39
5915	38
5916	39
5917	39
5918	38
5919	38
5920	38
5921	38
5922	37
5923	36
5924	37
5925	37
5926	37
5927	39
5928	40
5929	40
5930	41
5931	40
5932	42
5933	42
5934	42
5935	42
5936	42
5937	42
5938	43
5939	43
5940	43
5941	44
5942	44
5943	43
5944	43
5945	43
5946	43
5947	43
5948	44
5949	43
5950	43
5951	43
5952	44
5953	44
5954	44
5955	44
5956	44
5957	44
5958	44
5959	44
5960	44
5961	44
5962	45
5963	46
5964	46
5965	46
5966	46
5967	46
5968	46
5969	45
5970	46
5971	47
5972	47
5973	47
5974	47
5975	47
5976	47
5977	47
5978	49
5979	49
5980	50
5981	49
5982	49
5983	50
5984	50
5985	51
5986	51
5987	51
5988	51
5989	51
5990	51
5991	51
5992	51
5993	51
5994	50
5995	50
5996	50
5997	51
5998	51
5999	49
6000	49
6001	49
6002	49
6003	49
6004	49
6005	49
6006	49
6007	48
6008	47
6009	47
6010	47
6011	47
6012	47
6013	48
6014	48
6015	49
6016	50
6017	50
6018	51
6019	51
6020	51
6021	51
6022	52
6023	52
6024	52
6025	52
6026	52
6027	53
6028	53
6029	53
6030	52
6031	52
6032	52
6033	52
6034	52
6035	51
6036	52
6037	50
6038	50
6039	51
6040	51
6041	51
6042	51
6043	51
6044	51
6045	50
6046	48
6047	48
6048	47
6049	47
6050	47
6051	48
6052	48
6053	50
6054	50
6055	49
6056	49
6057	49
6058	49
6059	49
6060	49
6061	49
6062	50
6063	50
6064	50
6065	49
6066	49
6067	47
6068	47
6069	47
6070	48
6071	48
6072	47
6073	48
6074	47
6075	47
6076	46
6077	46
6078	46
6079	46
6080	46
6081	46
6082	46
6083	47
6084	47
6085	47
6086	48
6087	49
6088	49
6089	49
6090	49
6091	49
6092	49
6093	48
6094	47
6095	47
6096	46
6097	46
6098	46
6099	45
6100	45
6101	45
6102	45
6103	45
6104	45
6105	45
6106	44
6107	44
6108	44
6109	44
6110	44
6111	45
6112	45
6113	44
6114	44
6115	44
6116	44
6117	43
6118	43
6119	43
6120	45
6121	45
6122	44
6123	44
6124	44
6125	44
6126	45
6127	45
6128	44
6129	45
6130	45
6131	45
6132	45
6133	45
6134	45
6135	45
6136	45
6137	46
6138	46
6139	47
6140	46
6141	46
6142	46
6143	45
6144	46
6145	45
6146	45
6147	45
6148	46
6149	46
6150	46
6151	46
6152	46
6153	46
6154	45
6155	45
6156	45
6157	46
6158	46
6159	46
6160	46
6161	46
6162	46
6163	46
6164	45
6165	45
6166	44
6167	44
6168	42
6169	42
6170	42
6171	41
6172	41
6173	42
6174	42
6175	41
6176	41
6177	42
6178	42
6179	43
6180	43
6181	43
6182	43
6183	43
6184	43
6185	43
6186	43
6187	43
6188	43
6189	43
6190	43
6191	43
6192	42
6193	42
6194	41
6195	42
6196	41
6197	41
6198	41
6199	41
6200	41
6201	41
6202	41
6203	40
6204	40
6205	41
6206	40
6207	39
6208	38
6209	38
6210	37
6211	37
6212	37
6213	37
6214	36
6215	36
6216	35
6217	35
6218	35
6219	35
6220	35
6221	35
6222	33
6223	33
6224	33
6225	34
6226	34
6227	34
6228	34
6229	34
6230	34
6231	34
6232	34
6233	34
6234	34
6235	34
6236	35
6237	35
6238	35
6239	34
6240	34
6241	34
6242	34
6243	34
6244	34
6245	34
6246	34
6247	35
6248	35
6249	35
6250	36
6251	36
6252	36
6253	37
6254	37
6255	36
6256	36
6257	35
6258	35
6259	35
6260	35
6261	35
6262	35
6263	35
6264	35
6265	35
6266	35
6267	35
6268	35
6269	34
6270	34
6271	33
6272	33
6273	33
6274	32
6275	32
6276	32
6277	32
6278	31
6279	31
6280	31
6281	31
6282	30
6283	30
6284	31
6285	31
6286	31
6287	31
6288	31
6289	31
6290	30
6291	30
6292	30
6293	30
6294	30
6295	30
6296	30
6297	30
6298	30
6299	30
6300	30
6301	30
6302	30
6303	30
6304	30
6305	30
6306	30
6307	30
6308	30
6309	30
6310	28
6311	28
6312	28
6313	28
6314	28
6315	28
6316	29
6317	29
6318	29
6319	30
6320	29
6321	30
6322	30
6323	29
6324	29
6325	29
6326	29
6327	29
6328	29
6329	29
6330	29
6331	29
6332	30
6333	31
6334	31
6335	32
6336	32
6337	33
6338	33
6339	33
6340	33
6341	33
6342	33
6343	33
6344	31
6345	30
6346	30
6347	30
6348	30
6349	30
6350	30
6351	29
6352	29
6353	29
6354	31
6355	31
6356	31
6357	31
6358	31
6359	31
6360	31
6361	31
6362	32
6363	32
6364	32
6365	31
6366	31
6367	31
6368	31
6369	31
6370	31
6371	31
6372	31
6373	31
6374	31
6375	33
6376	33
6377	33
6378	33
6379	33
6380	33
6381	33
6382	33
6383	33
6384	33
6385	33
6386	35
6387	35
6388	35
6389	35
6390	34
6391	34
6392	32
6393	32
6394	31
6395	30
6396	30
6397	30
6398	30
6399	29
6400	30
6401	30
6402	30
6403	30
6404	30
6405	30
6406	31
6407	32
6408	34
6409	34
6410	34
6411	35
6412	36
6413	36
6414	36
6415	36
6416	34
6417	33
6418	34
6419	35
6420	35
6421	35
6422	35
6423	35
6424	35
6425	35
6426	35
6427	35
6428	35
6429	35
6430	35
6431	35
6432	34
6433	35
6434	35
6435	35
6436	35
6437	34
6438	33
6439	31
6440	32
6441	32
6442	32
6443	32
6444	32
6445	31
6446	31
6447	31
6448	30
6449	28
6450	27
6451	27
6452	27
6453	27
6454	27
6455	27
6456	27
6457	26
6458	25
6459	25
6460	25
6461	25
6462	27
6463	27
6464	26
6465	26
6466	26
6467	26
6468	27
6469	27
6470	27
6471	27
6472	27
6473	27
6474	27
6475	27
6476	28
6477	28
6478	28
6479	28
6480	28
6481	28
6482	28
6483	28
6484	28
6485	28
6486	28
6487	28
6488	30
6489	29
6490	31
6491	31
6492	31
6493	32
6494	32
6495	32
6496	32
6497	32
6498	33
6499	32
6500	32
6501	32
6502	32
6503	33
6504	33
6505	34
6506	34
6507	34
6508	34
6509	34
6510	35
6511	35
6512	35
6513	36
6514	35
6515	36
6516	37
6517	37
6518	37
6519	37
6520	37
6521	37
6522	36
6523	36
6524	36
6525	36
6526	36
6527	36
6528	37
6529	37
6530	37
6531	37
6532	38
6533	38
6534	37
6535	37
6536	37
6537	37
6538	36
6539	35
6540	35
6541	36
6542	36
6543	36
6544	36
6545	36
6546	38
6547	38
6548	38
6549	38
6550	38
6551	38
6552	38
6553	38
6554	38
6555	37
6556	38
6557	39
6558	39
6559	38
6560	37
6561	37
6562	37
6563	37
6564	38
6565	38
6566	38
6567	38
6568	38
6569	38
6570	38
6571	38
6572	38
6573	38
6574	38
6575	38
6576	38
6577	38
6578	38
6579	38
6580	38
6581	38
6582	38
6583	38
6584	38
6585	38
6586	39
6587	39
6588	39
6589	39
6590	38
6591	38
6592	38
6593	38
6594	39
6595	38
6596	38
6597	38
6598	38
6599	38
6600	38
6601	38
6602	37
6603	37
6604	37
6605	36
6606	36
6607	36
6608	35
6609	35
6610	35
6611	35
6612	36
6613	36
6614	36
6615	36
6616	36
6617	36
6618	37
6619	37
6620	37
6621	38
6622	39
6623	40
6624	40
6625	40
6626	41
6627	41
6628	40
6629	41
6630	41
6631	40
6632	40
6633	40
6634	40
6635	40
6636	40
6637	39
6638	39
6639	38
6640	38
6641	37
6642	37
6643	37
6644	37
6645	37
6646	38
6647	38
6648	38
6649	38
6650	38
6651	37
6652	37
6653	38
6654	39
6655	38
6656	38
6657	38
6658	37
6659	36
6660	36
6661	36
6662	35
6663	35
6664	33
6665	33
6666	34
6667	34
6668	34
6669	34
6670	34
6671	34
6672	34
6673	34
6674	34
6675	34
6676	35
6677	35
6678	35
6679	35
6680	35
6681	35
6682	34
6683	35
6684	36
6685	37
6686	37
6687	36
6688	36
6689	36
6690	35
6691	35
6692	35
6693	35
6694	34
6695	33
6696	33
6697	32
6698	32
6699	31
6700	32
6701	32
6702	33
6703	33
6704	32
6705	32
6706	31
6707	31
6708	32
6709	32
6710	32
6711	32
6712	32
6713	32
6714	32
6715	32
6716	32
6717	32
6718	32
6719	32
6720	33
6721	33
6722	33
6723	33
6724	33
6725	33
6726	33
6727	33
6728	33
6729	31
6730	30
6731	29
6732	28
6733	28
6734	28
6735	27
6736	27
6737	27
6738	26
6739	27
6740	28
6741	28
6742	28
6743	28
6744	28
6745	28
6746	28
6747	28
6748	28
6749	27
6750	27
6751	28
6752	28
6753	28
6754	28
6755	28
6756	28
6757	28
6758	28
6759	28
6760	29
6761	29
6762	30
6763	29
6764	29
6765	29
6766	29
6767	29
6768	27
6769	27
6770	27
6771	27
6772	27
6773	28
6774	28
6775	28
6776	28
6777	28
6778	27
6779	26
6780	26
6781	26
6782	25
6783	25
6784	25
6785	25
6786	25
6787	26
6788	28
6789	28
6790	28
6791	28
6792	29
6793	29
6794	29
6795	29
6796	30
6797	31
6798	32
6799	32
6800	32
6801	32
6802	32
6803	32
6804	33
6805	33
6806	32
6807	33
6808	34
6809	34
6810	34
6811	34
6812	34
6813	34
6814	35
6815	34
6816	34
6817	34
6818	34
6819	34
6820	34
6821	34
6822	34
6823	34
6824	34
6825	34
6826	34
6827	34
6828	36
6829	37
6830	37
6831	36
6832	36
6833	36
6834	35
6835	34
6836	34
6837	33
6838	32
6839	32
6840	32
6841	32
6842	32
6843	33
6844	34
6845	34
6846	34
6847	34
6848	34
6849	33
6850	33
6851	33
6852	33
6853	33
6854	33
6855	33
6856	32
6857	32
6858	32
6859	32
6860	32
6861	32
6862	32
6863	32
6864	33
6865	33
6866	33
6867	33
6868	33
6869	33
6870	33
6871	33
6872	34
6873	34
6874	34
6875	34
6876	34
6877	34
6878	33
6879	33
6880	33
6881	33
6882	33
6883	33
6884	33
6885	31
6886	31
6887	31
6888	32
6889	31
6890	31
6891	32
6892	32
6893	34
6894	34
6895	34
6896	34
6897	34
6898	35
6899	35
6900	35
6901	36
6902	36
6903	36
6904	36
6905	36
6906	36
6907	36
6908	36
6909	36
6910	36
6911	36
6912	36
6913	36
6914	36
6915	36
6916	36
6917	38
6918	38
6919	38
6920	39
6921	40
6922	40
6923	40
6924	40
6925	40
6926	40
6927	40
6928	40
6929	40
6930	40
6931	40
6932	39
6933	39
6934	39
6935	39
6936	40
6937	40
6938	40
6939	39
6940	38
6941	38
6942	38
6943	38
6944	38
6945	38
6946	38
6947	37
6948	37
6949	37
6950	38
6951	38
6952	39
6953	40
6954	41
6955	41
6956	40
6957	39
6958	39
6959	39
6960	38
6961	38
6962	38
6963	38
6964	38
6965	38
6966	39
6967	41
6968	42
6969	42
6970	42
6971	43
6972	43
6973	42
6974	42
6975	41
6976	40
6977	40
6978	40
6979	39
6980	39
6981	39
6982	39
6983	39
6984	39
6985	39
6986	40
6987	40
6988	40
6989	40
6990	40
6991	39
6992	39
6993	38
6994	38
6995	36
6996	37
6997	37
6998	37
6999	37
7000	37
7001	37
7002	36
7003	36
7004	37
7005	38
7006	39
7007	39
7008	39
7009	39
7010	39
7011	40
7012	40
7013	40
7014	40
7015	40
7016	40
7017	39
7018	39
7019	39
7020	39
7021	38
7022	38
7023	38
7024	38
7025	38
7026	38
7027	36
7028	35
7029	36
7030	36
7031	36
7032	36
7033	36
7034	36
7035	36
7036	36
7037	36
7038	36
7039	37
7040	37
7041	37
7042	37
7043	38
7044	38
7045	38
7046	38
7047	38
7048	39
7049	39
7050	39
7051	39
7052	39
7053	39
7054	39
7055	39
7056	39
7057	39
7058	39
7059	39
7060	38
7061	38
7062	39
7063	40
7064	40
7065	41
7066	41
7067	41
7068	42
7069	42
7070	42
7071	42
7072	42
7073	42
7074	42
7075	42
7076	42
7077	43
7078	43
7079	42
7080	42
7081	41
7082	41
7083	41
7084	40
7085	40
7086	41
7087	41
7088	41
7089	41
7090	41
7091	41
7092	41
7093	41
7094	41
7095	41
7096	40
7097	40
7098	41
7099	41
7100	41
7101	42
7102	42
7103	42
7104	42
7105	42
7106	42
7107	42
7108	42
7109	42
7110	42
7111	43
7112	43
7113	43
7114	43
7115	42
7116	43
7117	42
7118	42
7119	43
7120	43
7121	44
7122	44
7123	44
7124	44
7125	44
7126	43
7127	43
7128	43
7129	42
7130	41
7131	41
7132	41
7133	41
7134	41
7135	41
7136	41
7137	42
7138	42
7139	42
7140	42
7141	42
7142	42
7143	42
7144	41
7145	41
7146	41
7147	41
7148	40
7149	39
7150	39
7151	38
7152	38
7153	38
7154	38
7155	38
7156	38
7157	38
7158	38
7159	38
7160	37
7161	37
7162	36
7163	34
7164	34
7165	34
7166	34
7167	33
7168	33
7169	33
7170	33
7171	33
7172	33
7173	33
7174	33
7175	34
7176	34
7177	34
7178	34
7179	35
7180	35
7181	35
7182	36
7183	36
7184	35
7185	35
7186	36
7187	36
7188	35
7189	34
7190	34
7191	34
7192	34
7193	34
7194	34
7195	33
7196	33
7197	33
7198	33
7199	34
7200	34
7201	34
7202	34
7203	34
7204	34
7205	35
7206	35
7207	35
7208	36
7209	37
7210	37
7211	37
7212	37
7213	37
7214	37
7215	37
7216	37
7217	37
7218	37
7219	37
7220	36
7221	36
7222	37
7223	37
7224	37
7225	37
7226	36
7227	36
7228	36
7229	36
7230	36
7231	36
7232	36
7233	36
7234	37
7235	37
7236	37
7237	37
7238	37
7239	36
7240	35
7241	35
7242	35
7243	35
7244	35
7245	35
7246	35
7247	35
7248	34
7249	34
7250	33
7251	33
7252	33
7253	32
7254	31
7255	31
7256	30
7257	30
7258	29
7259	29
7260	26
7261	25
7262	24
7263	24
7264	23
7265	23
7266	23
7267	23
7268	23
7269	23
7270	23
7271	23
7272	23
7273	23
7274	22
7275	22
7276	23
7277	24
7278	24
7279	24
7280	24
7281	24
7282	24
7283	24
7284	24
7285	24
7286	25
7287	25
7288	25
7289	24
7290	24
7291	24
7292	24
7293	24
7294	24
7295	24
7296	24
7297	24
7298	24
7299	24
7300	23
7301	23
7302	23
7303	23
7304	23
7305	23
7306	23
7307	23
7308	23
7309	23
7310	23
7311	23
7312	23
7313	23
7314	23
7315	23
7316	23
7317	23
7318	23
7319	23
7320	23
7321	22
7322	22
7323	22
7324	20
7325	20
7326	20
7327	20
7328	19
7329	19
7330	19
7331	19
7332	19
7333	19
7334	19
7335	20
7336	20
7337	19
7338	18
7339	18
7340	17
7341	17
7342	17
7343	17
7344	17
7345	18
7346	18
7347	18
7348	18
7349	18
7350	18
7351	17
7352	17
7353	17
7354	18
7355	19
7356	19
7357	19
7358	19
7359	19
7360	18
7361	18
7362	18
7363	18
7364	18
7365	18
7366	18
7367	18
7368	17
7369	17
7370	16
7371	15
7372	15
7373	15
7374	15
7375	15
7376	15
7377	15
7378	15
7379	15
7380	15
7381	15
7382	15
7383	15
7384	15
7385	15
7386	15
7387	15
7388	15
7389	15
7390	15
7391	14
7392	14
7393	14
7394	13
7395	13
7396	13
7397	13
7398	12
7399	12
7400	12
7401	11
7402	11
7403	11
7404	11
7405	11
7406	11
7407	11
7408	11
7409	11
7410	11
7411	11
7412	11
7413	11
7414	11
7415	11
7416	11
7417	11
7418	11
7419	10
7420	10
7421	10
7422	10
7423	9
7424	9
7425	9
7426	9
7427	9
7428	9
7429	9
7430	9
7431	9
7432	9
7433	9
7434	9
7435	9
7436	9
7437	9
7438	9
7439	9
7440	9
7441	9
7442	9
7443	9
7444	9
7445	8
7446	8
7447	8
7448	8
7449	7
7450	7
7451	7
7452	7
7453	7
7454	7
7455	7
7456	7
7457	7
7458	7
7459	7
7460	7
7461	7
7462	7
7463	7
7464	7
7465	7
7466	7
7467	7
7468	7
7469	7
7470	7
7471	7
7472	7
7473	7
7474	7
7475	7
7476	7
7477	7
7478	7
7479	7
7480	7
7481	7
7482	7
7483	7
7484	7
7485	7
7486	7
7487	7
7488	7
7489	7
7490	7
7491	7
7492	7
7493	7
7494	7
7495	7
7496	7
7497	7
7498	7
7499	7
7500	7
7501	7
7502	7
7503	7
7504	7
7505	7
7506	7
7507	7
7508	7
7509	7
7510	7
7511	7
7512	7
7513	7
7514	7
7515	7
7516	7
7517	7
7518	6
7519	6
7520	6
7521	6
7522	6
7523	6
7524	6
7525	5
7526	5
7527	5
7528	5
7529	5
7530	5
7531	5
7532	5
7533	5
7534	5
7535	5
7536	5
7537	5
7538	6
7539	6
7540	6
7541	6
7542	6
7543	6
7544	6
7545	6
7546	6
7547	6
7548	6
7549	6
7550	6
7551	6
7552	6
7553	6
7554	6
7555	7
7556	7
7557	7
7558	7
7559	7
7560	7
7561	7
7562	7
7563	7
7564	7
7565	7
7566	7
7567	7
7568	7
7569	7
7570	7
7571	7
7572	7
7573	7
7574	7
7575	7
7576	7
7577	7
7578	7
7579	7
7580	7
7581	7
7582	7
7583	7
7584	7
7585	7
7586	7
7587	7
7588	7
7589	7
7590	7
7591	7
7592	7
7593	7
7594	7
7595	6
7596	6
7597	6
7598	6
7599	6
7600	6
7601	6
7602	6
7603	6
7604	6
7605	6
7606	6
7607	6
7608	6
7609	6
7610	7
7611	7
7612	7
7613	7
7614	7
7615	7
7616	6
7617	6
7618	6
7619	6
7620	6
7621	6
7622	6
7623	6
7624	6
7625	6
7626	6
7627	6
7628	6
7629	6
7630	6
7631	6
7632	5
7633	5
7634	5
7635	5
7636	5
7637	5
7638	5
7639	5
7640	5
7641	5
7642	5
7643	5
7644	5
7645	5
7646	5
7647	5
7648	5
7649	5
7650	5
7651	5
7652	5
7653	5
7654	5
7655	5
7656	5
7657	5
7658	5
7659	5
7660	5
7661	5
7662	5
7663	5
7664	5
7665	5
7666	5
7667	5
7668	5
7669	5
7670	5
7671	5
7672	5
7673	5
7674	4
7675	4
7676	4
7677	4
7678	4
7679	4
7680	4
7681	4
7682	4
7683	4
7684	4
7685	4
7686	4
7687	4
7688	4
7689	4
7690	4
7691	4
7692	4
7693	4
7694	4
7695	4
7696	4
7697	4
7698	4
7699	4
7700	4
7701	4
7702	4
7703	4
7704	4
7705	4
7706	4
7707	4
7708	4
7709	4
7710	4
7711	4
7712	4
7713	4
7714	4
7715	4
7716	4
7717	4
7718	4
7719	4
7720	4
7721	4
7722	4
7723	4
7724	4
7725	4
7726	4
7727	4
7728	4
7729	4
7730	4
7731	4
7732	4
7733	4
7734	4
7735	4
7736	4
7737	4
7738	4
7739	4
7740	4
7741	4
7742	4
7743	4
7744	3
7745	3
7746	3
7747	3
7748	3
7749	3
7750	3
7751	3
7752	3
7753	3
7754	3
7755	3
7756	3
7757	3
7758	3
7759	3
7760	3
7761	3
7762	3
7763	3
7764	3
7765	3
7766	3
7767	3
7768	3
7769	3
7770	3
7771	3
7772	3
7773	3
7774	3
7775	3
7776	3
7777	3
7778	3
7779	2
7780	2
7781	2
7782	2
7783	2
7784	2
7785	2
7786	2
7787	2
7788	2
7789	2
7790	2
7791	2
7792	2
7793	2
7794	2
7795	2
7796	2
7797	2
7798	2
7799	2
7800	2
7801	2
7802	1
7803	1
7804	1
7805	1
7806	1
7807	1
7808	1
7809	1
7810	1
7811	1
7812	1
7813	1
7814	1
7815	1
7816	2
7817	2
7818	2
7819	2
7820	2
7821	2
7822	2
7823	2
7824	2
7825	2
7826	2
7827	2
7828	2
7829	2
7830	2
7831	2
7832	2
7833	2
7834	2
7835	2
7836	2
7837	2
7838	2
7839	2
7840	2
7841	2
7842	2
7843	2
7844	2
7845	2
7846	2
7847	2
7848	2
7849	1
7850	1
7851	1
7852	0
7853	0
7854	0
7855	0
7856	0
7857	0
7858	0
7859	0
7860	0
7861	0
7862	0
7863	0
7864	0
7865	0
7866	0
7867	0
7868	0
7869	0
7870	0
7871	0
7872	0
7873	0
7874	0
7875	0
7876	0
7877	0
7878	0
7879	0
7880	0
7881	0
7882	0
7883	0
7884	0
7885	0
7886	0
7887	0
7888	0
7889	0
7890	0
7891	0
7892	0
7893	0
7894	0
7895	0
7896	0
7897	0
7898	0
7899	0
7900	0
7901	0
7902	0
7903	0
7904	0
7905	0
7906	0
7907	0
7908	0
7909	0
7910	0
7911	0
7912	0
7913	0
7914	0
7915	0
7916	0
7917	0
7918	0
7919	0
7920	0
7921	0
7922	0
7923	0
7924	0
7925	0
7926	0
7927	0
7928	0
7929	0
7930	0
7931	0
7932	0
7933	0
7934	0
7935	0
7936	0
7937	0
7938	0
7939	0
7940	0
7941	0
7942	0
7943	0
7944	0
7945	0
7946	0
7947	0
7948	0
7949	0
7950	0
7951	0
7952	0
7953	0
7954	0
7955	0
7956	0
7957	0
7958	0
7959	0
7960	0
7961	0
7962	0
7963	0
7964	0
7965	0
7966	0
7967	0
7968	0
7969	0
7970	0
7971	0
7972	0
7973	0
7974	0
7975	0
7976	0
7977	0
7978	0
7979	0
7980	0
7981	0
7982	0
7983	0
7984	0
7985	0
7986	0
7987	0
7988	0
7989	0
7990	0
7991	0
7992	0
7993	0
7994	0
7995	0
7996	0
7997	0
7998	0
7999	0
8000	0
8001	0
8002	0
8003	0
8004	0
8005	0
8006	0
8007	0
8008	0
8009	0
8010	0
8011	0
8012	0
8013	0
8014	0
8015	0
8016	0
8017	0
8018	0
8019	0
8020	0
8021	0
8022	0
8023	0
8024	0
8025	0
8026	0
8027	0
8028	0
8029	0
8030	0
8031	0
8032	0
8033	0
8034	0
8035	0
8036	0
8037	0
8038	0
8039	0
8040	0
8041	0
8042	0
8043	0
8044	0
8045	0
8046	0
8047	0
8048	0
8049	0
8050	0
8051	0
8052	0
8053	0
8054	0
8055	0
8056	0
8057	0
8058	0
8059	0
8060	0
8061	0
8062	0
8063	0
8064	0
8065	0
8066	0
8067	0
8068	0
8069	0
8070	0
8071	0
8072	0
8073	0
8074	0
8075	0
8076	0
8077	0
8078	0
8079	0
8080	0
8081	0
8082	0
8083	0
8084	0
8085	0
8086	0
8087	0
8088	0
8089	0
8090	0
8091	0
8092	0
8093	0
8094	0
8095	0
8096	0
8097	0
8098	0
8099	0
8100	0
8101	0
8102	0
8103	0
8104	0
8105	0
8106	0
8107	0
8108	0
8109	0
8110	0
8111	0
8112	0
8113	0
8114	0
8115	0
8116	0
8117	0
8118	0
8119	0
8120	0
8121	0
8122	0
8123	0
8124	0
8125	0
8126	0
8127	0
8128	0
8129	0
8130	0
8131	0
8132	0
8133	0
8134	0
8135	0
8136	0
8137	0
8138	0
8139	0
8140	0
8141	0
8142	0
8143	0
8144	0
8145	0
8146	0
8147	0
8148	0
8149	0
8150	0
8151	0
8152	0
8153	0
8154	0
8155	0
8156	0
8157	0
8158	0
8159	0
8160	0
8161	0
8162	0
8163	0
8164	0
8165	0
8166	0
8167	0
8168	0
8169	0
8170	0
8171	0
8172	0
8173	0
8174	0
8175	0
8176	0
8177	0
8178	0
8179	0
8180	0
8181	0
8182	0
8183	0
8184	0
8185	0
8186	0
8187	0
8188	0
8189	0
8190	0
8191	0
8192	0
8193	0
8194	0
8195	0
8196	0
8197	0
8198	0
8199	0
8200	0
8201	0
8202	0
