1	0
2	0
3	0
4	0
5	0
6	0
7	0
8	0
9	0
10	0
11	0
12	0
13	0
14	0
15	0
16	0
17	0
18	1
19	1
20	1
21	1
22	1
23	1
24	1
25	1
26	1
27	1
28	1
29	1
30	1
31	1
32	2
33	2
34	2
35	2
36	2
37	2
38	2
39	2
40	2
41	2
42	2
43	2
44	2
45	2
46	2
47	2
48	1
49	1
50	1
51	1
52	1
53	1
54	1
55	1
56	1
57	1
58	1
59	1
60	1
61	1
62	1
63	1
64	1
65	1
66	1
67	1
68	2
69	2
70	2
71	2
72	2
73	2
74	2
75	2
76	2
77	2
78	2
79	2
80	2
81	2
82	2
83	2
84	2
85	2
86	2
87	2
88	2
89	2
90	2
91	2
92	2
93	2
94	2
95	2
96	2
97	2
98	2
99	2
100	2
101	2
102	2
103	2
104	2
105	1
106	1
107	1
108	1
109	2
110	3
111	3
112	3
113	3
114	3
115	3
116	3
117	3
118	2
119	2
120	2
121	2
122	2
123	2
124	2
125	2
126	2
127	2
128	2
129	2
130	2
131	2
132	2
133	2
134	2
135	2
136	2
137	3
138	3
139	3
140	3
141	3
142	3
143	3
144	3
145	3
146	3
147	3
148	3
149	3
150	4
151	4
152	4
153	4
154	4
155	4
156	4
157	2
158	2
159	2
160	2
161	2
162	2
163	2
164	2
165	2
166	3
167	3
168	3
169	3
170	3
171	3
172	3
173	3
174	3
175	3
176	3
177	3
178	3
179	3
180	3
181	3
182	4
183	4
184	4
185	4
186	4
187	4
188	4
189	4
190	4
191	4
192	4
193	3
194	3
195	3
196	3
197	3
198	3
199	3
200	3
201	3
202	3
203	3
204	3
205	3
206	3
207	3
208	3
209	3
210	3
211	3
212	3
213	3
214	3
215	4
216	4
217	4
218	4
219	4
220	4
221	4
222	4
223	6
224	6
225	7
226	7
227	7
228	7
229	7
230	7
231	7
232	7
233	7
234	7
235	7
236	7
237	7
238	7
239	7
240	7
241	7
242	7
243	7
244	7
245	8
246	8
247	8
248	8
249	8
250	8
251	8
252	8
253	8
254	8
255	8
256	8
257	8
258	8
259	8
260	8
261	8
262	8
263	8
264	8
265	7
266	7
267	7
268	7
269	8
270	8
271	8
272	8
273	8
274	8
275	9
276	8
277	8
278	8
279	8
280	8
281	8
282	8
283	8
284	8
285	8
286	8
287	8
288	8
289	8
290	8
291	8
292	8
293	8
294	8
295	8
296	8
297	8
298	7
299	7
300	8
301	8
302	8
303	8
304	8
305	8
306	8
307	8
308	8
309	8
310	8
311	9
312	9
313	9
314	9
315	10
316	10
317	10
318	10
319	10
320	10
321	10
322	10
323	10
324	11
325	11
326	11
327	11
328	11
329	11
330	12
331	12
332	12
333	12
334	12
335	12
336	12
337	12
338	12
339	12
340	12
341	12
342	12
343	12
344	12
345	12
346	12
347	13
348	13
349	12
350	12
351	12
352	12
353	12
354	12
355	12
356	12
357	12
358	12
359	12
360	12
361	12
362	12
363	12
364	11
365	11
366	11
367	11
368	11
369	11
370	11
371	11
372	11
373	11
374	11
375	11
376	11
377	11
378	11
379	11
380	11
381	11
382	11
383	11
384	11
385	11
386	11
387	11
388	12
389	12
390	12
391	12
392	11
393	12
394	12
395	12
396	12
397	13
398	13
399	14
400	14
401	13
402	13
403	13
404	13
405	13
406	13
407	13
408	13
409	13
410	13
411	13
412	13
413	13
414	13
415	13
416	13
417	14
418	14
419	14
420	14
421	14
422	14
423	15
424	15
425	15
426	15
427	15
428	15
429	15
430	15
431	15
432	15
433	15
434	15
435	15
436	15
437	15
438	15
439	15
440	15
441	15
442	15
443	15
444	16
445	15
446	15
447	15
448	15
449	15
450	16
451	16
452	16
453	16
454	16
455	17
456	17
457	17
458	17
459	15
460	15
461	15
462	16
463	17
464	17
465	18
466	18
467	18
468	18
469	18
470	18
471	18
472	18
473	18
474	18
475	18
476	18
477	18
478	18
479	18
480	18
481	19
482	19
483	19
484	19
485	19
486	19
487	19
488	19
489	19
490	19
491	19
492	19
493	19
494	19
495	19
496	19
497	19
498	20
499	20
500	20
501	20
502	20
503	19
504	19
505	19
506	19
507	19
508	19
509	19
510	19
511	19
512	19
513	19
514	19
515	19
516	20
517	20
518	20
519	20
520	20
521	20
522	20
523	20
524	20
525	20
526	20
527	20
528	19
529	19
530	19
531	19
532	19
533	19
534	19
535	19
536	19
537	19
538	19
539	19
540	19
541	19
542	19
543	20
544	20
545	20
546	20
547	20
548	20
549	21
550	22
551	22
552	22
553	23
554	23
555	23
556	24
557	24
558	25
559	25
560	26
561	27
562	27
563	27
564	28
565	28
566	28
567	28
568	28
569	29
570	29
571	29
572	29
573	29
574	29
575	29
576	29
577	29
578	29
579	29
580	30
581	30
582	31
583	31
584	31
585	31
586	31
587	31
588	31
589	32
590	32
591	32
592	32
593	32
594	32
595	32
596	32
597	32
598	31
599	31
600	31
601	31
602	31
603	31
604	31
605	31
606	30
607	30
608	30
609	30
610	30
611	31
612	30
613	30
614	31
615	31
616	31
617	31
618	31
619	32
620	31
621	31
622	30
623	30
624	29
625	29
626	29
627	28
628	28
629	28
630	28
631	28
632	28
633	29
634	29
635	29
636	30
637	29
638	30
639	30
640	30
641	30
642	30
643	30
644	30
645	30
646	30
647	30
648	30
649	30
650	30
651	30
652	30
653	30
654	30
655	30
656	30
657	30
658	29
659	30
660	30
661	30
662	30
663	30
664	30
665	30
666	30
667	31
668	32
669	32
670	32
671	32
672	32
673	32
674	32
675	32
676	32
677	32
678	32
679	32
680	31
681	31
682	30
683	30
684	30
685	30
686	31
687	30
688	31
689	31
690	31
691	32
692	32
693	32
694	32
695	32
696	32
697	30
698	30
699	30
700	29
701	28
702	28
703	28
704	28
705	28
706	28
707	30
708	30
709	30
710	30
711	30
712	30
713	29
714	29
715	29
716	29
717	29
718	30
719	30
720	31
721	31
722	31
723	31
724	31
725	31
726	31
727	31
728	31
729	31
730	32
731	32
732	32
733	32
734	32
735	32
736	32
737	32
738	32
739	32
740	32
741	32
742	32
743	32
744	32
745	32
746	33
747	33
748	33
749	33
750	33
751	34
752	34
753	34
754	34
755	34
756	34
757	34
758	34
759	34
760	34
761	34
762	34
763	34
764	33
765	33
766	32
767	32
768	32
769	32
770	32
771	32
772	32
773	33
774	34
775	34
776	34
777	34
778	33
779	33
780	33
781	33
782	33
783	33
784	33
785	33
786	33
787	33
788	33
789	33
790	33
791	33
792	33
793	33
794	33
795	32
796	32
797	32
798	32
799	32
800	32
801	32
802	32
803	32
804	33
805	33
806	33
807	33
808	33
809	33
810	33
811	33
812	33
813	33
814	34
815	34
816	34
817	35
818	35
819	35
820	35
821	35
822	36
823	36
824	36
825	36
826	36
827	36
828	38
829	38
830	38
831	38
832	38
833	38
834	38
835	38
836	38
837	39
838	39
839	39
840	38
841	38
842	38
843	38
844	38
845	38
846	38
847	38
848	37
849	36
850	36
851	36
852	36
853	36
854	36
855	36
856	37
857	37
858	37
859	37
860	36
861	36
862	35
863	35
864	35
865	35
866	35
867	35
868	35
869	35
870	35
871	35
872	35
873	35
874	35
875	36
876	36
877	36
878	36
879	35
880	35
881	35
882	35
883	35
884	36
885	36
886	35
887	35
888	34
889	34
890	34
891	33
892	33
893	33
894	34
895	34
896	34
897	33
898	33
899	34
900	34
901	34
902	35
903	36
904	36
905	35
906	36
907	36
908	36
909	37
910	37
911	36
912	35
913	36
914	36
915	35
916	35
917	35
918	35
919	35
920	35
921	35
922	35
923	35
924	35
925	35
926	35
927	36
928	36
929	36
930	36
931	36
932	36
933	36
934	36
935	36
936	36
937	36
938	36
939	35
940	34
941	34
942	34
943	34
944	34
945	34
946	34
947	34
948	34
949	34
950	34
951	34
952	34
953	34
954	34
955	33
956	33
957	33
958	33
959	33
960	33
961	33
962	33
963	33
964	32
965	31
966	32
967	33
968	34
969	34
970	34
971	33
972	33
973	33
974	33
975	33
976	33
977	33
978	33
979	33
980	32
981	32
982	32
983	32
984	31
985	31
986	31
987	31
988	31
989	32
990	32
991	32
992	32
993	31
994	31
995	31
996	30
997	30
998	30
999	30
1000	31
1001	31
1002	31
1003	31
1004	31
1005	31
1006	31
1007	32
1008	32
1009	32
1010	32
1011	32
1012	32
1013	31
1014	32
1015	32
1016	31
1017	31
1018	31
1019	30
1020	30
1021	30
1022	30
1023	30
1024	30
1025	31
1026	31
1027	32
1028	32
1029	32
1030	32
1031	32
1032	32
1033	32
1034	32
1035	32
1036	32
1037	33
1038	32
1039	32
1040	31
1041	31
1042	30
1043	32
1044	32
1045	32
1046	32
1047	32
1048	32
1049	32
1050	32
1051	32
1052	31
1053	30
1054	30
1055	30
1056	30
1057	30
1058	30
1059	30
1060	30
1061	31
1062	31
1063	31
1064	31
1065	31
1066	31
1067	31
1068	32
1069	32
1070	32
1071	32
1072	32
1073	32
1074	32
1075	32
1076	31
1077	31
1078	31
1079	30
1080	30
1081	30
1082	31
1083	30
1084	30
1085	29
1086	29
1087	30
1088	28
1089	28
1090	28
1091	28
1092	28
1093	28
1094	28
1095	28
1096	28
1097	28
1098	29
1099	29
1100	30
1101	30
1102	31
1103	31
1104	31
1105	32
1106	32
1107	32
1108	32
1109	32
1110	32
1111	32
1112	32
1113	31
1114	31
1115	31
1116	31
1117	31
1118	32
1119	32
1120	32
1121	32
1122	32
1123	32
1124	32
1125	31
1126	31
1127	31
1128	31
1129	31
1130	33
1131	33
1132	33
1133	32
1134	32
1135	31
1136	31
1137	31
1138	31
1139	31
1140	31
1141	31
1142	31
1143	31
1144	31
1145	31
1146	31
1147	30
1148	30
1149	30
1150	30
1151	30
1152	30
1153	29
1154	29
1155	29
1156	29
1157	29
1158	29
1159	29
1160	30
1161	30
1162	31
1163	31
1164	31
1165	31
1166	31
1167	31
1168	31
1169	31
1170	31
1171	31
1172	31
1173	31
1174	31
1175	31
1176	31
1177	31
1178	31
1179	31
1180	31
1181	31
1182	31
1183	31
1184	30
1185	30
1186	30
1187	28
1188	28
1189	28
1190	29
1191	30
1192	30
1193	30
1194	30
1195	30
1196	30
1197	31
1198	31
1199	31
1200	31
1201	30
1202	31
1203	31
1204	31
1205	31
1206	31
1207	31
1208	31
1209	30
1210	30
1211	29
1212	29
1213	29
1214	29
1215	29
1216	30
1217	31
1218	31
1219	31
1220	31
1221	31
1222	29
1223	29
1224	29
1225	29
1226	29
1227	29
1228	29
1229	30
1230	30
1231	30
1232	31
1233	31
1234	32
1235	32
1236	32
1237	32
1238	33
1239	33
1240	33
1241	33
1242	33
1243	33
1244	33
1245	33
1246	34
1247	33
1248	33
1249	33
1250	32
1251	31
1252	31
1253	29
1254	29
1255	28
1256	27
1257	27
1258	27
1259	28
1260	28
1261	29
1262	29
1263	30
1264	29
1265	29
1266	29
1267	29
1268	29
1269	30
1270	30
1271	30
1272	30
1273	30
1274	30
1275	30
1276	30
1277	30
1278	30
1279	30
1280	31
1281	31
1282	31
1283	31
1284	31
1285	31
1286	31
1287	31
1288	31
1289	31
1290	31
1291	31
1292	30
1293	30
1294	31
1295	31
1296	30
1297	30
1298	30
1299	28
1300	28
1301	28
1302	28
1303	28
1304	28
1305	28
1306	28
1307	28
1308	27
1309	27
1310	28
1311	27
1312	27
1313	27
1314	27
1315	27
1316	26
1317	26
1318	26
1319	26
1320	26
1321	26
1322	26
1323	26
1324	26
1325	26
1326	26
1327	26
1328	26
1329	27
1330	27
1331	27
1332	27
1333	27
1334	27
1335	27
1336	27
1337	26
1338	26
1339	26
1340	26
1341	26
1342	25
1343	25
1344	25
1345	25
1346	25
1347	24
1348	24
1349	24
1350	24
1351	25
1352	25
1353	25
1354	25
1355	25
1356	26
1357	28
1358	29
1359	29
1360	29
1361	30
1362	30
1363	30
1364	30
1365	30
1366	30
1367	30
1368	30
1369	30
1370	29
1371	28
1372	29
1373	29
1374	29
1375	29
1376	29
1377	29
1378	30
1379	30
1380	30
1381	30
1382	30
1383	30
1384	29
1385	29
1386	30
1387	30
1388	31
1389	31
1390	30
1391	30
1392	30
1393	30
1394	30
1395	29
1396	28
1397	28
1398	28
1399	28
1400	28
1401	28
1402	28
1403	28
1404	28
1405	28
1406	29
1407	30
1408	30
1409	30
1410	30
1411	30
1412	30
1413	30
1414	30
1415	30
1416	29
1417	29
1418	29
1419	29
1420	30
1421	30
1422	30
1423	30
1424	30
1425	30
1426	28
1427	29
1428	29
1429	29
1430	29
1431	30
1432	30
1433	30
1434	31
1435	31
1436	31
1437	31
1438	31
1439	31
1440	31
1441	32
1442	32
1443	32
1444	32
1445	32
1446	31
1447	31
1448	31
1449	31
1450	31
1451	31
1452	31
1453	31
1454	31
1455	32
1456	31
1457	31
1458	31
1459	31
1460	31
1461	31
1462	31
1463	32
1464	32
1465	33
1466	32
1467	32
1468	32
1469	32
1470	32
1471	32
1472	32
1473	32
1474	32
1475	32
1476	32
1477	32
1478	32
1479	33
1480	33
1481	33
1482	33
1483	33
1484	33
1485	34
1486	33
1487	33
1488	33
1489	33
1490	33
1491	32
1492	32
1493	31
1494	31
1495	31
1496	31
1497	31
1498	31
1499	31
1500	31
1501	31
1502	31
1503	31
1504	31
1505	32
1506	32
1507	35
1508	35
1509	34
1510	34
1511	35
1512	35
1513	35
1514	36
1515	36
1516	35
1517	35
1518	35
1519	35
1520	35
1521	35
1522	35
1523	35
1524	35
1525	35
1526	34
1527	35
1528	35
1529	35
1530	35
1531	35
1532	35
1533	35
1534	34
1535	34
1536	33
1537	32
1538	32
1539	33
1540	33
1541	33
1542	33
1543	34
1544	34
1545	34
1546	32
1547	32
1548	32
1549	32
1550	32
1551	32
1552	32
1553	32
1554	32
1555	32
1556	32
1557	32
1558	32
1559	33
1560	33
1561	33
1562	32
1563	32
1564	31
1565	31
1566	31
1567	30
1568	30
1569	29
1570	29
1571	29
1572	30
1573	30
1574	30
1575	31
1576	31
1577	31
1578	31
1579	32
1580	32
1581	32
1582	32
1583	32
1584	32
1585	32
1586	32
1587	32
1588	34
1589	34
1590	34
1591	34
1592	34
1593	34
1594	34
1595	33
1596	33
1597	33
1598	33
1599	33
1600	33
1601	33
1602	34
1603	34
1604	34
1605	34
1606	34
1607	34
1608	34
1609	33
1610	34
1611	34
1612	33
1613	33
1614	33
1615	33
1616	33
1617	33
1618	33
1619	33
1620	33
1621	32
1622	32
1623	32
1624	32
1625	32
1626	31
1627	31
1628	30
1629	29
1630	30
1631	30
1632	30
1633	30
1634	30
1635	31
1636	31
1637	31
1638	31
1639	31
1640	31
1641	32
1642	33
1643	33
1644	33
1645	33
1646	33
1647	33
1648	34
1649	34
1650	34
1651	34
1652	34
1653	35
1654	35
1655	35
1656	35
1657	35
1658	35
1659	35
1660	36
1661	36
1662	36
1663	36
1664	35
1665	35
1666	35
1667	37
1668	36
1669	36
1670	36
1671	36
1672	36
1673	36
1674	36
1675	36
1676	36
1677	36
1678	36
1679	36
1680	36
1681	35
1682	34
1683	35
1684	35
1685	36
1686	37
1687	37
1688	38
1689	39
1690	39
1691	39
1692	39
1693	40
1694	40
1695	39
1696	39
1697	39
1698	39
1699	40
1700	40
1701	40
1702	40
1703	40
1704	40
1705	40
1706	41
1707	41
1708	41
1709	38
1710	38
1711	37
1712	37
1713	37
1714	37
1715	38
1716	38
1717	39
1718	37
1719	38
1720	39
1721	40
1722	40
1723	40
1724	39
1725	39
1726	40
1727	42
1728	42
1729	42
1730	43
1731	44
1732	45
1733	45
1734	45
1735	45
1736	45
1737	45
1738	46
1739	46
1740	46
1741	46
1742	46
1743	45
1744	45
1745	45
1746	45
1747	45
1748	47
1749	47
1750	48
1751	47
1752	47
1753	47
1754	47
1755	47
1756	47
1757	47
1758	47
1759	48
1760	48
1761	48
1762	48
1763	48
1764	48
1765	47
1766	47
1767	47
1768	47
1769	47
1770	46
1771	46
1772	46
1773	45
1774	45
1775	45
1776	45
1777	45
1778	45
1779	46
1780	46
1781	46
1782	46
1783	46
1784	45
1785	45
1786	44
1787	44
1788	44
1789	44
1790	44
1791	45
1792	45
1793	46
1794	46
1795	47
1796	47
1797	45
1798	45
1799	44
1800	44
1801	45
1802	45
1803	45
1804	45
1805	46
1806	46
1807	45
1808	45
1809	46
1810	44
1811	44
1812	43
1813	44
1814	43
1815	43
1816	43
1817	44
1818	43
1819	43
1820	43
1821	43
1822	43
1823	43
1824	44
1825	43
1826	43
1827	43
1828	43
1829	44
1830	45
1831	45
1832	45
1833	45
1834	45
1835	44
1836	44
1837	43
1838	43
1839	42
1840	42
1841	40
1842	40
1843	40
1844	40
1845	40
1846	40
1847	40
1848	40
1849	40
1850	40
1851	40
1852	40
1853	40
1854	40
1855	40
1856	40
1857	40
1858	40
1859	40
1860	41
1861	42
1862	41
1863	41
1864	42
1865	43
1866	44
1867	45
1868	46
1869	46
1870	46
1871	46
1872	46
1873	46
1874	45
1875	45
1876	45
1877	45
1878	45
1879	43
1880	43
1881	43
1882	43
1883	43
1884	43
1885	43
1886	43
1887	43
1888	44
1889	44
1890	44
1891	43
1892	43
1893	43
1894	43
1895	43
1896	43
1897	43
1898	42
1899	42
1900	42
1901	41
1902	41
1903	41
1904	40
1905	39
1906	39
1907	39
1908	39
1909	39
1910	39
1911	39
1912	38
1913	38
1914	38
1915	38
1916	38
1917	38
1918	39
1919	40
1920	39
1921	39
1922	38
1923	38
1924	39
1925	38
1926	38
1927	38
1928	39
1929	39
1930	39
1931	39
1932	39
1933	38
1934	39
1935	39
1936	38
1937	39
1938	39
1939	40
1940	40
1941	40
1942	40
1943	40
1944	39
1945	38
1946	38
1947	38
1948	39
1949	38
1950	39
1951	39
1952	40
1953	40
1954	42
1955	42
1956	42
1957	42
1958	42
1959	42
1960	43
1961	43
1962	43
1963	43
1964	43
1965	43
1966	43
1967	42
1968	43
1969	43
1970	43
1971	43
1972	42
1973	42
1974	43
1975	43
1976	43
1977	43
1978	43
1979	43
1980	44
1981	43
1982	42
1983	42
1984	42
1985	42
1986	43
1987	43
1988	43
1989	43
1990	42
1991	42
1992	42
1993	42
1994	42
1995	42
1996	42
1997	42
1998	42
1999	42
2000	42
2001	42
2002	44
2003	44
2004	44
2005	44
2006	44
2007	45
2008	46
2009	45
2010	45
2011	46
2012	46
2013	46
2014	46
2015	47
2016	48
2017	49
2018	49
2019	48
2020	48
2021	49
2022	49
2023	49
2024	49
2025	48
2026	48
2027	48
2028	48
2029	48
2030	48
2031	48
2032	46
2033	47
2034	47
2035	47
2036	47
2037	48
2038	48
2039	48
2040	49
2041	49
2042	49
2043	49
2044	49
2045	49
2046	50
2047	50
2048	50
2049	50
2050	49
2051	48
2052	48
2053	48
2054	49
2055	49
2056	49
2057	49
2058	49
2059	49
2060	50
2061	50
2062	50
2063	49
2064	49
2065	49
2066	49
2067	49
2068	49
2069	49
2070	49
2071	50
2072	51
2073	51
2074	51
2075	51
2076	52
2077	52
2078	52
2079	51
2080	51
2081	51
2082	49
2083	49
2084	49
2085	49
2086	49
2087	50
2088	51
2089	51
2090	53
2091	53
2092	52
2093	53
2094	53
2095	52
2096	51
2097	51
2098	50
2099	50
2100	50
2101	48
2102	48
2103	49
2104	49
2105	48
2106	48
2107	48
2108	49
2109	50
2110	50
2111	50
2112	51
2113	51
2114	51
2115	51
2116	51
2117	52
2118	53
2119	53
2120	53
2121	52
2122	52
2123	52
2124	52
2125	52
2126	51
2127	51
2128	51
2129	51
2130	50
2131	50
2132	50
2133	50
2134	50
2135	52
2136	52
2137	52
2138	52
2139	52
2140	52
2141	52
2142	52
2143	54
2144	54
2145	55
2146	55
2147	55
2148	57
2149	56
2150	55
2151	54
2152	54
2153	54
2154	53
2155	53
2156	53
2157	53
2158	52
2159	53
2160	53
2161	54
2162	55
2163	55
2164	55
2165	55
2166	55
2167	55
2168	55
2169	55
2170	55
2171	55
2172	55
2173	55
2174	55
2175	55
2176	55
2177	56
2178	57
2179	57
2180	57
2181	56
2182	55
2183	55
2184	55
2185	55
2186	55
2187	55
2188	55
2189	55
2190	55
2191	56
2192	56
2193	56
2194	56
2195	56
2196	56
2197	56
2198	56
2199	56
2200	55
2201	54
2202	54
2203	54
2204	54
2205	54
2206	53
2207	54
2208	54
2209	54
2210	56
2211	57
2212	56
2213	56
2214	56
2215	55
2216	55
2217	53
2218	51
2219	50
2220	49
2221	48
2222	48
2223	48
2224	48
2225	48
2226	48
2227	48
2228	48
2229	48
2230	49
2231	49
2232	49
2233	48
2234	49
2235	50
2236	50
2237	51
2238	50
2239	51
2240	51
2241	51
2242	51
2243	51
2244	51
2245	51
2246	50
2247	50
2248	50
2249	50
2250	49
2251	49
2252	48
2253	48
2254	48
2255	47
2256	47
2257	47
2258	47
2259	47
2260	47
2261	49
2262	49
2263	50
2264	51
2265	51
2266	51
2267	51
2268	50
2269	50
2270	50
2271	50
2272	51
2273	51
2274	51
2275	51
2276	51
2277	51
2278	51
2279	52
2280	52
2281	53
2282	54
2283	56
2284	55
2285	55
2286	55
2287	54
2288	53
2289	53
2290	52
2291	52
2292	52
2293	52
2294	52
2295	52
2296	51
2297	51
2298	51
2299	51
2300	49
2301	49
2302	51
2303	51
2304	51
2305	51
2306	51
2307	51
2308	51
2309	51
2310	51
2311	51
2312	51
2313	51
2314	51
2315	51
2316	51
2317	52
2318	52
2319	52
2320	53
2321	53
2322	54
2323	54
2324	54
2325	53
2326	53
2327	53
2328	53
2329	53
2330	53
2331	53
2332	53
2333	52
2334	51
2335	54
2336	53
2337	52
2338	51
2339	52
2340	52
2341	52
2342	52
2343	52
2344	52
2345	52
2346	52
2347	52
2348	52
2349	52
2350	53
2351	52
2352	52
2353	54
2354	54
2355	53
2356	52
2357	51
2358	51
2359	51
2360	50
2361	51
2362	51
2363	51
2364	51
2365	51
2366	52
2367	51
2368	52
2369	52
2370	52
2371	53
2372	53
2373	54
2374	53
2375	53
2376	54
2377	54
2378	54
2379	53
2380	52
2381	52
2382	53
2383	53
2384	53
2385	52
2386	50
2387	49
2388	49
2389	49
2390	49
2391	49
2392	49
2393	48
2394	48
2395	47
2396	47
2397	47
2398	47
2399	47
2400	47
2401	47
2402	46
2403	47
2404	47
2405	48
2406	48
2407	48
2408	48
2409	48
2410	48
2411	48
2412	48
2413	47
2414	48
2415	48
2416	47
2417	49
2418	49
2419	49
2420	49
2421	48
2422	49
2423	48
2424	48
2425	47
2426	46
2427	45
2428	45
2429	44
2430	44
2431	44
2432	44
2433	45
2434	45
2435	45
2436	45
2437	44
2438	43
2439	42
2440	42
2441	41
2442	42
2443	41
2444	41
2445	41
2446	41
2447	41
2448	41
2449	41
2450	40
2451	39
2452	39
2453	40
2454	40
2455	41
2456	41
2457	41
2458	41
2459	41
2460	41
2461	41
2462	40
2463	40
2464	40
2465	40
2466	39
2467	39
2468	38
2469	39
2470	40
2471	40
2472	40
2473	40
2474	40
2475	40
2476	40
2477	39
2478	40
2479	39
2480	39
2481	39
2482	39
2483	39
2484	41
2485	41
2486	40
2487	39
2488	38
2489	38
2490	36
2491	35
2492	36
2493	35
2494	35
2495	35
2496	35
2497	34
2498	34
2499	34
2500	33
2501	33
2502	32
2503	31
2504	31
2505	31
2506	31
2507	31
2508	31
2509	31
2510	31
2511	31
2512	31
2513	31
2514	31
2515	29
2516	29
2517	28
2518	27
2519	27
2520	27
2521	27
2522	27
2523	27
2524	27
2525	27
2526	27
2527	27
2528	27
2529	29
2530	29
2531	29
2532	29
2533	29
2534	29
2535	29
2536	29
2537	29
2538	29
2539	29
2540	29
2541	29
2542	29
2543	29
2544	29
2545	29
2546	29
2547	29
2548	29
2549	30
2550	29
2551	28
2552	29
2553	29
2554	29
2555	28
2556	28
2557	27
2558	27
2559	27
2560	28
2561	30
2562	30
2563	30
2564	30
2565	31
2566	31
2567	31
2568	31
2569	31
2570	31
2571	31
2572	31
2573	31
2574	31
2575	32
2576	32
2577	34
2578	35
2579	36
2580	36
2581	37
2582	37
2583	38
2584	38
2585	38
2586	38
2587	39
2588	40
2589	40
2590	40
2591	40
2592	40
2593	40
2594	40
2595	40
2596	40
2597	39
2598	38
2599	38
2600	38
2601	38
2602	38
2603	37
2604	37
2605	37
2606	37
2607	37
2608	37
2609	38
2610	37
2611	38
2612	38
2613	38
2614	38
2615	38
2616	38
2617	38
2618	38
2619	39
2620	39
2621	39
2622	39
2623	39
2624	39
2625	39
2626	38
2627	37
2628	37
2629	39
2630	39
2631	40
2632	40
2633	40
2634	40
2635	40
2636	40
2637	40
2638	40
2639	41
2640	41
2641	42
2642	44
2643	44
2644	44
2645	44
2646	44
2647	44
2648	44
2649	44
2650	44
2651	44
2652	45
2653	45
2654	46
2655	46
2656	46
2657	46
2658	45
2659	45
2660	45
2661	45
2662	45
2663	45
2664	45
2665	45
2666	44
2667	45
2668	45
2669	44
2670	43
2671	44
2672	44
2673	44
2674	44
2675	44
2676	43
2677	43
2678	42
2679	42
2680	43
2681	43
2682	43
2683	42
2684	42
2685	42
2686	42
2687	42
2688	42
2689	42
2690	42
2691	42
2692	42
2693	42
2694	43
2695	43
2696	43
2697	43
2698	43
2699	42
2700	42
2701	42
2702	42
2703	43
2704	44
2705	44
2706	44
2707	44
2708	44
2709	45
2710	45
2711	45
2712	47
2713	47
2714	47
2715	47
2716	47
2717	46
2718	46
2719	45
2720	46
2721	46
2722	46
2723	46
2724	46
2725	47
2726	47
2727	47
2728	47
2729	47
2730	47
2731	47
2732	46
2733	46
2734	46
2735	46
2736	47
2737	47
2738	47
2739	48
2740	47
2741	47
2742	47
2743	47
2744	47
2745	47
2746	47
2747	47
2748	48
2749	48
2750	47
2751	46
2752	47
2753	47
2754	47
2755	47
2756	48
2757	47
2758	47
2759	46
2760	47
2761	47
2762	47
2763	48
2764	47
2765	47
2766	47
2767	49
2768	49
2769	50
2770	50
2771	50
2772	51
2773	52
2774	52
2775	51
2776	51
2777	51
2778	52
2779	52
2780	52
2781	52
2782	52
2783	53
2784	55
2785	55
2786	55
2787	55
2788	53
2789	53
2790	53
2791	53
2792	53
2793	52
2794	53
2795	53
2796	53
2797	53
2798	53
2799	53
2800	53
2801	52
2802	52
2803	53
2804	53
2805	53
2806	52
2807	52
2808	52
2809	53
2810	54
2811	55
2812	54
2813	54
2814	53
2815	53
2816	52
2817	52
2818	52
2819	52
2820	52
2821	52
2822	53
2823	53
2824	53
2825	53
2826	54
2827	53
2828	51
2829	51
2830	51
2831	52
2832	51
2833	52
2834	52
2835	52
2836	53
2837	52
2838	52
2839	52
2840	51
2841	51
2842	50
2843	50
2844	49
2845	48
2846	48
2847	49
2848	48
2849	48
2850	48
2851	49
2852	49
2853	49
2854	50
2855	50
2856	50
2857	51
2858	51
2859	51
2860	51
2861	51
2862	51
2863	51
2864	51
2865	51
2866	51
2867	51
2868	51
2869	51
2870	49
2871	49
2872	48
2873	48
2874	48
2875	48
2876	48
2877	47
2878	47
2879	47
2880	47
2881	48
2882	48
2883	49
2884	47
2885	47
2886	47
2887	46
2888	46
2889	45
2890	45
2891	45
2892	45
2893	46
2894	46
2895	45
2896	45
2897	45
2898	44
2899	43
2900	44
2901	46
2902	46
2903	46
2904	47
2905	47
2906	46
2907	47
2908	48
2909	47
2910	48
2911	48
2912	47
2913	47
2914	47
2915	46
2916	46
2917	46
2918	46
2919	46
2920	46
2921	46
2922	46
2923	45
2924	45
2925	45
2926	45
2927	47
2928	47
2929	47
2930	47
2931	47
2932	46
2933	46
2934	44
2935	44
2936	43
2937	43
2938	43
2939	43
2940	44
2941	44
2942	44
2943	45
2944	45
2945	45
2946	45
2947	45
2948	44
2949	44
2950	45
2951	45
2952	43
2953	43
2954	43
2955	42
2956	43
2957	43
2958	43
2959	43
2960	42
2961	42
2962	42
2963	42
2964	42
2965	41
2966	41
2967	41
2968	41
2969	41
2970	41
2971	41
2972	41
2973	41
2974	39
2975	39
2976	39
2977	39
2978	39
2979	40
2980	40
2981	40
2982	39
2983	39
2984	38
2985	38
2986	39
2987	40
2988	41
2989	41
2990	39
2991	38
2992	37
2993	37
2994	37
2995	37
2996	37
2997	37
2998	37
2999	37
3000	37
3001	37
3002	37
3003	37
3004	37
3005	37
3006	37
3007	38
3008	38
3009	36
3010	35
3011	35
3012	35
3013	34
3014	35
3015	34
3016	34
3017	33
3018	32
3019	32
3020	31
3021	31
3022	31
3023	32
3024	32
3025	32
3026	32
3027	32
3028	32
3029	32
3030	32
3031	32
3032	32
3033	32
3034	32
3035	32
3036	32
3037	32
3038	32
3039	32
3040	32
3041	32
3042	32
3043	32
3044	32
3045	32
3046	32
3047	32
3048	32
3049	33
3050	33
3051	33
3052	33
3053	33
3054	33
3055	33
3056	33
3057	33
3058	33
3059	33
3060	34
3061	34
3062	34
3063	33
3064	33
3065	33
3066	32
3067	33
3068	33
3069	33
3070	33
3071	33
3072	33
3073	33
3074	33
3075	33
3076	33
3077	33
3078	32
3079	32
3080	33
3081	32
3082	32
3083	32
3084	32
3085	33
3086	34
3087	33
3088	33
3089	33
3090	33
3091	33
3092	33
3093	33
3094	33
3095	33
3096	33
3097	33
3098	32
3099	32
3100	32
3101	32
3102	32
3103	32
3104	32
3105	31
3106	31
3107	30
3108	32
3109	31
3110	31
3111	31
3112	31
3113	30
3114	31
3115	31
3116	31
3117	31
3118	31
3119	32
3120	32
3121	33
3122	33
3123	32
3124	32
3125	32
3126	32
3127	32
3128	31
3129	31
3130	31
3131	31
3132	31
3133	32
3134	31
3135	31
3136	31
3137	31
3138	31
3139	31
3140	30
3141	30
3142	30
3143	30
3144	30
3145	30
3146	30
3147	30
3148	31
3149	31
3150	31
3151	31
3152	31
3153	30
3154	30
3155	30
3156	30
3157	30
3158	30
3159	30
3160	30
3161	30
3162	33
3163	33
3164	33
3165	33
3166	34
3167	34
3168	34
3169	33
3170	33
3171	33
3172	33
3173	33
3174	33
3175	33
3176	33
3177	33
3178	33
3179	33
3180	33
3181	33
3182	33
3183	33
3184	33
3185	34
3186	34
3187	34
3188	34
3189	34
3190	33
3191	33
3192	33
3193	33
3194	33
3195	32
3196	32
3197	32
3198	32
3199	32
3200	31
3201	32
3202	31
3203	30
3204	30
3205	31
3206	31
3207	32
3208	31
3209	31
3210	30
3211	31
3212	31
3213	31
3214	30
3215	29
3216	29
3217	29
3218	30
3219	30
3220	28
3221	28
3222	28
3223	28
3224	28
3225	28
3226	28
3227	28
3228	28
3229	28
3230	28
3231	28
3232	28
3233	27
3234	27
3235	26
3236	26
3237	26
3238	26
3239	27
3240	27
3241	27
3242	27
3243	27
3244	27
3245	27
3246	27
3247	27
3248	26
3249	26
3250	26
3251	26
3252	26
3253	26
3254	27
3255	28
3256	28
3257	28
3258	28
3259	28
3260	28
3261	28
3262	28
3263	27
3264	27
3265	28
3266	27
3267	27
3268	27
3269	27
3270	27
3271	27
3272	27
3273	28
3274	28
3275	28
3276	28
3277	28
3278	28
3279	29
3280	29
3281	29
3282	30
3283	31
3284	31
3285	31
3286	31
3287	31
3288	30
3289	30
3290	30
3291	31
3292	31
3293	31
3294	30
3295	29
3296	29
3297	29
3298	29
3299	29
3300	29
3301	28
3302	28
3303	29
3304	29
3305	30
3306	30
3307	30
3308	32
3309	33
3310	33
3311	33
3312	33
3313	33
3314	33
3315	33
3316	33
3317	33
3318	34
3319	34
3320	34
3321	33
3322	33
3323	33
3324	33
3325	33
3326	33
3327	33
3328	33
3329	33
3330	35
3331	36
3332	36
3333	37
3334	38
3335	38
3336	38
3337	38
3338	38
3339	38
3340	38
3341	38
3342	38
3343	38
3344	38
3345	36
3346	35
3347	37
3348	37
3349	38
3350	38
3351	37
3352	38
3353	38
3354	38
3355	38
3356	38
3357	38
3358	37
3359	37
3360	37
3361	37
3362	37
3363	37
3364	37
3365	38
3366	38
3367	38
3368	38
3369	39
3370	39
3371	39
3372	39
3373	39
3374	39
3375	38
3376	38
3377	38
3378	38
3379	39
3380	40
3381	40
3382	40
3383	40
3384	40
3385	41
3386	41
3387	42
3388	42
3389	42
3390	42
3391	43
3392	41
3393	41
3394	41
3395	40
3396	40
3397	40
3398	40
3399	41
3400	40
3401	40
3402	40
3403	41
3404	41
3405	41
3406	40
3407	40
3408	40
3409	40
3410	41
3411	41
3412	41
3413	42
3414	42
3415	41
3416	41
3417	41
3418	41
3419	41
3420	42
3421	41
3422	41
3423	42
3424	41
3425	41
3426	40
3427	39
3428	39
3429	38
3430	38
3431	38
3432	38
3433	38
3434	37
3435	36
3436	36
3437	37
3438	38
3439	38
3440	38
3441	37
3442	37
3443	38
3444	39
3445	39
3446	39
3447	40
3448	40
3449	40
3450	39
3451	39
3452	39
3453	39
3454	39
3455	39
3456	39
3457	39
3458	39
3459	38
3460	38
3461	38
3462	38
3463	38
3464	38
3465	38
3466	38
3467	37
3468	37
3469	37
3470	37
3471	38
3472	39
3473	39
3474	38
3475	38
3476	38
3477	38
3478	39
3479	39
3480	39
3481	40
3482	39
3483	39
3484	39
3485	39
3486	39
3487	38
3488	39
3489	39
3490	39
3491	38
3492	38
3493	38
3494	38
3495	38
3496	38
3497	38
3498	39
3499	40
3500	39
3501	39
3502	40
3503	40
3504	39
3505	38
3506	37
3507	37
3508	37
3509	37
3510	38
3511	38
3512	38
3513	39
3514	39
3515	39
3516	39
3517	39
3518	39
3519	39
3520	39
3521	39
3522	39
3523	39
3524	40
3525	40
3526	40
3527	40
3528	41
3529	41
3530	41
3531	41
3532	41
3533	41
3534	41
3535	42
3536	42
3537	42
3538	42
3539	42
3540	42
3541	42
3542	42
3543	42
3544	43
3545	43
3546	43
3547	42
3548	42
3549	41
3550	41
3551	41
3552	41
3553	41
3554	41
3555	41
3556	41
3557	41
3558	41
3559	42
3560	42
3561	41
3562	41
3563	41
3564	41
3565	41
3566	41
3567	42
3568	43
3569	43
3570	44
3571	44
3572	44
3573	44
3574	43
3575	43
3576	43
3577	43
3578	44
3579	44
3580	44
3581	44
3582	44
3583	44
3584	44
3585	44
3586	44
3587	44
3588	43
3589	43
3590	43
3591	43
3592	44
3593	44
3594	43
3595	43
3596	42
3597	42
3598	42
3599	42
3600	42
3601	43
3602	45
3603	47
3604	47
3605	48
3606	48
3607	51
3608	50
3609	50
3610	50
3611	50
3612	50
3613	50
3614	50
3615	50
3616	49
3617	49
3618	48
3619	48
3620	48
3621	48
3622	48
3623	48
3624	48
3625	48
3626	49
3627	49
3628	49
3629	49
3630	48
3631	48
3632	48
3633	49
3634	48
3635	48
3636	49
3637	49
3638	48
3639	47
3640	47
3641	47
3642	46
3643	46
3644	46
3645	47
3646	47
3647	47
3648	47
3649	47
3650	47
3651	47
3652	47
3653	46
3654	46
3655	47
3656	46
3657	45
3658	44
3659	44
3660	44
3661	43
3662	44
3663	43
3664	43
3665	43
3666	43
3667	44
3668	44
3669	45
3670	45
3671	44
3672	42
3673	42
3674	41
3675	41
3676	39
3677	38
3678	39
3679	38
3680	39
3681	39
3682	38
3683	39
3684	39
3685	39
3686	39
3687	39
3688	39
3689	40
3690	40
3691	40
3692	40
3693	40
3694	40
3695	38
3696	37
3697	37
3698	36
3699	36
3700	37
3701	39
3702	38
3703	38
3704	38
3705	39
3706	38
3707	38
3708	38
3709	38
3710	38
3711	38
3712	38
3713	38
3714	39
3715	39
3716	38
3717	38
3718	38
3719	37
3720	37
3721	37
3722	37
3723	37
3724	38
3725	38
3726	38
3727	38
3728	38
3729	38
3730	38
3731	38
3732	38
3733	37
3734	37
3735	37
3736	37
3737	37
3738	37
3739	38
3740	38
3741	38
3742	38
3743	39
3744	39
3745	39
3746	39
3747	39
3748	39
3749	39
3750	40
3751	40
3752	40
3753	40
3754	40
3755	39
3756	39
3757	38
3758	38
3759	38
3760	38
3761	38
3762	38
3763	38
3764	40
3765	41
3766	41
3767	39
3768	39
3769	39
3770	39
3771	39
3772	39
3773	38
3774	38
3775	38
3776	38
3777	37
3778	37
3779	38
3780	37
3781	37
3782	37
3783	36
3784	36
3785	36
3786	36
3787	36
3788	36
3789	37
3790	37
3791	37
3792	37
3793	37
3794	37
3795	38
3796	38
3797	38
3798	38
3799	38
3800	38
3801	38
3802	38
3803	39
3804	38
3805	38
3806	38
3807	38
3808	38
3809	38
3810	36
3811	36
3812	35
3813	35
3814	36
3815	36
3816	36
3817	36
3818	37
3819	37
3820	38
3821	38
3822	38
3823	38
3824	39
3825	37
3826	37
3827	37
3828	37
3829	37
3830	37
3831	36
3832	35
3833	35
3834	35
3835	34
3836	35
3837	34
3838	34
3839	34
3840	34
3841	34
3842	33
3843	33
3844	33
3845	32
3846	33
3847	33
3848	33
3849	33
3850	34
3851	34
3852	34
3853	34
3854	34
3855	33
3856	33
3857	33
3858	34
3859	34
3860	34
3861	34
3862	34
3863	34
3864	34
3865	34
3866	34
3867	34
3868	34
3869	34
3870	35
3871	35
3872	34
3873	34
3874	34
3875	34
3876	34
3877	34
3878	34
3879	34
3880	34
3881	34
3882	33
3883	32
3884	33
3885	34
3886	34
3887	35
3888	34
3889	34
3890	33
3891	33
3892	33
3893	34
3894	34
3895	34
3896	34
3897	33
3898	33
3899	34
3900	34
3901	33
3902	34
3903	34
3904	35
3905	35
3906	36
3907	35
3908	34
3909	34
3910	36
3911	36
3912	37
3913	36
3914	36
3915	36
3916	36
3917	37
3918	38
3919	38
3920	39
3921	39
3922	40
3923	40
3924	40
3925	40
3926	40
3927	39
3928	37
3929	37
3930	37
3931	36
3932	37
3933	37
3934	37
3935	37
3936	37
3937	37
3938	36
3939	36
3940	36
3941	36
3942	37
3943	38
3944	38
3945	37
3946	37
3947	37
3948	37
3949	37
3950	37
3951	38
3952	38
3953	39
3954	40
3955	41
3956	41
3957	40
3958	41
3959	41
3960	41
3961	40
3962	40
3963	40
3964	40
3965	40
3966	41
3967	41
3968	41
3969	41
3970	39
3971	39
3972	39
3973	41
3974	41
3975	39
3976	39
3977	38
3978	37
3979	37
3980	37
3981	37
3982	37
3983	37
3984	37
3985	37
3986	38
3987	38
3988	38
3989	38
3990	38
3991	38
3992	38
3993	38
3994	38
3995	38
3996	38
3997	39
3998	39
3999	39
4000	39
4001	39
4002	38
4003	38
4004	38
4005	38
4006	37
4007	37
4008	37
4009	37
4010	38
4011	38
4012	38
4013	38
4014	38
4015	38
4016	38
4017	38
4018	38
4019	38
4020	38
4021	38
4022	38
4023	38
4024	38
4025	37
4026	37
4027	37
4028	37
4029	37
4030	37
4031	37
4032	37
4033	37
4034	37
4035	37
4036	37
4037	37
4038	38
4039	38
4040	38
4041	38
4042	37
4043	38
4044	38
4045	38
4046	38
4047	39
4048	39
4049	40
4050	40
4051	40
4052	40
4053	40
4054	41
4055	40
4056	39
4057	39
4058	38
4059	39
4060	39
4061	39
4062	39
4063	39
4064	38
4065	38
4066	36
4067	36
4068	35
4069	36
4070	36
4071	36
4072	37
4073	37
4074	37
4075	37
4076	37
4077	37
4078	37
4079	37
4080	38
4081	38
4082	38
4083	39
4084	38
4085	39
4086	40
4087	39
4088	40
4089	39
4090	39
4091	39
4092	39
4093	39
4094	40
4095	40
4096	40
4097	39
4098	39
4099	39
4100	39
4101	39
4102	38
4103	39
4104	39
4105	39
4106	40
4107	41
4108	41
4109	41
4110	42
4111	43
4112	43
4113	43
4114	43
4115	43
4116	43
4117	44
4118	44
4119	44
4120	44
4121	44
4122	44
4123	44
4124	44
4125	44
4126	44
4127	46
4128	46
4129	46
4130	46
4131	46
4132	47
4133	47
4134	47
4135	48
4136	48
4137	47
4138	47
4139	46
4140	46
4141	45
4142	47
4143	46
4144	46
4145	47
4146	47
4147	47
4148	48
4149	48
4150	48
4151	48
4152	48
4153	47
4154	46
4155	45
4156	45
4157	45
4158	45
4159	44
4160	43
4161	43
4162	43
4163	43
4164	43
4165	43
4166	43
4167	43
4168	43
4169	43
4170	43
4171	43
4172	43
4173	43
4174	43
4175	43
4176	43
4177	43
4178	43
4179	43
4180	43
4181	42
4182	43
4183	44
4184	43
4185	44
4186	44
4187	44
4188	45
4189	45
4190	45
4191	45
4192	46
4193	46
4194	46
4195	46
4196	46
4197	46
4198	46
4199	46
4200	46
4201	47
4202	48
4203	49
4204	49
4205	49
4206	49
4207	50
4208	50
4209	50
4210	51
4211	52
4212	52
4213	51
4214	51
4215	51
4216	51
4217	50
4218	50
4219	51
4220	51
4221	51
4222	51
4223	51
4224	51
4225	51
4226	51
4227	51
4228	52
4229	52
4230	52
4231	52
4232	52
4233	52
4234	53
4235	53
4236	54
4237	52
4238	53
4239	53
4240	53
4241	53
4242	53
4243	53
4244	53
4245	53
4246	52
4247	52
4248	52
4249	52
4250	52
4251	52
4252	53
4253	53
4254	53
4255	53
4256	53
4257	54
4258	55
4259	55
4260	55
4261	55
4262	55
4263	56
4264	56
4265	56
4266	56
4267	56
4268	56
4269	57
4270	57
4271	56
4272	56
4273	55
4274	55
4275	55
4276	55
4277	55
4278	55
4279	55
4280	55
4281	55
4282	54
4283	54
4284	54
4285	53
4286	53
4287	53
4288	53
4289	53
4290	53
4291	53
4292	53
4293	53
4294	52
4295	52
4296	52
4297	52
4298	51
4299	51
4300	50
4301	50
4302	51
4303	51
4304	51
4305	51
4306	51
4307	52
4308	52
4309	51
4310	51
4311	52
4312	52
4313	53
4314	53
4315	54
4316	55
4317	54
4318	54
4319	54
4320	54
4321	53
4322	53
4323	54
4324	54
4325	54
4326	55
4327	55
4328	55
4329	54
4330	54
4331	54
4332	54
4333	55
4334	55
4335	55
4336	54
4337	55
4338	54
4339	55
4340	56
4341	56
4342	54
4343	53
4344	53
4345	53
4346	53
4347	53
4348	53
4349	52
4350	52
4351	51
4352	51
4353	51
4354	50
4355	49
4356	48
4357	48
4358	48
4359	48
4360	48
4361	47
4362	47
4363	47
4364	47
4365	47
4366	47
4367	47
4368	47
4369	47
4370	47
4371	46
4372	45
4373	43
4374	43
4375	43
4376	43
4377	46
4378	45
4379	45
4380	45
4381	44
4382	44
4383	44
4384	45
4385	45
4386	45
4387	45
4388	46
4389	46
4390	46
4391	45
4392	45
4393	45
4394	44
4395	45
4396	43
4397	43
4398	44
4399	44
4400	43
4401	43
4402	44
4403	45
4404	45
4405	45
4406	45
4407	45
4408	44
4409	44
4410	44
4411	43
4412	43
4413	44
4414	44
4415	44
4416	44
4417	44
4418	44
4419	44
4420	44
4421	44
4422	44
4423	45
4424	45
4425	45
4426	45
4427	46
4428	46
4429	47
4430	48
4431	48
4432	48
4433	48
4434	49
4435	49
4436	47
4437	47
4438	47
4439	47
4440	46
4441	46
4442	46
4443	45
4444	45
4445	45
4446	46
4447	46
4448	45
4449	45
4450	45
4451	44
4452	44
4453	45
4454	46
4455	46
4456	46
4457	45
4458	45
4459	44
4460	44
4461	44
4462	42
4463	42
4464	41
4465	41
4466	41
4467	41
4468	40
4469	41
4470	41
4471	41
4472	41
4473	41
4474	41
4475	41
4476	41
4477	41
4478	42
4479	42
4480	41
4481	42
4482	42
4483	44
4484	45
4485	46
4486	46
4487	46
4488	45
4489	46
4490	45
4491	45
4492	44
4493	43
4494	43
4495	43
4496	44
4497	45
4498	45
4499	45
4500	46
4501	46
4502	46
4503	46
4504	46
4505	46
4506	46
4507	46
4508	46
4509	46
4510	48
4511	48
4512	48
4513	48
4514	48
4515	49
4516	49
4517	49
4518	49
4519	50
4520	50
4521	51
4522	50
4523	51
4524	51
4525	51
4526	51
4527	52
4528	50
4529	50
4530	50
4531	49
4532	49
4533	47
4534	46
4535	46
4536	45
4537	45
4538	45
4539	45
4540	45
4541	44
4542	44
4543	44
4544	44
4545	44
4546	44
4547	44
4548	44
4549	42
4550	42
4551	43
4552	43
4553	43
4554	45
4555	46
4556	47
4557	47
4558	47
4559	47
4560	47
4561	47
4562	47
4563	48
4564	48
4565	48
4566	48
4567	47
4568	47
4569	47
4570	48
4571	47
4572	47
4573	47
4574	45
4575	45
4576	45
4577	44
4578	44
4579	44
4580	44
4581	44
4582	45
4583	44
4584	44
4585	43
4586	43
4587	42
4588	44
4589	45
4590	45
4591	45
4592	45
4593	45
4594	45
4595	44
4596	44
4597	44
4598	45
4599	45
4600	45
4601	45
4602	45
4603	44
4604	41
4605	41
4606	39
4607	39
4608	40
4609	40
4610	38
4611	38
4612	38
4613	39
4614	39
4615	38
4616	37
4617	37
4618	37
4619	37
4620	36
4621	35
4622	35
4623	35
4624	35
4625	35
4626	35
4627	35
4628	35
4629	35
4630	35
4631	36
4632	36
4633	37
4634	37
4635	37
4636	37
4637	37
4638	37
4639	37
4640	35
4641	35
4642	35
4643	35
4644	35
4645	35
4646	34
4647	35
4648	34
4649	35
4650	35
4651	35
4652	34
4653	34
4654	34
4655	34
4656	34
4657	33
4658	33
4659	33
4660	33
4661	33
4662	32
4663	32
4664	31
4665	30
4666	31
4667	32
4668	32
4669	32
4670	32
4671	33
4672	32
4673	32
4674	31
4675	31
4676	31
4677	31
4678	31
4679	32
4680	32
4681	31
4682	31
4683	31
4684	31
4685	30
4686	30
4687	30
4688	30
4689	30
4690	30
4691	30
4692	29
4693	29
4694	29
4695	29
4696	29
4697	29
4698	30
4699	31
4700	31
4701	31
4702	31
4703	31
4704	32
4705	33
4706	33
4707	33
4708	33
4709	33
4710	33
4711	33
4712	33
4713	33
4714	33
4715	33
4716	33
4717	33
4718	34
4719	34
4720	33
4721	33
4722	33
4723	33
4724	33
4725	33
4726	33
4727	33
4728	33
4729	33
4730	33
4731	33
4732	33
4733	33
4734	33
4735	33
4736	33
4737	32
4738	32
4739	32
4740	32
4741	32
4742	31
4743	31
4744	31
4745	31
4746	31
4747	32
4748	32
4749	32
4750	33
4751	34
4752	34
4753	34
4754	34
4755	33
4756	34
4757	34
4758	34
4759	34
4760	34
4761	34
4762	33
4763	33
4764	33
4765	33
4766	33
4767	33
4768	34
4769	33
4770	33
4771	33
4772	33
4773	34
4774	34
4775	34
4776	34
4777	34
4778	34
4779	34
4780	33
4781	33
4782	33
4783	33
4784	32
4785	32
4786	32
4787	32
4788	32
4789	32
4790	32
4791	31
4792	32
4793	32
4794	32
4795	32
4796	32
4797	32
4798	32
4799	32
4800	33
4801	33
4802	33
4803	33
4804	33
4805	33
4806	33
4807	33
4808	33
4809	33
4810	34
4811	33
4812	32
4813	31
4814	30
4815	30
4816	31
4817	31
4818	31
4819	31
4820	30
4821	29
4822	29
4823	30
4824	30
4825	31
4826	31
4827	31
4828	31
4829	30
4830	30
4831	30
4832	30
4833	31
4834	31
4835	32
4836	32
4837	33
4838	34
4839	34
4840	33
4841	33
4842	33
4843	33
4844	33
4845	33
4846	32
4847	32
4848	31
4849	31
4850	30
4851	30
4852	30
4853	31
4854	31
4855	31
4856	31
4857	33
4858	32
4859	31
4860	31
4861	31
4862	30
4863	30
4864	30
4865	30
4866	30
4867	30
4868	30
4869	30
4870	30
4871	30
4872	30
4873	31
4874	31
4875	31
4876	31
4877	31
4878	31
4879	31
4880	31
4881	32
4882	33
4883	33
4884	33
4885	33
4886	33
4887	33
4888	33
4889	33
4890	33
4891	35
4892	35
4893	35
4894	35
4895	35
4896	34
4897	34
4898	34
4899	34
4900	35
4901	35
4902	35
4903	33
4904	33
4905	32
4906	32
4907	32
4908	32
4909	30
4910	30
4911	30
4912	30
4913	31
4914	30
4915	30
4916	30
4917	31
4918	31
4919	32
4920	32
4921	32
4922	32
4923	32
4924	32
4925	32
4926	32
4927	32
4928	33
4929	33
4930	33
4931	33
4932	32
4933	32
4934	32
4935	32
4936	32
4937	32
4938	32
4939	33
4940	33
4941	33
4942	33
4943	33
4944	32
4945	31
4946	32
4947	32
4948	32
4949	32
4950	30
4951	29
4952	28
4953	28
4954	29
4955	28
4956	29
4957	29
4958	28
4959	27
4960	28
4961	29
4962	30
4963	29
4964	29
4965	29
4966	28
4967	28
4968	29
4969	29
4970	29
4971	29
4972	29
4973	28
4974	28
4975	28
4976	28
4977	28
4978	28
4979	28
4980	28
4981	28
4982	28
4983	28
4984	28
4985	28
4986	28
4987	28
4988	28
4989	28
4990	28
4991	28
4992	28
4993	28
4994	26
4995	26
4996	25
4997	24
4998	25
4999	25
5000	25
5001	25
5002	25
5003	25
5004	25
5005	25
5006	25
5007	25
5008	25
5009	25
5010	26
5011	26
5012	26
5013	26
5014	26
5015	26
5016	26
5017	26
5018	27
5019	27
5020	27
5021	26
5022	26
5023	26
5024	26
5025	26
5026	26
5027	26
5028	26
5029	27
5030	29
5031	29
5032	28
5033	29
5034	28
5035	29
5036	29
5037	29
5038	29
5039	29
5040	30
5041	30
5042	30
5043	30
5044	30
5045	29
5046	29
5047	29
5048	29
5049	30
5050	30
5051	31
5052	31
5053	31
5054	32
5055	32
5056	32
5057	33
5058	33
5059	33
5060	32
5061	31
5062	31
5063	32
5064	32
5065	32
5066	32
5067	32
5068	32
5069	32
5070	31
5071	32
5072	32
5073	32
5074	32
5075	32
5076	32
5077	33
5078	34
5079	34
5080	34
5081	34
5082	34
5083	34
5084	34
5085	33
5086	32
5087	30
5088	30
5089	30
5090	30
5091	31
5092	31
5093	31
5094	31
5095	32
5096	32
5097	32
5098	32
5099	31
5100	31
5101	32
5102	32
5103	32
5104	31
5105	31
5106	31
5107	31
5108	30
5109	30
5110	29
5111	29
5112	30
5113	30
5114	30
5115	30
5116	30
5117	30
5118	30
5119	30
5120	30
5121	30
5122	30
5123	30
5124	30
5125	30
5126	28
5127	29
5128	28
5129	29
5130	29
5131	29
5132	29
5133	30
5134	30
5135	30
5136	30
5137	30
5138	30
5139	30
5140	30
5141	30
5142	30
5143	29
5144	28
5145	28
5146	28
5147	28
5148	28
5149	28
5150	28
5151	27
5152	27
5153	27
5154	27
5155	27
5156	28
5157	28
5158	28
5159	28
5160	27
5161	27
5162	27
5163	27
5164	27
5165	27
5166	27
5167	27
5168	27
5169	27
5170	27
5171	28
5172	28
5173	29
5174	29
5175	29
5176	29
5177	30
5178	30
5179	30
5180	30
5181	30
5182	29
5183	29
5184	29
5185	29
5186	30
5187	30
5188	29
5189	29
5190	28
5191	28
5192	28
5193	28
5194	28
5195	28
5196	28
5197	28
5198	28
5199	28
5200	28
5201	28
5202	28
5203	27
5204	26
5205	26
5206	26
5207	26
5208	26
5209	25
5210	25
5211	24
5212	25
5213	25
5214	25
5215	25
5216	25
5217	25
5218	25
5219	25
5220	25
5221	24
5222	25
5223	25
5224	25
5225	25
5226	25
5227	25
5228	25
5229	27
5230	27
5231	28
5232	28
5233	28
5234	27
5235	27
5236	26
5237	26
5238	25
5239	26
5240	27
5241	27
5242	27
5243	27
5244	27
5245	27
5246	27
5247	27
5248	27
5249	27
5250	27
5251	29
5252	29
5253	29
5254	29
5255	29
5256	29
5257	28
5258	29
5259	28
5260	28
5261	29
5262	29
5263	29
5264	29
5265	29
5266	29
5267	29
5268	28
5269	28
5270	28
5271	28
5272	28
5273	28
5274	28
5275	28
5276	28
5277	29
5278	29
5279	29
5280	29
5281	28
5282	28
5283	29
5284	29
5285	29
5286	29
5287	30
5288	31
5289	31
5290	31
5291	31
5292	30
5293	30
5294	30
5295	29
5296	27
5297	26
5298	27
5299	27
5300	27
5301	27
5302	28
5303	28
5304	28
5305	28
5306	28
5307	28
5308	27
5309	27
5310	26
5311	26
5312	28
5313	27
5314	27
5315	27
5316	28
5317	28
5318	28
5319	28
5320	28
5321	28
5322	28
5323	28
5324	27
5325	27
5326	27
5327	27
5328	27
5329	28
5330	28
5331	28
5332	28
5333	28
5334	30
5335	30
5336	30
5337	30
5338	32
5339	32
5340	32
5341	32
5342	32
5343	32
5344	31
5345	30
5346	29
5347	29
5348	28
5349	28
5350	28
5351	28
5352	28
5353	28
5354	27
5355	27
5356	26
5357	27
5358	27
5359	28
5360	28
5361	28
5362	28
5363	28
5364	29
5365	30
5366	30
5367	29
5368	28
5369	28
5370	28
5371	28
5372	29
5373	31
5374	31
5375	31
5376	32
5377	32
5378	33
5379	33
5380	33
5381	33
5382	32
5383	32
5384	32
5385	33
5386	33
5387	32
5388	32
5389	32
5390	32
5391	32
5392	32
5393	32
5394	33
5395	32
5396	33
5397	32
5398	32
5399	32
5400	34
5401	34
5402	34
5403	34
5404	34
5405	33
5406	33
5407	33
5408	33
5409	33
5410	33
5411	33
5412	33
5413	33
5414	34
5415	34
5416	34
5417	34
5418	34
5419	33
5420	33
5421	34
5422	34
5423	34
5424	34
5425	34
5426	33
5427	33
5428	33
5429	32
5430	32
5431	32
5432	33
5433	34
5434	34
5435	34
5436	34
5437	34
5438	35
5439	35
5440	34
5441	34
5442	34
5443	35
5444	35
5445	35
5446	35
5447	35
5448	35
5449	35
5450	36
5451	35
5452	34
5453	34
5454	34
5455	34
5456	34
5457	34
5458	34
5459	34
5460	34
5461	33
5462	34
5463	35
5464	34
5465	34
5466	34
5467	34
5468	35
5469	35
5470	35
5471	36
5472	35
5473	35
5474	34
5475	34
5476	34
5477	34
5478	34
5479	34
5480	34
5481	34
5482	34
5483	35
5484	35
5485	34
5486	35
5487	35
5488	36
5489	35
5490	35
5491	35
5492	35
5493	35
5494	35
5495	35
5496	35
5497	35
5498	35
5499	35
5500	35
5501	35
5502	35
5503	35
5504	35
5505	37
5506	37
5507	37
5508	38
5509	38
5510	38
5511	38
5512	37
5513	38
5514	38
5515	39
5516	39
5517	39
5518	39
5519	39
5520	38
5521	38
5522	38
5523	38
5524	38
5525	38
5526	38
5527	38
5528	38
5529	37
5530	37
5531	37
5532	37
5533	36
5534	36
5535	35
5536	36
5537	37
5538	37
5539	37
5540	37
5541	37
5542	36
5543	37
5544	37
5545	38
5546	38
5547	38
5548	38
5549	38
5550	38
5551	37
5552	37
5553	38
5554	40
5555	40
5556	40
5557	40
5558	40
5559	40
5560	40
5561	40
5562	40
5563	40
5564	40
5565	40
5566	40
5567	40
5568	41
5569	40
5570	40
5571	40
5572	40
5573	40
5574	41
5575	40
5576	41
5577	41
5578	41
5579	41
5580	42
5581	42
5582	42
5583	42
5584	42
5585	42
5586	42
5587	43
5588	43
5589	40
5590	40
5591	40
5592	41
5593	41
5594	40
5595	40
5596	40
5597	41
5598	41
5599	42
5600	43
5601	43
5602	43
5603	43
5604	43
5605	43
5606	43
5607	42
5608	42
5609	41
5610	40
5611	40
5612	40
5613	40
5614	40
5615	40
5616	43
5617	43
5618	44
5619	45
5620	45
5621	46
5622	44
5623	44
5624	43
5625	43
5626	43
5627	43
5628	42
5629	43
5630	42
5631	42
5632	43
5633	42
5634	43
5635	43
5636	43
5637	43
5638	43
5639	43
5640	43
5641	43
5642	44
5643	44
5644	44
5645	44
5646	44
5647	42
5648	43
5649	43
5650	43
5651	42
5652	42
5653	43
5654	43
5655	43
5656	43
5657	42
5658	40
5659	40
5660	40
5661	40
5662	40
5663	40
5664	40
5665	40
5666	40
5667	40
5668	40
5669	40
5670	40
5671	40
5672	39
5673	38
5674	38
5675	38
5676	38
5677	38
5678	37
5679	37
5680	36
5681	36
5682	35
5683	35
5684	34
5685	33
5686	33
5687	32
5688	33
5689	33
5690	33
5691	34
5692	33
5693	32
5694	32
5695	32
5696	32
5697	32
5698	32
5699	32
5700	32
5701	32
5702	32
5703	31
5704	31
5705	30
5706	30
5707	30
5708	32
5709	32
5710	32
5711	32
5712	32
5713	32
5714	33
5715	32
5716	31
5717	31
5718	31
5719	31
5720	31
5721	31
5722	31
5723	30
5724	30
5725	30
5726	30
5727	30
5728	30
5729	30
5730	29
5731	29
5732	29
5733	29
5734	29
5735	31
5736	32
5737	33
5738	33
5739	33
5740	33
5741	33
5742	32
5743	32
5744	31
5745	31
5746	31
5747	32
5748	33
5749	33
5750	32
5751	32
5752	32
5753	34
5754	34
5755	34
5756	34
5757	34
5758	34
5759	34
5760	33
5761	33
5762	32
5763	33
5764	33
5765	31
5766	32
5767	32
5768	31
5769	31
5770	31
5771	32
5772	32
5773	33
5774	33
5775	32
5776	31
5777	32
5778	32
5779	33
5780	32
5781	33
5782	33
5783	33
5784	33
5785	33
5786	33
5787	33
5788	32
5789	33
5790	33
5791	34
5792	33
5793	34
5794	34
5795	35
5796	35
5797	35
5798	35
5799	36
5800	36
5801	36
5802	36
5803	36
5804	36
5805	36
5806	35
5807	35
5808	36
5809	35
5810	37
5811	36
5812	36
5813	36
5814	36
5815	35
5816	35
5817	35
5818	35
5819	34
5820	34
5821	33
5822	33
5823	34
5824	34
5825	34
5826	34
5827	36
5828	36
5829	36
5830	36
5831	35
5832	35
5833	35
5834	34
5835	34
5836	34
5837	33
5838	34
5839	34
5840	35
5841	35
5842	35
5843	35
5844	34
5845	34
5846	33
5847	34
5848	34
5849	33
5850	33
5851	34
5852	36
5853	35
5854	35
5855	35
5856	35
5857	34
5858	34
5859	34
5860	32
5861	32
5862	31
5863	31
5864	31
5865	31
5866	31
5867	31
5868	31
5869	33
5870	33
5871	33
5872	33
5873	33
5874	33
5875	33
5876	33
5877	33
5878	32
5879	31
5880	31
5881	31
5882	31
5883	31
5884	31
5885	31
5886	31
5887	31
5888	31
5889	31
5890	32
5891	31
5892	33
5893	33
5894	33
5895	34
5896	33
5897	33
5898	33
5899	32
5900	32
5901	32
5902	31
5903	31
5904	30
5905	30
5906	30
5907	29
5908	30
5909	30
5910	31
5911	32
5912	32
5913	32
5914	32
5915	32
5916	31
5917	31
5918	31
5919	31
5920	31
5921	32
5922	32
5923	32
5924	33
5925	33
5926	34
5927	35
5928	35
5929	36
5930	36
5931	36
5932	36
5933	35
5934	37
5935	37
5936	38
5937	37
5938	37
5939	38
5940	37
5941	37
5942	35
5943	33
5944	33
5945	32
5946	33
5947	33
5948	34
5949	33
5950	33
5951	32
5952	32
5953	32
5954	33
5955	33
5956	33
5957	33
5958	33
5959	33
5960	33
5961	34
5962	34
5963	34
5964	34
5965	34
5966	35
5967	35
5968	35
5969	34
5970	35
5971	35
5972	35
5973	34
5974	34
5975	34
5976	34
5977	34
5978	34
5979	35
5980	35
5981	35
5982	35
5983	35
5984	34
5985	33
5986	34
5987	34
5988	35
5989	36
5990	36
5991	36
5992	36
5993	35
5994	36
5995	36
5996	36
5997	36
5998	36
5999	37
6000	36
6001	36
6002	34
6003	34
6004	34
6005	33
6006	33
6007	32
6008	32
6009	31
6010	31
6011	32
6012	32
6013	32
6014	32
6015	31
6016	30
6017	30
6018	30
6019	30
6020	30
6021	29
6022	30
6023	31
6024	31
6025	30
6026	29
6027	28
6028	28
6029	28
6030	30
6031	30
6032	30
6033	30
6034	30
6035	30
6036	30
6037	30
6038	30
6039	30
6040	30
6041	30
6042	30
6043	30
6044	30
6045	31
6046	31
6047	32
6048	32
6049	32
6050	32
6051	31
6052	30
6053	29
6054	30
6055	30
6056	30
6057	30
6058	30
6059	30
6060	30
6061	31
6062	30
6063	29
6064	29
6065	29
6066	29
6067	29
6068	28
6069	28
6070	29
6071	28
6072	29
6073	26
6074	26
6075	27
6076	27
6077	27
6078	26
6079	26
6080	27
6081	27
6082	27
6083	27
6084	27
6085	27
6086	27
6087	27
6088	28
6089	28
6090	28
6091	28
6092	29
6093	29
6094	29
6095	30
6096	30
6097	30
6098	30
6099	30
6100	31
6101	31
6102	31
6103	31
6104	31
6105	31
6106	31
6107	31
6108	31
6109	32
6110	31
6111	31
6112	31
6113	31
6114	31
6115	31
6116	31
6117	32
6118	32
6119	31
6120	31
6121	31
6122	30
6123	30
6124	30
6125	30
6126	30
6127	30
6128	29
6129	29
6130	30
6131	30
6132	30
6133	32
6134	32
6135	32
6136	32
6137	32
6138	31
6139	31
6140	30
6141	30
6142	31
6143	31
6144	30
6145	30
6146	30
6147	31
6148	32
6149	32
6150	33
6151	33
6152	34
6153	34
6154	34
6155	34
6156	34
6157	34
6158	34
6159	34
6160	34
6161	34
6162	34
6163	32
6164	31
6165	31
6166	31
6167	32
6168	31
6169	31
6170	30
6171	30
6172	31
6173	31
6174	31
6175	31
6176	31
6177	32
6178	32
6179	32
6180	32
6181	32
6182	32
6183	32
6184	32
6185	32
6186	31
6187	31
6188	31
6189	31
6190	31
6191	31
6192	32
6193	33
6194	33
6195	33
6196	33
6197	33
6198	33
6199	32
6200	31
6201	31
6202	31
6203	31
6204	31
6205	31
6206	31
6207	31
6208	32
6209	32
6210	33
6211	33
6212	32
6213	32
6214	32
6215	32
6216	33
6217	32
6218	32
6219	32
6220	32
6221	32
6222	31
6223	31
6224	30
6225	30
6226	29
6227	29
6228	30
6229	30
6230	28
6231	28
6232	28
6233	29
6234	29
6235	29
6236	28
6237	28
6238	28
6239	27
6240	27
6241	26
6242	28
6243	28
6244	29
6245	29
6246	29
6247	28
6248	27
6249	27
6250	27
6251	27
6252	27
6253	27
6254	28
6255	27
6256	27
6257	28
6258	28
6259	29
6260	29
6261	30
6262	30
6263	30
6264	30
6265	31
6266	32
6267	32
6268	34
6269	34
6270	33
6271	34
6272	33
6273	34
6274	34
6275	34
6276	34
6277	34
6278	34
6279	34
6280	35
6281	35
6282	34
6283	33
6284	33
6285	33
6286	33
6287	33
6288	33
6289	33
6290	34
6291	34
6292	35
6293	36
6294	36
6295	36
6296	36
6297	36
6298	36
6299	36
6300	36
6301	37
6302	37
6303	37
6304	38
6305	37
6306	37
6307	37
6308	37
6309	37
6310	38
6311	38
6312	38
6313	37
6314	37
6315	37
6316	37
6317	36
6318	37
6319	37
6320	38
6321	38
6322	38
6323	38
6324	38
6325	38
6326	38
6327	38
6328	37
6329	38
6330	37
6331	37
6332	37
6333	35
6334	36
6335	36
6336	36
6337	36
6338	36
6339	37
6340	37
6341	36
6342	36
6343	36
6344	35
6345	36
6346	36
6347	36
6348	36
6349	35
6350	35
6351	35
6352	33
6353	33
6354	33
6355	33
6356	33
6357	33
6358	33
6359	31
6360	31
6361	31
6362	31
6363	32
6364	34
6365	34
6366	35
6367	34
6368	35
6369	34
6370	34
6371	35
6372	37
6373	37
6374	38
6375	38
6376	39
6377	39
6378	39
6379	39
6380	38
6381	38
6382	38
6383	38
6384	38
6385	39
6386	39
6387	39
6388	39
6389	39
6390	40
6391	40
6392	40
6393	41
6394	41
6395	41
6396	41
6397	41
6398	40
6399	39
6400	39
6401	39
6402	38
6403	40
6404	40
6405	40
6406	41
6407	41
6408	42
6409	43
6410	43
6411	43
6412	43
6413	43
6414	44
6415	44
6416	44
6417	45
6418	44
6419	44
6420	46
6421	46
6422	46
6423	46
6424	46
6425	46
6426	47
6427	47
6428	47
6429	47
6430	47
6431	47
6432	46
6433	46
6434	45
6435	45
6436	45
6437	45
6438	44
6439	45
6440	45
6441	44
6442	44
6443	44
6444	44
6445	44
6446	44
6447	42
6448	42
6449	42
6450	41
6451	42
6452	42
6453	42
6454	42
6455	42
6456	42
6457	43
6458	43
6459	43
6460	44
6461	44
6462	44
6463	44
6464	44
6465	44
6466	44
6467	44
6468	43
6469	43
6470	43
6471	43
6472	43
6473	43
6474	43
6475	43
6476	42
6477	42
6478	41
6479	40
6480	40
6481	40
6482	40
6483	39
6484	39
6485	39
6486	39
6487	38
6488	38
6489	38
6490	38
6491	38
6492	37
6493	37
6494	36
6495	35
6496	35
6497	34
6498	34
6499	36
6500	37
6501	37
6502	37
6503	37
6504	39
6505	38
6506	38
6507	39
6508	39
6509	39
6510	39
6511	39
6512	40
6513	41
6514	41
6515	41
6516	42
6517	42
6518	41
6519	39
6520	38
6521	38
6522	39
6523	40
6524	39
6525	41
6526	41
6527	40
6528	40
6529	39
6530	39
6531	40
6532	40
6533	40
6534	40
6535	40
6536	39
6537	39
6538	40
6539	40
6540	40
6541	40
6542	40
6543	39
6544	39
6545	38
6546	37
6547	36
6548	36
6549	36
6550	36
6551	36
6552	36
6553	37
6554	36
6555	36
6556	36
6557	37
6558	37
6559	37
6560	37
6561	37
6562	37
6563	38
6564	38
6565	38
6566	37
6567	37
6568	37
6569	36
6570	37
6571	35
6572	35
6573	34
6574	33
6575	32
6576	32
6577	32
6578	31
6579	30
6580	30
6581	30
6582	31
6583	31
6584	31
6585	31
6586	31
6587	32
6588	31
6589	31
6590	31
6591	31
6592	32
6593	31
6594	32
6595	32
6596	31
6597	31
6598	31
6599	32
6600	32
6601	32
6602	32
6603	32
6604	32
6605	32
6606	32
6607	31
6608	32
6609	32
6610	32
6611	32
6612	32
6613	32
6614	31
6615	31
6616	31
6617	31
6618	31
6619	31
6620	30
6621	30
6622	30
6623	30
6624	30
6625	30
6626	31
6627	30
6628	30
6629	31
6630	31
6631	30
6632	30
6633	30
6634	31
6635	31
6636	31
6637	31
6638	32
6639	31
6640	31
6641	32
6642	32
6643	32
6644	31
6645	33
6646	33
6647	33
6648	33
6649	33
6650	33
6651	34
6652	34
6653	34
6654	34
6655	34
6656	33
6657	33
6658	33
6659	34
6660	34
6661	35
6662	35
6663	36
6664	36
6665	37
6666	36
6667	36
6668	36
6669	36
6670	36
6671	37
6672	37
6673	38
6674	38
6675	39
6676	39
6677	39
6678	40
6679	39
6680	41
6681	42
6682	43
6683	42
6684	43
6685	44
6686	45
6687	44
6688	44
6689	44
6690	44
6691	43
6692	43
6693	42
6694	41
6695	41
6696	41
6697	41
6698	41
6699	40
6700	40
6701	40
6702	40
6703	40
6704	40
6705	40
6706	41
6707	41
6708	41
6709	41
6710	41
6711	41
6712	41
6713	40
6714	40
6715	40
6716	41
6717	42
6718	42
6719	42
6720	43
6721	43
6722	43
6723	43
6724	43
6725	42
6726	41
6727	41
6728	41
6729	41
6730	41
6731	41
6732	41
6733	41
6734	41
6735	42
6736	42
6737	43
6738	43
6739	44
6740	44
6741	44
6742	42
6743	42
6744	42
6745	42
6746	42
6747	41
6748	41
6749	42
6750	40
6751	40
6752	40
6753	39
6754	37
6755	36
6756	36
6757	37
6758	36
6759	36
6760	34
6761	34
6762	34
6763	34
6764	34
6765	34
6766	34
6767	34
6768	34
6769	35
6770	35
6771	35
6772	35
6773	36
6774	36
6775	36
6776	37
6777	37
6778	37
6779	38
6780	37
6781	37
6782	37
6783	37
6784	37
6785	37
6786	37
6787	37
6788	37
6789	38
6790	38
6791	38
6792	38
6793	37
6794	37
6795	37
6796	37
6797	37
6798	37
6799	37
6800	37
6801	37
6802	36
6803	36
6804	36
6805	36
6806	35
6807	36
6808	36
6809	36
6810	36
6811	35
6812	35
6813	34
6814	34
6815	34
6816	34
6817	33
6818	32
6819	32
6820	31
6821	31
6822	31
6823	31
6824	31
6825	30
6826	31
6827	32
6828	33
6829	34
6830	33
6831	35
6832	35
6833	37
6834	38
6835	38
6836	38
6837	39
6838	38
6839	37
6840	37
6841	38
6842	38
6843	37
6844	37
6845	35
6846	35
6847	33
6848	34
6849	33
6850	33
6851	32
6852	33
6853	33
6854	34
6855	34
6856	34
6857	33
6858	33
6859	32
6860	31
6861	30
6862	29
6863	29
6864	30
6865	30
6866	30
6867	31
6868	31
6869	31
6870	31
6871	31
6872	31
6873	31
6874	31
6875	31
6876	31
6877	31
6878	31
6879	31
6880	31
6881	31
6882	31
6883	31
6884	30
6885	30
6886	30
6887	30
6888	31
6889	31
6890	31
6891	31
6892	30
6893	30
6894	30
6895	31
6896	32
6897	32
6898	34
6899	34
6900	35
6901	35
6902	36
6903	35
6904	33
6905	33
6906	32
6907	32
6908	32
6909	32
6910	31
6911	29
6912	29
6913	28
6914	29
6915	30
6916	30
6917	30
6918	31
6919	31
6920	31
6921	32
6922	30
6923	30
6924	29
6925	30
6926	30
6927	29
6928	29
6929	29
6930	29
6931	29
6932	28
6933	29
6934	29
6935	29
6936	29
6937	30
6938	31
6939	31
6940	30
6941	31
6942	31
6943	31
6944	31
6945	30
6946	31
6947	32
6948	33
6949	33
6950	33
6951	33
6952	32
6953	33
6954	33
6955	33
6956	33
6957	33
6958	33
6959	33
6960	33
6961	31
6962	31
6963	31
6964	31
6965	31
6966	31
6967	31
6968	30
6969	30
6970	30
6971	30
6972	29
6973	28
6974	30
6975	30
6976	30
6977	30
6978	29
6979	29
6980	27
6981	28
6982	28
6983	27
6984	26
6985	27
6986	27
6987	27
6988	27
6989	27
6990	27
6991	27
6992	28
6993	28
6994	27
6995	27
6996	28
6997	28
6998	29
6999	28
7000	29
7001	28
7002	29
7003	29
7004	30
7005	30
7006	30
7007	30
7008	30
7009	30
7010	30
7011	30
7012	30
7013	30
7014	30
7015	30
7016	30
7017	30
7018	30
7019	30
7020	30
7021	30
7022	30
7023	30
7024	29
7025	29
7026	29
7027	29
7028	30
7029	30
7030	30
7031	30
7032	30
7033	30
7034	30
7035	30
7036	30
7037	30
7038	30
7039	31
7040	32
7041	33
7042	32
7043	32
7044	32
7045	31
7046	31
7047	31
7048	31
7049	32
7050	33
7051	35
7052	35
7053	36
7054	36
7055	37
7056	38
7057	37
7058	37
7059	38
7060	37
7061	38
7062	38
7063	38
7064	38
7065	38
7066	38
7067	38
7068	38
7069	39
7070	40
7071	40
7072	39
7073	38
7074	38
7075	38
7076	38
7077	38
7078	38
7079	38
7080	38
7081	38
7082	39
7083	39
7084	39
7085	39
7086	39
7087	40
7088	40
7089	40
7090	40
7091	39
7092	38
7093	37
7094	37
7095	37
7096	36
7097	37
7098	37
7099	37
7100	37
7101	37
7102	37
7103	37
7104	37
7105	37
7106	37
7107	37
7108	36
7109	35
7110	35
7111	35
7112	35
7113	33
7114	33
7115	33
7116	33
7117	34
7118	34
7119	34
7120	33
7121	34
7122	34
7123	34
7124	34
7125	34
7126	34
7127	34
7128	33
7129	33
7130	33
7131	33
7132	32
7133	32
7134	31
7135	31
7136	30
7137	30
7138	30
7139	30
7140	29
7141	28
7142	28
7143	27
7144	28
7145	28
7146	28
7147	26
7148	26
7149	26
7150	27
7151	27
7152	28
7153	28
7154	28
7155	29
7156	29
7157	29
7158	29
7159	29
7160	29
7161	29
7162	29
7163	29
7164	29
7165	30
7166	30
7167	30
7168	30
7169	30
7170	30
7171	30
7172	29
7173	29
7174	29
7175	30
7176	30
7177	31
7178	31
7179	31
7180	31
7181	31
7182	31
7183	31
7184	30
7185	31
7186	31
7187	31
7188	30
7189	30
7190	32
7191	32
7192	33
7193	33
7194	33
7195	33
7196	33
7197	33
7198	33
7199	33
7200	31
7201	31
7202	31
7203	31
7204	31
7205	31
7206	31
7207	32
7208	32
7209	32
7210	31
7211	31
7212	31
7213	31
7214	30
7215	29
7216	29
7217	29
7218	28
7219	27
7220	27
7221	27
7222	27
7223	27
7224	27
7225	27
7226	27
7227	27
7228	27
7229	27
7230	27
7231	26
7232	26
7233	25
7234	25
7235	25
7236	25
7237	25
7238	25
7239	25
7240	25
7241	25
7242	25
7243	24
7244	23
7245	23
7246	23
7247	23
7248	22
7249	22
7250	22
7251	22
7252	22
7253	22
7254	22
7255	22
7256	22
7257	22
7258	22
7259	22
7260	21
7261	21
7262	21
7263	21
7264	21
7265	21
7266	21
7267	22
7268	22
7269	22
7270	22
7271	22
7272	22
7273	22
7274	21
7275	21
7276	21
7277	21
7278	21
7279	21
7280	20
7281	20
7282	20
7283	20
7284	20
7285	20
7286	20
7287	20
7288	20
7289	20
7290	20
7291	20
7292	19
7293	19
7294	18
7295	18
7296	18
7297	18
7298	18
7299	18
7300	18
7301	18
7302	18
7303	18
7304	17
7305	17
7306	16
7307	16
7308	16
7309	17
7310	18
7311	18
7312	19
7313	19
7314	20
7315	20
7316	21
7317	21
7318	20
7319	20
7320	20
7321	20
7322	20
7323	20
7324	20
7325	20
7326	20
7327	20
7328	21
7329	21
7330	21
7331	21
7332	21
7333	21
7334	21
7335	21
7336	21
7337	20
7338	20
7339	20
7340	20
7341	20
7342	20
7343	20
7344	20
7345	20
7346	20
7347	20
7348	19
7349	19
7350	19
7351	19
7352	19
7353	19
7354	19
7355	19
7356	19
7357	19
7358	19
7359	19
7360	19
7361	19
7362	19
7363	19
7364	19
7365	19
7366	19
7367	19
7368	19
7369	18
7370	18
7371	18
7372	18
7373	18
7374	18
7375	18
7376	19
7377	19
7378	20
7379	20
7380	20
7381	21
7382	21
7383	20
7384	20
7385	19
7386	19
7387	19
7388	19
7389	19
7390	19
7391	19
7392	19
7393	19
7394	18
7395	18
7396	18
7397	18
7398	18
7399	17
7400	17
7401	17
7402	17
7403	17
7404	17
7405	17
7406	16
7407	16
7408	15
7409	15
7410	15
7411	15
7412	15
7413	14
7414	14
7415	14
7416	14
7417	14
7418	14
7419	14
7420	14
7421	14
7422	14
7423	14
7424	14
7425	14
7426	14
7427	14
7428	13
7429	12
7430	12
7431	12
7432	12
7433	12
7434	11
7435	11
7436	11
7437	11
7438	11
7439	11
7440	11
7441	11
7442	11
7443	11
7444	11
7445	11
7446	11
7447	11
7448	11
7449	11
7450	10
7451	9
7452	9
7453	9
7454	9
7455	9
7456	10
7457	10
7458	10
7459	10
7460	10
7461	9
7462	9
7463	9
7464	8
7465	7
7466	7
7467	7
7468	7
7469	7
7470	7
7471	7
7472	7
7473	7
7474	7
7475	7
7476	7
7477	7
7478	7
7479	7
7480	8
7481	8
7482	8
7483	8
7484	8
7485	8
7486	8
7487	8
7488	8
7489	8
7490	8
7491	8
7492	8
7493	8
7494	8
7495	8
7496	8
7497	8
7498	8
7499	8
7500	8
7501	8
7502	8
7503	8
7504	8
7505	8
7506	8
7507	8
7508	8
7509	8
7510	8
7511	8
7512	8
7513	8
7514	8
7515	7
7516	7
7517	7
7518	7
7519	7
7520	7
7521	7
7522	6
7523	6
7524	6
7525	6
7526	6
7527	6
7528	6
7529	6
7530	6
7531	6
7532	6
7533	6
7534	6
7535	6
7536	6
7537	6
7538	5
7539	5
7540	5
7541	5
7542	5
7543	5
7544	4
7545	4
7546	3
7547	3
7548	3
7549	3
7550	4
7551	5
7552	5
7553	6
7554	6
7555	6
7556	6
7557	6
7558	6
7559	5
7560	5
7561	5
7562	5
7563	5
7564	5
7565	5
7566	5
7567	5
7568	5
7569	5
7570	5
7571	4
7572	4
7573	4
7574	4
7575	4
7576	4
7577	5
7578	5
7579	6
7580	6
7581	6
7582	6
7583	6
7584	6
7585	6
7586	6
7587	6
7588	6
7589	5
7590	5
7591	5
7592	5
7593	5
7594	5
7595	5
7596	5
7597	5
7598	5
7599	5
7600	5
7601	5
7602	5
7603	5
7604	5
7605	5
7606	5
7607	5
7608	5
7609	5
7610	5
7611	5
7612	5
7613	5
7614	5
7615	5
7616	5
7617	5
7618	5
7619	5
7620	5
7621	5
7622	5
7623	5
7624	5
7625	5
7626	5
7627	5
7628	5
7629	5
7630	5
7631	5
7632	5
7633	5
7634	5
7635	5
7636	5
7637	5
7638	5
7639	5
7640	5
7641	5
7642	5
7643	5
7644	5
7645	4
7646	3
7647	2
7648	2
7649	1
7650	0
7651	0
7652	0
7653	0
7654	0
7655	0
7656	0
7657	0
7658	0
7659	0
7660	0
7661	0
7662	0
7663	0
7664	0
7665	0
7666	0
7667	0
7668	0
7669	0
7670	0
7671	0
7672	0
7673	0
7674	0
7675	0
7676	0
7677	0
7678	0
7679	0
7680	0
7681	0
7682	0
7683	0
7684	0
7685	0
7686	0
7687	0
7688	0
7689	0
7690	0
7691	1
7692	1
7693	1
7694	1
7695	1
7696	1
7697	1
7698	1
7699	1
7700	1
7701	1
7702	1
7703	1
7704	1
7705	1
7706	1
7707	1
7708	1
7709	1
7710	1
7711	1
7712	1
7713	1
7714	1
7715	1
7716	1
7717	1
7718	1
7719	1
7720	1
7721	1
7722	1
7723	1
7724	1
7725	1
7726	1
7727	1
7728	1
7729	1
7730	1
7731	1
7732	1
7733	1
7734	1
7735	1
7736	1
7737	1
7738	1
7739	1
7740	1
7741	1
7742	1
7743	1
7744	1
7745	1
7746	1
7747	1
7748	1
7749	1
7750	1
7751	1
7752	1
7753	1
7754	1
7755	1
7756	1
7757	1
7758	1
7759	1
7760	0
7761	0
7762	0
7763	0
7764	0
7765	0
7766	0
7767	0
7768	0
7769	0
7770	0
7771	0
7772	0
7773	0
7774	0
7775	0
7776	0
7777	0
7778	0
7779	0
7780	0
7781	0
7782	0
7783	0
7784	0
7785	0
7786	0
7787	0
7788	0
7789	0
7790	0
7791	0
7792	0
7793	0
7794	0
7795	0
7796	0
7797	0
7798	0
7799	0
7800	0
7801	0
7802	0
7803	0
7804	0
7805	0
7806	0
7807	0
7808	0
7809	0
7810	0
7811	0
7812	0
7813	0
7814	0
7815	0
7816	0
7817	0
7818	0
7819	0
7820	0
7821	0
7822	0
7823	0
7824	0
7825	0
7826	0
7827	0
7828	0
7829	0
7830	0
7831	0
7832	0
7833	0
7834	0
7835	0
7836	0
7837	0
7838	0
7839	0
7840	0
7841	0
7842	0
7843	0
7844	0
7845	0
7846	0
7847	0
7848	0
7849	0
7850	0
7851	0
7852	0
7853	0
7854	0
7855	0
7856	0
7857	0
7858	0
7859	0
7860	0
7861	0
7862	0
7863	0
7864	0
7865	0
7866	0
7867	0
7868	0
7869	0
7870	0
7871	0
7872	0
7873	0
7874	0
7875	0
7876	0
7877	0
7878	0
7879	0
7880	0
7881	0
7882	0
7883	0
7884	0
7885	0
7886	0
7887	0
7888	0
7889	0
7890	0
7891	0
7892	0
7893	0
7894	0
7895	0
7896	0
7897	0
7898	0
7899	0
7900	0
7901	0
7902	0
7903	0
7904	0
7905	0
7906	0
7907	0
7908	0
7909	0
7910	0
7911	0
7912	0
7913	0
7914	0
7915	0
7916	0
7917	0
7918	0
7919	0
7920	0
7921	0
7922	0
7923	0
7924	0
7925	0
7926	0
7927	0
7928	0
7929	0
7930	0
7931	0
7932	0
7933	0
7934	0
7935	0
7936	0
7937	0
7938	0
7939	0
7940	0
7941	0
7942	0
7943	0
7944	0
7945	0
7946	0
7947	0
7948	0
7949	0
7950	0
7951	0
7952	0
7953	0
7954	0
7955	0
7956	0
7957	0
7958	0
7959	0
7960	0
7961	0
7962	0
7963	0
7964	0
7965	0
7966	0
7967	0
7968	0
7969	0
7970	0
7971	0
7972	0
7973	0
7974	0
7975	0
7976	0
7977	0
7978	0
7979	0
7980	0
7981	0
7982	0
7983	0
7984	0
7985	0
7986	0
7987	0
7988	0
7989	0
7990	0
7991	0
7992	0
7993	0
7994	0
7995	0
7996	0
7997	0
7998	0
7999	0
8000	0
8001	0
8002	0
8003	0
8004	0
8005	0
8006	0
8007	0
8008	0
8009	0
8010	0
8011	0
8012	0
8013	0
8014	0
8015	0
8016	0
8017	0
8018	0
8019	0
8020	0
8021	0
8022	0
8023	0
8024	0
8025	0
8026	0
8027	0
8028	0
8029	0
8030	0
8031	0
8032	0
8033	0
8034	0
8035	0
8036	0
8037	0
8038	0
8039	0
8040	0
8041	0
8042	0
8043	0
8044	0
8045	0
8046	0
8047	0
8048	0
8049	0
8050	0
8051	0
8052	0
8053	0
8054	0
8055	0
8056	0
8057	0
8058	0
8059	0
8060	0
8061	0
8062	0
8063	0
8064	0
8065	0
8066	0
8067	0
8068	0
8069	0
8070	0
8071	0
8072	0
8073	0
8074	0
8075	0
8076	0
8077	0
8078	0
8079	0
8080	0
8081	0
8082	0
8083	0
8084	0
8085	0
8086	0
8087	0
8088	0
8089	0
8090	0
8091	0
8092	0
8093	0
8094	0
8095	0
8096	0
8097	0
8098	0
8099	0
8100	0
8101	0
8102	0
8103	0
8104	0
8105	0
8106	0
8107	0
8108	0
8109	0
8110	0
8111	0
8112	0
8113	0
8114	0
8115	0
8116	0
8117	0
8118	0
8119	0
8120	0
8121	0
8122	0
8123	0
8124	0
8125	0
8126	0
8127	0
8128	0
8129	0
8130	0
8131	0
8132	0
8133	0
8134	0
8135	0
8136	0
8137	0
8138	0
8139	0
8140	0
8141	0
8142	0
8143	0
8144	0
8145	0
8146	0
8147	0
8148	0
8149	0
8150	0
8151	0
8152	0
8153	0
8154	0
8155	0
8156	0
8157	0
8158	0
8159	0
8160	0
8161	0
8162	0
8163	0
8164	0
8165	0
8166	0
8167	0
8168	0
8169	0
8170	0
8171	0
8172	0
8173	0
8174	0
8175	0
8176	0
8177	0
8178	0
8179	0
8180	0
8181	0
8182	0
8183	0
8184	0
8185	0
8186	0
8187	0
8188	0
8189	0
8190	0
8191	0
8192	0
8193	0
8194	0
8195	0
8196	0
8197	0
8198	0
8199	0
8200	0
8201	0
8202	0
