1	0
2	0
3	0
4	0
5	0
6	0
7	0
8	0
9	0
10	0
11	0
12	0
13	0
14	0
15	0
16	0
17	0
18	0
19	0
20	0
21	1
22	2
23	2
24	2
25	2
26	2
27	2
28	2
29	2
30	3
31	3
32	3
33	3
34	3
35	3
36	3
37	3
38	3
39	3
40	3
41	3
42	3
43	3
44	3
45	3
46	3
47	3
48	3
49	3
50	3
51	3
52	3
53	3
54	3
55	3
56	3
57	3
58	3
59	3
60	3
61	3
62	3
63	3
64	3
65	3
66	3
67	3
68	3
69	3
70	3
71	3
72	3
73	3
74	3
75	3
76	3
77	3
78	3
79	3
80	3
81	2
82	2
83	2
84	2
85	2
86	2
87	2
88	2
89	2
90	2
91	2
92	2
93	2
94	2
95	2
96	2
97	2
98	2
99	2
100	2
101	2
102	2
103	2
104	2
105	2
106	2
107	2
108	2
109	2
110	2
111	2
112	2
113	2
114	2
115	2
116	2
117	2
118	2
119	2
120	2
121	2
122	2
123	2
124	2
125	3
126	3
127	3
128	3
129	3
130	3
131	3
132	3
133	3
134	3
135	3
136	3
137	3
138	3
139	3
140	3
141	3
142	3
143	3
144	3
145	4
146	4
147	4
148	4
149	4
150	4
151	4
152	4
153	4
154	4
155	4
156	4
157	4
158	4
159	4
160	4
161	4
162	4
163	4
164	4
165	4
166	4
167	4
168	4
169	4
170	4
171	4
172	4
173	4
174	4
175	4
176	4
177	4
178	4
179	4
180	4
181	4
182	4
183	4
184	4
185	4
186	4
187	4
188	4
189	4
190	4
191	4
192	4
193	4
194	4
195	4
196	3
197	3
198	3
199	3
200	3
201	3
202	3
203	3
204	3
205	3
206	3
207	3
208	3
209	3
210	3
211	3
212	3
213	3
214	3
215	4
216	4
217	4
218	4
219	4
220	4
221	4
222	4
223	4
224	4
225	4
226	4
227	4
228	4
229	4
230	4
231	4
232	4
233	4
234	4
235	4
236	5
237	5
238	5
239	5
240	5
241	5
242	5
243	5
244	5
245	5
246	5
247	5
248	6
249	6
250	6
251	6
252	6
253	6
254	6
255	6
256	6
257	6
258	6
259	5
260	5
261	5
262	5
263	6
264	6
265	6
266	6
267	6
268	6
269	6
270	5
271	5
272	5
273	5
274	5
275	5
276	5
277	5
278	5
279	5
280	5
281	5
282	5
283	5
284	5
285	5
286	5
287	5
288	4
289	4
290	4
291	4
292	4
293	4
294	4
295	4
296	4
297	4
298	4
299	4
300	4
301	4
302	4
303	4
304	4
305	4
306	4
307	4
308	4
309	4
310	4
311	4
312	4
313	4
314	4
315	4
316	4
317	4
318	4
319	4
320	4
321	4
322	4
323	4
324	4
325	4
326	4
327	4
328	4
329	4
330	4
331	4
332	4
333	3
334	3
335	3
336	3
337	3
338	3
339	3
340	3
341	3
342	3
343	3
344	3
345	3
346	3
347	3
348	3
349	3
350	3
351	3
352	3
353	3
354	3
355	3
356	3
357	3
358	3
359	3
360	3
361	3
362	3
363	3
364	3
365	3
366	3
367	3
368	3
369	3
370	3
371	3
372	3
373	3
374	3
375	3
376	3
377	3
378	3
379	4
380	4
381	4
382	4
383	5
384	5
385	5
386	5
387	5
388	5
389	5
390	5
391	5
392	5
393	5
394	5
395	5
396	5
397	5
398	5
399	5
400	5
401	5
402	6
403	6
404	6
405	6
406	6
407	6
408	6
409	6
410	6
411	6
412	6
413	6
414	6
415	6
416	6
417	6
418	6
419	6
420	6
421	6
422	7
423	7
424	7
425	8
426	8
427	8
428	8
429	8
430	8
431	8
432	8
433	8
434	7
435	6
436	6
437	6
438	6
439	6
440	6
441	6
442	6
443	6
444	6
445	6
446	6
447	6
448	6
449	6
450	6
451	5
452	5
453	5
454	5
455	5
456	5
457	5
458	5
459	5
460	5
461	5
462	5
463	5
464	5
465	5
466	5
467	5
468	5
469	5
470	5
471	5
472	5
473	5
474	5
475	5
476	5
477	5
478	5
479	5
480	5
481	5
482	5
483	5
484	5
485	5
486	5
487	5
488	5
489	5
490	5
491	5
492	5
493	5
494	5
495	5
496	5
497	4
498	4
499	4
500	4
501	4
502	4
503	4
504	4
505	4
506	4
507	4
508	4
509	4
510	4
511	4
512	4
513	4
514	4
515	3
516	3
517	3
518	3
519	3
520	3
521	3
522	3
523	3
524	3
525	3
526	3
527	3
528	3
529	3
530	3
531	3
532	3
533	3
534	3
535	3
536	3
537	3
538	3
539	4
540	5
541	5
542	5
543	5
544	5
545	5
546	6
547	6
548	6
549	6
550	6
551	7
552	7
553	7
554	7
555	7
556	7
557	7
558	7
559	7
560	7
561	7
562	7
563	7
564	7
565	7
566	7
567	7
568	7
569	7
570	7
571	7
572	7
573	7
574	7
575	7
576	7
577	7
578	7
579	7
580	7
581	7
582	7
583	7
584	7
585	7
586	7
587	7
588	7
589	7
590	7
591	8
592	8
593	8
594	8
595	8
596	8
597	7
598	7
599	7
600	7
601	7
602	7
603	7
604	7
605	7
606	7
607	7
608	6
609	6
610	6
611	6
612	6
613	6
614	6
615	6
616	6
617	7
618	7
619	7
620	7
621	7
622	7
623	7
624	7
625	7
626	7
627	8
628	8
629	8
630	8
631	8
632	8
633	8
634	8
635	8
636	9
637	9
638	9
639	9
640	9
641	10
642	10
643	10
644	10
645	10
646	10
647	10
648	10
649	10
650	10
651	10
652	10
653	10
654	10
655	10
656	10
657	10
658	11
659	11
660	11
661	11
662	11
663	11
664	11
665	11
666	11
667	11
668	10
669	10
670	10
671	10
672	10
673	10
674	11
675	11
676	11
677	11
678	11
679	11
680	11
681	11
682	11
683	11
684	11
685	11
686	11
687	11
688	11
689	11
690	11
691	11
692	11
693	11
694	9
695	9
696	8
697	8
698	8
699	8
700	8
701	8
702	8
703	8
704	8
705	9
706	9
707	9
708	9
709	9
710	9
711	9
712	9
713	10
714	10
715	9
716	9
717	9
718	9
719	10
720	11
721	11
722	11
723	11
724	11
725	11
726	11
727	11
728	11
729	11
730	11
731	11
732	11
733	11
734	11
735	11
736	11
737	11
738	11
739	11
740	11
741	11
742	11
743	11
744	11
745	11
746	11
747	11
748	11
749	11
750	11
751	11
752	11
753	11
754	11
755	11
756	11
757	11
758	11
759	11
760	11
761	11
762	11
763	11
764	11
765	11
766	11
767	12
768	12
769	12
770	12
771	12
772	12
773	12
774	12
775	12
776	12
777	12
778	12
779	12
780	11
781	11
782	11
783	11
784	11
785	11
786	11
787	11
788	11
789	10
790	9
791	9
792	10
793	10
794	10
795	10
796	10
797	10
798	10
799	10
800	10
801	10
802	10
803	11
804	11
805	11
806	11
807	11
808	11
809	11
810	11
811	12
812	12
813	12
814	12
815	12
816	12
817	12
818	12
819	12
820	12
821	13
822	13
823	13
824	13
825	13
826	13
827	13
828	13
829	13
830	13
831	13
832	13
833	13
834	13
835	13
836	13
837	13
838	13
839	13
840	13
841	13
842	13
843	13
844	13
845	13
846	13
847	13
848	13
849	12
850	12
851	12
852	12
853	12
854	12
855	12
856	12
857	12
858	12
859	12
860	12
861	12
862	12
863	12
864	12
865	12
866	12
867	12
868	13
869	13
870	13
871	13
872	13
873	13
874	13
875	13
876	13
877	13
878	13
879	13
880	13
881	13
882	13
883	12
884	12
885	12
886	12
887	13
888	13
889	13
890	13
891	13
892	13
893	13
894	13
895	12
896	11
897	11
898	11
899	11
900	11
901	11
902	11
903	11
904	11
905	11
906	11
907	11
908	11
909	10
910	10
911	10
912	10
913	10
914	9
915	9
916	9
917	8
918	8
919	8
920	8
921	9
922	9
923	9
924	9
925	9
926	9
927	9
928	9
929	9
930	9
931	9
932	9
933	9
934	9
935	9
936	9
937	9
938	9
939	9
940	9
941	9
942	9
943	9
944	9
945	9
946	9
947	9
948	9
949	9
950	9
951	9
952	9
953	9
954	9
955	9
956	9
957	9
958	8
959	8
960	8
961	8
962	8
963	8
964	8
965	8
966	8
967	8
968	8
969	8
970	8
971	8
972	8
973	8
974	8
975	9
976	9
977	9
978	9
979	9
980	9
981	9
982	9
983	9
984	9
985	9
986	9
987	9
988	9
989	9
990	9
991	9
992	8
993	8
994	8
995	8
996	7
997	7
998	8
999	8
1000	7
1001	7
1002	7
1003	7
1004	7
1005	7
1006	7
1007	7
1008	6
1009	6
1010	6
1011	6
1012	6
1013	6
1014	6
1015	7
1016	7
1017	7
1018	7
1019	7
1020	8
1021	8
1022	8
1023	8
1024	8
1025	8
1026	8
1027	8
1028	8
1029	8
1030	8
1031	8
1032	8
1033	8
1034	8
1035	8
1036	8
1037	8
1038	8
1039	8
1040	8
1041	8
1042	8
1043	8
1044	8
1045	8
1046	8
1047	8
1048	8
1049	9
1050	9
1051	9
1052	9
1053	9
1054	9
1055	10
1056	10
1057	10
1058	10
1059	9
1060	9
1061	9
1062	9
1063	9
1064	10
1065	10
1066	10
1067	10
1068	10
1069	10
1070	10
1071	10
1072	10
1073	10
1074	10
1075	10
1076	10
1077	10
1078	9
1079	9
1080	9
1081	9
1082	9
1083	8
1084	8
1085	7
1086	7
1087	7
1088	7
1089	7
1090	7
1091	7
1092	7
1093	7
1094	7
1095	7
1096	7
1097	6
1098	6
1099	6
1100	6
1101	6
1102	6
1103	6
1104	6
1105	6
1106	6
1107	6
1108	6
1109	6
1110	6
1111	6
1112	6
1113	6
1114	6
1115	6
1116	6
1117	6
1118	6
1119	6
1120	6
1121	6
1122	6
1123	6
1124	6
1125	6
1126	6
1127	7
1128	7
1129	7
1130	7
1131	7
1132	7
1133	7
1134	7
1135	7
1136	7
1137	7
1138	7
1139	7
1140	7
1141	7
1142	7
1143	7
1144	7
1145	8
1146	8
1147	8
1148	8
1149	8
1150	8
1151	8
1152	8
1153	8
1154	8
1155	8
1156	8
1157	8
1158	8
1159	8
1160	8
1161	8
1162	9
1163	9
1164	9
1165	9
1166	9
1167	9
1168	9
1169	9
1170	9
1171	9
1172	9
1173	9
1174	9
1175	8
1176	8
1177	7
1178	7
1179	8
1180	8
1181	8
1182	7
1183	7
1184	7
1185	7
1186	7
1187	7
1188	7
1189	7
1190	7
1191	7
1192	7
1193	7
1194	7
1195	7
1196	7
1197	7
1198	8
1199	8
1200	9
1201	9
1202	9
1203	9
1204	9
1205	9
1206	9
1207	9
1208	9
1209	9
1210	9
1211	9
1212	9
1213	9
1214	9
1215	9
1216	9
1217	9
1218	9
1219	9
1220	9
1221	9
1222	9
1223	9
1224	9
1225	8
1226	8
1227	8
1228	8
1229	8
1230	8
1231	8
1232	9
1233	9
1234	9
1235	9
1236	9
1237	9
1238	9
1239	9
1240	9
1241	9
1242	9
1243	9
1244	8
1245	8
1246	8
1247	8
1248	8
1249	8
1250	8
1251	8
1252	8
1253	9
1254	9
1255	9
1256	9
1257	9
1258	9
1259	9
1260	8
1261	8
1262	8
1263	8
1264	8
1265	8
1266	7
1267	7
1268	7
1269	7
1270	7
1271	7
1272	7
1273	7
1274	7
1275	7
1276	7
1277	7
1278	7
1279	7
1280	7
1281	7
1282	7
1283	7
1284	7
1285	7
1286	7
1287	7
1288	7
1289	7
1290	7
1291	7
1292	7
1293	7
1294	7
1295	6
1296	6
1297	6
1298	5
1299	6
1300	6
1301	6
1302	8
1303	8
1304	8
1305	8
1306	8
1307	8
1308	8
1309	8
1310	8
1311	8
1312	8
1313	8
1314	8
1315	8
1316	8
1317	8
1318	8
1319	8
1320	7
1321	7
1322	7
1323	7
1324	8
1325	8
1326	8
1327	8
1328	8
1329	8
1330	8
1331	8
1332	8
1333	9
1334	9
1335	9
1336	9
1337	9
1338	9
1339	9
1340	9
1341	9
1342	9
1343	9
1344	9
1345	8
1346	8
1347	8
1348	8
1349	8
1350	8
1351	8
1352	8
1353	8
1354	8
1355	8
1356	8
1357	9
1358	9
1359	9
1360	9
1361	9
1362	9
1363	9
1364	9
1365	9
1366	9
1367	9
1368	9
1369	9
1370	8
1371	8
1372	8
1373	8
1374	8
1375	7
1376	7
1377	7
1378	7
1379	7
1380	7
1381	6
1382	6
1383	7
1384	7
1385	7
1386	7
1387	7
1388	7
1389	8
1390	8
1391	8
1392	8
1393	8
1394	8
1395	8
1396	8
1397	9
1398	10
1399	10
1400	10
1401	10
1402	10
1403	10
1404	9
1405	9
1406	9
1407	10
1408	10
1409	10
1410	10
1411	10
1412	10
1413	11
1414	11
1415	11
1416	11
1417	11
1418	11
1419	11
1420	11
1421	11
1422	11
1423	11
1424	11
1425	11
1426	11
1427	12
1428	12
1429	12
1430	12
1431	12
1432	12
1433	12
1434	12
1435	12
1436	12
1437	12
1438	12
1439	12
1440	12
1441	12
1442	12
1443	12
1444	12
1445	12
1446	12
1447	12
1448	12
1449	12
1450	12
1451	12
1452	12
1453	12
1454	12
1455	12
1456	12
1457	12
1458	12
1459	13
1460	13
1461	13
1462	13
1463	13
1464	13
1465	13
1466	13
1467	13
1468	13
1469	13
1470	14
1471	14
1472	15
1473	15
1474	15
1475	14
1476	14
1477	15
1478	16
1479	16
1480	17
1481	17
1482	17
1483	16
1484	15
1485	15
1486	16
1487	16
1488	16
1489	16
1490	16
1491	15
1492	15
1493	15
1494	15
1495	15
1496	15
1497	15
1498	15
1499	15
1500	15
1501	15
1502	15
1503	15
1504	16
1505	16
1506	16
1507	16
1508	16
1509	16
1510	16
1511	16
1512	16
1513	16
1514	16
1515	16
1516	16
1517	16
1518	16
1519	16
1520	16
1521	16
1522	16
1523	16
1524	16
1525	16
1526	16
1527	15
1528	15
1529	14
1530	14
1531	14
1532	14
1533	14
1534	14
1535	14
1536	14
1537	14
1538	14
1539	15
1540	16
1541	16
1542	16
1543	16
1544	16
1545	16
1546	16
1547	16
1548	16
1549	16
1550	16
1551	16
1552	16
1553	16
1554	18
1555	18
1556	19
1557	19
1558	19
1559	19
1560	19
1561	18
1562	18
1563	18
1564	18
1565	18
1566	18
1567	15
1568	15
1569	15
1570	15
1571	15
1572	16
1573	16
1574	16
1575	16
1576	15
1577	16
1578	16
1579	16
1580	16
1581	16
1582	17
1583	17
1584	17
1585	17
1586	17
1587	16
1588	16
1589	16
1590	16
1591	15
1592	16
1593	16
1594	16
1595	16
1596	17
1597	17
1598	17
1599	17
1600	17
1601	17
1602	17
1603	17
1604	15
1605	15
1606	16
1607	16
1608	16
1609	16
1610	15
1611	15
1612	15
1613	15
1614	16
1615	17
1616	16
1617	16
1618	16
1619	16
1620	16
1621	16
1622	16
1623	16
1624	16
1625	16
1626	16
1627	16
1628	16
1629	16
1630	16
1631	16
1632	16
1633	16
1634	16
1635	16
1636	17
1637	17
1638	18
1639	18
1640	18
1641	18
1642	18
1643	18
1644	18
1645	19
1646	19
1647	19
1648	19
1649	19
1650	19
1651	19
1652	20
1653	21
1654	21
1655	21
1656	21
1657	21
1658	21
1659	21
1660	21
1661	20
1662	20
1663	20
1664	19
1665	19
1666	18
1667	18
1668	18
1669	18
1670	18
1671	18
1672	18
1673	18
1674	18
1675	17
1676	17
1677	17
1678	17
1679	16
1680	16
1681	16
1682	16
1683	16
1684	16
1685	16
1686	16
1687	16
1688	16
1689	16
1690	16
1691	16
1692	16
1693	16
1694	16
1695	16
1696	16
1697	16
1698	16
1699	16
1700	16
1701	16
1702	16
1703	16
1704	16
1705	16
1706	16
1707	16
1708	17
1709	17
1710	17
1711	17
1712	17
1713	17
1714	17
1715	17
1716	17
1717	17
1718	17
1719	17
1720	18
1721	18
1722	18
1723	18
1724	18
1725	18
1726	18
1727	18
1728	18
1729	17
1730	17
1731	17
1732	17
1733	18
1734	18
1735	17
1736	16
1737	16
1738	16
1739	16
1740	16
1741	16
1742	16
1743	16
1744	16
1745	16
1746	17
1747	17
1748	17
1749	16
1750	16
1751	17
1752	17
1753	17
1754	16
1755	16
1756	16
1757	16
1758	16
1759	16
1760	16
1761	16
1762	17
1763	17
1764	17
1765	17
1766	17
1767	17
1768	17
1769	17
1770	17
1771	17
1772	18
1773	18
1774	18
1775	18
1776	17
1777	17
1778	17
1779	17
1780	17
1781	17
1782	17
1783	17
1784	17
1785	17
1786	17
1787	17
1788	17
1789	17
1790	17
1791	17
1792	16
1793	16
1794	16
1795	16
1796	15
1797	14
1798	14
1799	13
1800	13
1801	14
1802	14
1803	14
1804	13
1805	13
1806	12
1807	12
1808	12
1809	12
1810	12
1811	13
1812	13
1813	13
1814	13
1815	13
1816	13
1817	13
1818	13
1819	13
1820	13
1821	13
1822	13
1823	13
1824	14
1825	16
1826	16
1827	16
1828	16
1829	16
1830	16
1831	16
1832	16
1833	16
1834	16
1835	16
1836	17
1837	17
1838	17
1839	18
1840	18
1841	18
1842	18
1843	17
1844	17
1845	17
1846	17
1847	17
1848	17
1849	17
1850	17
1851	17
1852	16
1853	16
1854	16
1855	16
1856	16
1857	16
1858	15
1859	16
1860	16
1861	16
1862	16
1863	16
1864	16
1865	16
1866	16
1867	14
1868	14
1869	14
1870	14
1871	14
1872	14
1873	14
1874	14
1875	14
1876	14
1877	14
1878	14
1879	14
1880	14
1881	13
1882	13
1883	13
1884	13
1885	13
1886	13
1887	12
1888	12
1889	12
1890	11
1891	11
1892	11
1893	11
1894	11
1895	12
1896	12
1897	12
1898	13
1899	14
1900	14
1901	14
1902	14
1903	14
1904	14
1905	14
1906	14
1907	14
1908	14
1909	14
1910	14
1911	13
1912	13
1913	13
1914	14
1915	14
1916	13
1917	13
1918	13
1919	13
1920	13
1921	13
1922	14
1923	14
1924	15
1925	15
1926	15
1927	15
1928	15
1929	15
1930	15
1931	15
1932	15
1933	14
1934	14
1935	13
1936	13
1937	13
1938	13
1939	13
1940	13
1941	14
1942	14
1943	14
1944	14
1945	14
1946	14
1947	14
1948	13
1949	13
1950	13
1951	13
1952	13
1953	13
1954	13
1955	13
1956	13
1957	13
1958	12
1959	12
1960	12
1961	13
1962	13
1963	13
1964	13
1965	13
1966	13
1967	13
1968	13
1969	13
1970	13
1971	14
1972	14
1973	14
1974	13
1975	13
1976	13
1977	13
1978	12
1979	12
1980	13
1981	12
1982	12
1983	12
1984	12
1985	12
1986	12
1987	12
1988	12
1989	12
1990	12
1991	12
1992	12
1993	12
1994	12
1995	12
1996	12
1997	12
1998	12
1999	11
2000	11
2001	11
2002	11
2003	11
2004	11
2005	11
2006	11
2007	11
2008	11
2009	11
2010	11
2011	11
2012	12
2013	12
2014	13
2015	13
2016	13
2017	13
2018	12
2019	12
2020	12
2021	12
2022	12
2023	12
2024	12
2025	12
2026	12
2027	11
2028	11
2029	11
2030	11
2031	11
2032	11
2033	12
2034	12
2035	12
2036	12
2037	12
2038	12
2039	12
2040	12
2041	12
2042	12
2043	12
2044	12
2045	12
2046	12
2047	13
2048	13
2049	13
2050	13
2051	13
2052	14
2053	14
2054	14
2055	14
2056	14
2057	14
2058	14
2059	14
2060	14
2061	14
2062	14
2063	14
2064	14
2065	15
2066	15
2067	14
2068	14
2069	14
2070	14
2071	15
2072	15
2073	15
2074	15
2075	14
2076	13
2077	13
2078	13
2079	12
2080	12
2081	12
2082	12
2083	12
2084	12
2085	12
2086	12
2087	12
2088	11
2089	11
2090	10
2091	9
2092	9
2093	9
2094	9
2095	9
2096	9
2097	9
2098	9
2099	9
2100	9
2101	9
2102	9
2103	9
2104	9
2105	11
2106	10
2107	10
2108	10
2109	10
2110	10
2111	10
2112	10
2113	10
2114	10
2115	10
2116	10
2117	9
2118	8
2119	8
2120	9
2121	9
2122	9
2123	9
2124	10
2125	10
2126	10
2127	11
2128	11
2129	11
2130	11
2131	11
2132	11
2133	11
2134	11
2135	11
2136	11
2137	10
2138	10
2139	10
2140	11
2141	11
2142	11
2143	10
2144	10
2145	10
2146	10
2147	10
2148	10
2149	10
2150	10
2151	10
2152	10
2153	10
2154	10
2155	10
2156	10
2157	10
2158	10
2159	10
2160	10
2161	10
2162	10
2163	10
2164	10
2165	10
2166	10
2167	10
2168	11
2169	11
2170	11
2171	11
2172	12
2173	11
2174	11
2175	11
2176	11
2177	12
2178	12
2179	12
2180	12
2181	12
2182	12
2183	12
2184	12
2185	12
2186	12
2187	12
2188	12
2189	12
2190	12
2191	12
2192	12
2193	12
2194	12
2195	12
2196	12
2197	12
2198	11
2199	11
2200	10
2201	10
2202	10
2203	10
2204	11
2205	11
2206	11
2207	11
2208	11
2209	11
2210	11
2211	11
2212	11
2213	11
2214	11
2215	11
2216	11
2217	11
2218	11
2219	11
2220	11
2221	11
2222	11
2223	11
2224	10
2225	10
2226	11
2227	11
2228	11
2229	11
2230	11
2231	11
2232	11
2233	11
2234	11
2235	11
2236	11
2237	11
2238	11
2239	10
2240	10
2241	10
2242	11
2243	11
2244	11
2245	11
2246	11
2247	11
2248	11
2249	11
2250	11
2251	11
2252	11
2253	11
2254	11
2255	11
2256	11
2257	11
2258	11
2259	11
2260	11
2261	11
2262	12
2263	11
2264	11
2265	11
2266	11
2267	11
2268	11
2269	12
2270	12
2271	12
2272	12
2273	12
2274	12
2275	12
2276	13
2277	13
2278	13
2279	13
2280	12
2281	12
2282	11
2283	11
2284	11
2285	12
2286	12
2287	12
2288	12
2289	12
2290	12
2291	12
2292	12
2293	13
2294	13
2295	13
2296	13
2297	13
2298	13
2299	13
2300	13
2301	13
2302	13
2303	13
2304	13
2305	13
2306	13
2307	13
2308	13
2309	13
2310	13
2311	13
2312	13
2313	13
2314	13
2315	13
2316	13
2317	13
2318	13
2319	13
2320	13
2321	14
2322	14
2323	14
2324	14
2325	14
2326	14
2327	14
2328	14
2329	14
2330	15
2331	15
2332	15
2333	15
2334	15
2335	15
2336	15
2337	15
2338	15
2339	16
2340	16
2341	16
2342	16
2343	17
2344	18
2345	18
2346	18
2347	19
2348	20
2349	20
2350	20
2351	21
2352	21
2353	20
2354	20
2355	20
2356	20
2357	21
2358	21
2359	21
2360	21
2361	21
2362	21
2363	21
2364	21
2365	20
2366	20
2367	20
2368	20
2369	21
2370	21
2371	21
2372	21
2373	21
2374	21
2375	21
2376	21
2377	21
2378	21
2379	21
2380	21
2381	21
2382	21
2383	21
2384	21
2385	21
2386	21
2387	21
2388	21
2389	20
2390	20
2391	19
2392	19
2393	19
2394	19
2395	19
2396	19
2397	19
2398	19
2399	19
2400	19
2401	19
2402	19
2403	20
2404	20
2405	20
2406	20
2407	21
2408	21
2409	21
2410	21
2411	21
2412	21
2413	21
2414	21
2415	21
2416	21
2417	21
2418	21
2419	21
2420	22
2421	22
2422	21
2423	20
2424	20
2425	20
2426	20
2427	21
2428	21
2429	21
2430	21
2431	21
2432	21
2433	21
2434	21
2435	22
2436	22
2437	21
2438	21
2439	21
2440	21
2441	22
2442	22
2443	22
2444	22
2445	22
2446	22
2447	23
2448	23
2449	23
2450	23
2451	23
2452	22
2453	22
2454	23
2455	23
2456	23
2457	24
2458	24
2459	25
2460	24
2461	23
2462	23
2463	22
2464	22
2465	22
2466	23
2467	23
2468	23
2469	23
2470	23
2471	22
2472	21
2473	21
2474	21
2475	21
2476	21
2477	22
2478	22
2479	22
2480	22
2481	22
2482	23
2483	22
2484	22
2485	23
2486	23
2487	23
2488	23
2489	23
2490	24
2491	24
2492	23
2493	23
2494	23
2495	22
2496	22
2497	22
2498	22
2499	22
2500	22
2501	22
2502	22
2503	22
2504	23
2505	22
2506	23
2507	23
2508	23
2509	23
2510	23
2511	23
2512	23
2513	23
2514	23
2515	23
2516	22
2517	22
2518	23
2519	23
2520	23
2521	23
2522	23
2523	24
2524	23
2525	23
2526	23
2527	22
2528	22
2529	21
2530	21
2531	21
2532	22
2533	22
2534	22
2535	22
2536	22
2537	22
2538	22
2539	22
2540	22
2541	22
2542	22
2543	22
2544	22
2545	22
2546	22
2547	21
2548	21
2549	21
2550	22
2551	21
2552	21
2553	21
2554	21
2555	20
2556	20
2557	20
2558	20
2559	20
2560	20
2561	20
2562	20
2563	20
2564	21
2565	21
2566	21
2567	21
2568	21
2569	21
2570	21
2571	21
2572	22
2573	23
2574	24
2575	25
2576	25
2577	25
2578	26
2579	26
2580	26
2581	26
2582	25
2583	24
2584	24
2585	24
2586	24
2587	24
2588	24
2589	24
2590	24
2591	24
2592	25
2593	25
2594	24
2595	24
2596	25
2597	25
2598	25
2599	24
2600	25
2601	25
2602	26
2603	26
2604	26
2605	26
2606	26
2607	26
2608	26
2609	26
2610	26
2611	27
2612	27
2613	27
2614	28
2615	28
2616	28
2617	28
2618	27
2619	27
2620	27
2621	27
2622	27
2623	26
2624	26
2625	26
2626	26
2627	26
2628	26
2629	26
2630	26
2631	26
2632	26
2633	26
2634	26
2635	26
2636	26
2637	26
2638	26
2639	25
2640	24
2641	24
2642	24
2643	23
2644	23
2645	23
2646	22
2647	22
2648	22
2649	23
2650	23
2651	23
2652	23
2653	23
2654	23
2655	23
2656	22
2657	22
2658	22
2659	22
2660	23
2661	23
2662	23
2663	23
2664	23
2665	23
2666	23
2667	23
2668	23
2669	23
2670	23
2671	22
2672	22
2673	21
2674	21
2675	20
2676	20
2677	20
2678	20
2679	20
2680	20
2681	20
2682	20
2683	20
2684	19
2685	19
2686	19
2687	19
2688	18
2689	18
2690	18
2691	18
2692	18
2693	18
2694	18
2695	18
2696	18
2697	18
2698	18
2699	18
2700	17
2701	17
2702	17
2703	17
2704	17
2705	17
2706	17
2707	17
2708	17
2709	18
2710	18
2711	18
2712	18
2713	18
2714	18
2715	18
2716	17
2717	17
2718	17
2719	17
2720	17
2721	17
2722	17
2723	17
2724	17
2725	17
2726	17
2727	17
2728	17
2729	17
2730	17
2731	17
2732	17
2733	16
2734	16
2735	17
2736	16
2737	15
2738	15
2739	16
2740	16
2741	16
2742	16
2743	16
2744	16
2745	15
2746	16
2747	15
2748	15
2749	14
2750	14
2751	14
2752	13
2753	13
2754	14
2755	14
2756	13
2757	13
2758	13
2759	14
2760	13
2761	13
2762	13
2763	13
2764	13
2765	12
2766	13
2767	12
2768	12
2769	12
2770	12
2771	13
2772	13
2773	13
2774	13
2775	13
2776	13
2777	13
2778	15
2779	14
2780	13
2781	13
2782	14
2783	14
2784	14
2785	14
2786	13
2787	12
2788	13
2789	13
2790	14
2791	14
2792	15
2793	15
2794	15
2795	15
2796	15
2797	15
2798	15
2799	16
2800	16
2801	16
2802	16
2803	16
2804	17
2805	17
2806	16
2807	16
2808	16
2809	16
2810	16
2811	16
2812	16
2813	16
2814	16
2815	17
2816	17
2817	17
2818	16
2819	15
2820	14
2821	14
2822	14
2823	14
2824	14
2825	14
2826	14
2827	14
2828	15
2829	15
2830	15
2831	15
2832	15
2833	15
2834	15
2835	15
2836	15
2837	16
2838	15
2839	16
2840	16
2841	16
2842	16
2843	16
2844	16
2845	17
2846	17
2847	17
2848	17
2849	16
2850	16
2851	16
2852	16
2853	16
2854	16
2855	17
2856	17
2857	17
2858	18
2859	18
2860	18
2861	17
2862	17
2863	17
2864	17
2865	17
2866	17
2867	18
2868	18
2869	18
2870	17
2871	17
2872	16
2873	16
2874	16
2875	16
2876	16
2877	16
2878	16
2879	16
2880	16
2881	16
2882	16
2883	16
2884	16
2885	16
2886	16
2887	17
2888	17
2889	17
2890	16
2891	16
2892	16
2893	16
2894	16
2895	16
2896	16
2897	16
2898	16
2899	16
2900	16
2901	18
2902	18
2903	18
2904	18
2905	18
2906	18
2907	18
2908	18
2909	19
2910	20
2911	20
2912	20
2913	20
2914	20
2915	19
2916	19
2917	19
2918	19
2919	19
2920	19
2921	18
2922	18
2923	18
2924	18
2925	19
2926	19
2927	19
2928	20
2929	20
2930	21
2931	21
2932	21
2933	21
2934	21
2935	21
2936	21
2937	21
2938	21
2939	21
2940	21
2941	20
2942	20
2943	20
2944	19
2945	19
2946	19
2947	19
2948	20
2949	20
2950	21
2951	20
2952	20
2953	20
2954	20
2955	20
2956	20
2957	20
2958	20
2959	19
2960	19
2961	19
2962	19
2963	19
2964	19
2965	20
2966	20
2967	19
2968	19
2969	19
2970	19
2971	19
2972	19
2973	19
2974	19
2975	19
2976	19
2977	19
2978	20
2979	20
2980	20
2981	20
2982	20
2983	21
2984	21
2985	21
2986	21
2987	21
2988	21
2989	21
2990	21
2991	21
2992	21
2993	20
2994	20
2995	20
2996	20
2997	19
2998	19
2999	19
3000	19
3001	19
3002	20
3003	20
3004	20
3005	20
3006	20
3007	20
3008	21
3009	21
3010	21
3011	21
3012	21
3013	21
3014	21
3015	21
3016	21
3017	21
3018	21
3019	21
3020	21
3021	21
3022	22
3023	21
3024	21
3025	22
3026	22
3027	22
3028	22
3029	22
3030	22
3031	22
3032	22
3033	22
3034	22
3035	23
3036	23
3037	23
3038	22
3039	22
3040	22
3041	23
3042	23
3043	23
3044	23
3045	23
3046	23
3047	24
3048	24
3049	24
3050	24
3051	23
3052	23
3053	23
3054	22
3055	22
3056	22
3057	22
3058	22
3059	21
3060	21
3061	21
3062	22
3063	21
3064	21
3065	21
3066	21
3067	21
3068	20
3069	20
3070	19
3071	19
3072	19
3073	19
3074	18
3075	18
3076	17
3077	17
3078	16
3079	15
3080	15
3081	15
3082	15
3083	14
3084	13
3085	13
3086	13
3087	13
3088	12
3089	12
3090	12
3091	13
3092	13
3093	14
3094	13
3095	13
3096	15
3097	15
3098	15
3099	16
3100	16
3101	17
3102	17
3103	17
3104	17
3105	17
3106	18
3107	18
3108	18
3109	18
3110	18
3111	18
3112	19
3113	19
3114	19
3115	19
3116	18
3117	18
3118	18
3119	18
3120	18
3121	18
3122	19
3123	20
3124	20
3125	19
3126	19
3127	19
3128	19
3129	19
3130	19
3131	18
3132	18
3133	18
3134	18
3135	18
3136	18
3137	17
3138	17
3139	17
3140	17
3141	18
3142	18
3143	20
3144	20
3145	20
3146	21
3147	21
3148	20
3149	20
3150	20
3151	20
3152	21
3153	22
3154	23
3155	22
3156	22
3157	22
3158	21
3159	21
3160	21
3161	20
3162	20
3163	20
3164	20
3165	19
3166	19
3167	18
3168	18
3169	18
3170	18
3171	19
3172	20
3173	20
3174	21
3175	22
3176	22
3177	22
3178	22
3179	22
3180	22
3181	23
3182	23
3183	23
3184	23
3185	23
3186	24
3187	24
3188	24
3189	23
3190	24
3191	24
3192	23
3193	24
3194	24
3195	24
3196	24
3197	25
3198	25
3199	25
3200	25
3201	25
3202	26
3203	26
3204	26
3205	26
3206	26
3207	26
3208	26
3209	26
3210	26
3211	27
3212	27
3213	27
3214	27
3215	28
3216	28
3217	28
3218	28
3219	28
3220	28
3221	28
3222	29
3223	29
3224	29
3225	29
3226	29
3227	30
3228	30
3229	30
3230	31
3231	30
3232	30
3233	30
3234	30
3235	29
3236	29
3237	29
3238	30
3239	30
3240	30
3241	31
3242	31
3243	31
3244	30
3245	30
3246	31
3247	31
3248	31
3249	31
3250	31
3251	31
3252	31
3253	32
3254	32
3255	32
3256	31
3257	31
3258	32
3259	32
3260	31
3261	30
3262	29
3263	29
3264	29
3265	29
3266	29
3267	29
3268	28
3269	29
3270	29
3271	30
3272	30
3273	30
3274	30
3275	30
3276	30
3277	30
3278	30
3279	30
3280	29
3281	28
3282	28
3283	28
3284	28
3285	29
3286	29
3287	30
3288	31
3289	32
3290	32
3291	32
3292	32
3293	32
3294	32
3295	32
3296	32
3297	32
3298	32
3299	32
3300	33
3301	33
3302	32
3303	32
3304	32
3305	32
3306	32
3307	32
3308	32
3309	32
3310	31
3311	32
3312	33
3313	33
3314	33
3315	33
3316	32
3317	31
3318	31
3319	30
3320	30
3321	30
3322	30
3323	29
3324	29
3325	29
3326	29
3327	30
3328	31
3329	30
3330	30
3331	30
3332	30
3333	30
3334	30
3335	30
3336	30
3337	30
3338	29
3339	29
3340	29
3341	28
3342	28
3343	27
3344	27
3345	27
3346	28
3347	28
3348	28
3349	27
3350	27
3351	27
3352	27
3353	27
3354	27
3355	27
3356	27
3357	27
3358	27
3359	28
3360	28
3361	28
3362	28
3363	28
3364	28
3365	28
3366	28
3367	29
3368	28
3369	27
3370	27
3371	27
3372	26
3373	26
3374	26
3375	26
3376	26
3377	26
3378	26
3379	26
3380	27
3381	27
3382	27
3383	27
3384	27
3385	27
3386	28
3387	27
3388	27
3389	27
3390	26
3391	26
3392	26
3393	26
3394	26
3395	27
3396	27
3397	27
3398	27
3399	27
3400	26
3401	26
3402	27
3403	26
3404	26
3405	26
3406	26
3407	26
3408	26
3409	26
3410	26
3411	26
3412	25
3413	25
3414	25
3415	25
3416	25
3417	26
3418	25
3419	25
3420	25
3421	25
3422	24
3423	23
3424	23
3425	23
3426	23
3427	24
3428	24
3429	24
3430	25
3431	25
3432	25
3433	25
3434	25
3435	25
3436	24
3437	24
3438	23
3439	23
3440	23
3441	22
3442	22
3443	20
3444	20
3445	20
3446	20
3447	20
3448	20
3449	21
3450	21
3451	21
3452	21
3453	21
3454	22
3455	22
3456	22
3457	22
3458	22
3459	22
3460	22
3461	22
3462	23
3463	22
3464	22
3465	22
3466	22
3467	22
3468	24
3469	24
3470	24
3471	24
3472	23
3473	23
3474	23
3475	23
3476	23
3477	24
3478	22
3479	23
3480	22
3481	22
3482	22
3483	22
3484	22
3485	22
3486	22
3487	22
3488	23
3489	23
3490	23
3491	22
3492	22
3493	21
3494	21
3495	21
3496	21
3497	21
3498	21
3499	22
3500	22
3501	23
3502	23
3503	23
3504	23
3505	24
3506	25
3507	25
3508	25
3509	25
3510	25
3511	26
3512	26
3513	26
3514	26
3515	26
3516	26
3517	25
3518	24
3519	24
3520	24
3521	23
3522	22
3523	22
3524	22
3525	22
3526	22
3527	22
3528	23
3529	24
3530	24
3531	24
3532	25
3533	25
3534	26
3535	25
3536	26
3537	26
3538	26
3539	26
3540	26
3541	26
3542	26
3543	27
3544	27
3545	27
3546	27
3547	28
3548	28
3549	28
3550	29
3551	29
3552	29
3553	28
3554	29
3555	29
3556	29
3557	29
3558	29
3559	29
3560	29
3561	29
3562	30
3563	30
3564	30
3565	30
3566	31
3567	32
3568	33
3569	33
3570	32
3571	32
3572	32
3573	34
3574	34
3575	35
3576	35
3577	35
3578	35
3579	35
3580	35
3581	35
3582	35
3583	35
3584	35
3585	35
3586	35
3587	36
3588	36
3589	36
3590	36
3591	36
3592	36
3593	36
3594	36
3595	36
3596	36
3597	38
3598	39
3599	40
3600	40
3601	40
3602	40
3603	40
3604	40
3605	40
3606	40
3607	41
3608	41
3609	41
3610	39
3611	39
3612	39
3613	39
3614	39
3615	38
3616	38
3617	38
3618	38
3619	38
3620	38
3621	38
3622	38
3623	39
3624	39
3625	39
3626	38
3627	38
3628	37
3629	37
3630	39
3631	39
3632	39
3633	39
3634	38
3635	38
3636	38
3637	38
3638	37
3639	36
3640	36
3641	35
3642	35
3643	35
3644	36
3645	36
3646	36
3647	36
3648	36
3649	36
3650	37
3651	37
3652	36
3653	36
3654	35
3655	35
3656	35
3657	35
3658	35
3659	36
3660	36
3661	36
3662	37
3663	37
3664	36
3665	36
3666	35
3667	35
3668	36
3669	36
3670	36
3671	36
3672	36
3673	36
3674	35
3675	35
3676	35
3677	35
3678	34
3679	34
3680	34
3681	34
3682	34
3683	33
3684	32
3685	32
3686	32
3687	32
3688	32
3689	32
3690	32
3691	32
3692	32
3693	32
3694	32
3695	32
3696	32
3697	32
3698	31
3699	31
3700	31
3701	31
3702	31
3703	31
3704	31
3705	31
3706	30
3707	30
3708	31
3709	31
3710	31
3711	31
3712	32
3713	32
3714	32
3715	32
3716	32
3717	32
3718	32
3719	29
3720	29
3721	29
3722	30
3723	29
3724	29
3725	29
3726	29
3727	31
3728	31
3729	30
3730	30
3731	31
3732	32
3733	32
3734	32
3735	32
3736	31
3737	32
3738	31
3739	31
3740	30
3741	30
3742	30
3743	29
3744	29
3745	28
3746	27
3747	26
3748	25
3749	26
3750	26
3751	26
3752	26
3753	25
3754	25
3755	24
3756	23
3757	23
3758	23
3759	23
3760	23
3761	23
3762	22
3763	21
3764	21
3765	21
3766	21
3767	21
3768	21
3769	21
3770	21
3771	21
3772	21
3773	21
3774	21
3775	21
3776	21
3777	20
3778	20
3779	20
3780	20
3781	20
3782	20
3783	20
3784	20
3785	20
3786	20
3787	21
3788	21
3789	21
3790	21
3791	21
3792	20
3793	20
3794	20
3795	20
3796	20
3797	20
3798	20
3799	20
3800	20
3801	20
3802	20
3803	20
3804	21
3805	21
3806	21
3807	20
3808	20
3809	20
3810	18
3811	18
3812	18
3813	18
3814	18
3815	18
3816	18
3817	18
3818	19
3819	19
3820	19
3821	18
3822	18
3823	18
3824	18
3825	18
3826	17
3827	17
3828	16
3829	16
3830	15
3831	16
3832	16
3833	17
3834	18
3835	18
3836	18
3837	18
3838	18
3839	18
3840	18
3841	18
3842	18
3843	18
3844	19
3845	20
3846	20
3847	19
3848	18
3849	19
3850	19
3851	19
3852	19
3853	19
3854	19
3855	18
3856	18
3857	18
3858	19
3859	19
3860	19
3861	19
3862	20
3863	21
3864	21
3865	19
3866	19
3867	19
3868	19
3869	20
3870	20
3871	21
3872	20
3873	21
3874	21
3875	21
3876	21
3877	22
3878	22
3879	22
3880	21
3881	21
3882	21
3883	21
3884	21
3885	21
3886	21
3887	21
3888	21
3889	21
3890	21
3891	21
3892	21
3893	21
3894	21
3895	21
3896	21
3897	21
3898	21
3899	21
3900	21
3901	21
3902	22
3903	23
3904	22
3905	21
3906	20
3907	20
3908	21
3909	21
3910	21
3911	21
3912	21
3913	21
3914	21
3915	21
3916	21
3917	21
3918	21
3919	20
3920	20
3921	21
3922	21
3923	21
3924	21
3925	21
3926	21
3927	20
3928	20
3929	21
3930	21
3931	21
3932	21
3933	21
3934	21
3935	21
3936	21
3937	21
3938	21
3939	21
3940	21
3941	21
3942	22
3943	22
3944	22
3945	22
3946	22
3947	22
3948	22
3949	22
3950	21
3951	19
3952	19
3953	19
3954	19
3955	20
3956	20
3957	20
3958	20
3959	20
3960	20
3961	20
3962	20
3963	20
3964	20
3965	20
3966	20
3967	20
3968	20
3969	20
3970	20
3971	20
3972	21
3973	21
3974	21
3975	22
3976	22
3977	22
3978	22
3979	22
3980	22
3981	23
3982	23
3983	23
3984	23
3985	23
3986	23
3987	24
3988	24
3989	25
3990	25
3991	25
3992	26
3993	26
3994	26
3995	25
3996	25
3997	24
3998	24
3999	23
4000	23
4001	23
4002	23
4003	23
4004	23
4005	23
4006	23
4007	23
4008	23
4009	23
4010	23
4011	23
4012	23
4013	23
4014	23
4015	23
4016	23
4017	26
4018	26
4019	26
4020	26
4021	26
4022	27
4023	28
4024	28
4025	28
4026	29
4027	29
4028	28
4029	28
4030	28
4031	29
4032	29
4033	30
4034	30
4035	30
4036	29
4037	30
4038	29
4039	29
4040	29
4041	30
4042	30
4043	31
4044	31
4045	31
4046	30
4047	30
4048	30
4049	30
4050	30
4051	29
4052	29
4053	30
4054	31
4055	31
4056	31
4057	31
4058	29
4059	29
4060	29
4061	29
4062	29
4063	29
4064	29
4065	29
4066	29
4067	29
4068	29
4069	28
4070	28
4071	29
4072	29
4073	29
4074	29
4075	30
4076	30
4077	30
4078	30
4079	30
4080	31
4081	31
4082	31
4083	31
4084	32
4085	32
4086	32
4087	33
4088	33
4089	33
4090	33
4091	33
4092	33
4093	33
4094	33
4095	33
4096	33
4097	33
4098	33
4099	33
4100	33
4101	32
4102	32
4103	31
4104	31
4105	30
4106	30
4107	30
4108	30
4109	30
4110	30
4111	30
4112	30
4113	30
4114	29
4115	29
4116	30
4117	30
4118	30
4119	30
4120	30
4121	30
4122	30
4123	30
4124	30
4125	30
4126	30
4127	29
4128	30
4129	30
4130	30
4131	30
4132	32
4133	31
4134	31
4135	31
4136	31
4137	31
4138	31
4139	31
4140	31
4141	30
4142	29
4143	27
4144	27
4145	28
4146	28
4147	27
4148	27
4149	27
4150	27
4151	27
4152	27
4153	27
4154	27
4155	26
4156	26
4157	27
4158	26
4159	25
4160	25
4161	25
4162	25
4163	25
4164	25
4165	26
4166	26
4167	26
4168	26
4169	27
4170	28
4171	30
4172	30
4173	30
4174	31
4175	31
4176	31
4177	31
4178	31
4179	31
4180	30
4181	30
4182	30
4183	30
4184	30
4185	30
4186	30
4187	31
4188	30
4189	30
4190	29
4191	29
4192	28
4193	28
4194	28
4195	28
4196	29
4197	29
4198	30
4199	31
4200	31
4201	30
4202	29
4203	30
4204	30
4205	30
4206	30
4207	30
4208	32
4209	32
4210	32
4211	32
4212	32
4213	31
4214	31
4215	30
4216	31
4217	30
4218	30
4219	29
4220	29
4221	29
4222	28
4223	28
4224	28
4225	27
4226	27
4227	26
4228	27
4229	27
4230	27
4231	27
4232	27
4233	27
4234	28
4235	28
4236	28
4237	28
4238	27
4239	27
4240	27
4241	28
4242	28
4243	29
4244	29
4245	29
4246	30
4247	29
4248	28
4249	28
4250	28
4251	28
4252	28
4253	27
4254	28
4255	28
4256	29
4257	29
4258	29
4259	30
4260	30
4261	30
4262	31
4263	32
4264	33
4265	33
4266	33
4267	33
4268	33
4269	33
4270	33
4271	34
4272	34
4273	34
4274	35
4275	35
4276	36
4277	35
4278	36
4279	36
4280	36
4281	38
4282	38
4283	39
4284	39
4285	39
4286	39
4287	39
4288	40
4289	41
4290	42
4291	42
4292	43
4293	43
4294	43
4295	42
4296	42
4297	42
4298	42
4299	42
4300	43
4301	43
4302	42
4303	42
4304	43
4305	43
4306	44
4307	44
4308	44
4309	44
4310	44
4311	44
4312	45
4313	45
4314	45
4315	45
4316	45
4317	45
4318	45
4319	45
4320	44
4321	44
4322	45
4323	46
4324	47
4325	47
4326	47
4327	47
4328	47
4329	47
4330	47
4331	47
4332	47
4333	47
4334	47
4335	47
4336	47
4337	47
4338	47
4339	47
4340	48
4341	48
4342	46
4343	46
4344	45
4345	44
4346	44
4347	44
4348	43
4349	43
4350	43
4351	44
4352	45
4353	45
4354	45
4355	46
4356	46
4357	46
4358	46
4359	45
4360	45
4361	45
4362	44
4363	45
4364	45
4365	45
4366	45
4367	45
4368	46
4369	46
4370	47
4371	47
4372	47
4373	46
4374	46
4375	46
4376	46
4377	46
4378	46
4379	46
4380	45
4381	46
4382	45
4383	45
4384	45
4385	46
4386	47
4387	47
4388	47
4389	48
4390	47
4391	47
4392	47
4393	46
4394	45
4395	45
4396	45
4397	45
4398	45
4399	44
4400	43
4401	43
4402	42
4403	42
4404	42
4405	42
4406	42
4407	42
4408	42
4409	42
4410	42
4411	42
4412	41
4413	41
4414	41
4415	42
4416	42
4417	42
4418	41
4419	41
4420	41
4421	41
4422	41
4423	42
4424	41
4425	41
4426	41
4427	41
4428	40
4429	40
4430	40
4431	39
4432	40
4433	40
4434	40
4435	39
4436	39
4437	39
4438	39
4439	40
4440	40
4441	39
4442	38
4443	37
4444	37
4445	36
4446	35
4447	36
4448	36
4449	35
4450	35
4451	35
4452	35
4453	34
4454	34
4455	33
4456	34
4457	34
4458	34
4459	34
4460	34
4461	34
4462	34
4463	34
4464	34
4465	34
4466	35
4467	34
4468	34
4469	34
4470	34
4471	34
4472	33
4473	33
4474	33
4475	34
4476	34
4477	34
4478	33
4479	34
4480	34
4481	35
4482	35
4483	35
4484	35
4485	35
4486	35
4487	35
4488	35
4489	34
4490	33
4491	33
4492	32
4493	32
4494	32
4495	32
4496	30
4497	30
4498	30
4499	30
4500	30
4501	31
4502	32
4503	32
4504	32
4505	32
4506	30
4507	30
4508	29
4509	29
4510	29
4511	29
4512	29
4513	29
4514	29
4515	29
4516	30
4517	30
4518	31
4519	31
4520	30
4521	29
4522	29
4523	29
4524	29
4525	30
4526	29
4527	29
4528	29
4529	29
4530	29
4531	29
4532	29
4533	29
4534	29
4535	29
4536	30
4537	29
4538	29
4539	29
4540	30
4541	31
4542	30
4543	30
4544	30
4545	29
4546	28
4547	29
4548	28
4549	28
4550	28
4551	29
4552	29
4553	29
4554	29
4555	29
4556	29
4557	29
4558	29
4559	28
4560	28
4561	28
4562	29
4563	29
4564	31
4565	31
4566	31
4567	32
4568	32
4569	32
4570	31
4571	31
4572	31
4573	32
4574	33
4575	34
4576	34
4577	34
4578	34
4579	34
4580	34
4581	34
4582	33
4583	33
4584	33
4585	33
4586	33
4587	33
4588	33
4589	35
4590	36
4591	36
4592	38
4593	38
4594	38
4595	37
4596	38
4597	36
4598	36
4599	37
4600	37
4601	37
4602	38
4603	38
4604	38
4605	38
4606	38
4607	38
4608	38
4609	38
4610	38
4611	38
4612	38
4613	38
4614	37
4615	38
4616	39
4617	38
4618	39
4619	39
4620	39
4621	39
4622	39
4623	38
4624	38
4625	38
4626	38
4627	39
4628	38
4629	37
4630	37
4631	36
4632	35
4633	34
4634	34
4635	34
4636	34
4637	34
4638	34
4639	34
4640	34
4641	34
4642	36
4643	37
4644	38
4645	38
4646	38
4647	38
4648	38
4649	39
4650	39
4651	39
4652	38
4653	38
4654	38
4655	38
4656	38
4657	38
4658	38
4659	37
4660	37
4661	38
4662	38
4663	39
4664	39
4665	39
4666	40
4667	40
4668	40
4669	40
4670	40
4671	40
4672	40
4673	38
4674	38
4675	39
4676	39
4677	39
4678	40
4679	40
4680	40
4681	41
4682	41
4683	43
4684	43
4685	44
4686	45
4687	46
4688	45
4689	45
4690	45
4691	45
4692	46
4693	46
4694	46
4695	46
4696	45
4697	45
4698	44
4699	44
4700	44
4701	44
4702	44
4703	45
4704	45
4705	45
4706	46
4707	46
4708	46
4709	46
4710	47
4711	47
4712	47
4713	47
4714	47
4715	47
4716	48
4717	49
4718	49
4719	49
4720	49
4721	50
4722	50
4723	50
4724	49
4725	49
4726	48
4727	48
4728	49
4729	48
4730	48
4731	48
4732	48
4733	48
4734	48
4735	48
4736	47
4737	45
4738	45
4739	45
4740	45
4741	44
4742	44
4743	42
4744	41
4745	41
4746	41
4747	40
4748	40
4749	38
4750	36
4751	36
4752	34
4753	35
4754	35
4755	36
4756	35
4757	35
4758	36
4759	36
4760	35
4761	35
4762	35
4763	35
4764	35
4765	35
4766	36
4767	36
4768	36
4769	36
4770	36
4771	36
4772	35
4773	35
4774	35
4775	35
4776	35
4777	34
4778	34
4779	34
4780	33
4781	33
4782	33
4783	33
4784	34
4785	34
4786	34
4787	35
4788	34
4789	33
4790	34
4791	34
4792	34
4793	34
4794	34
4795	34
4796	34
4797	33
4798	33
4799	33
4800	33
4801	33
4802	33
4803	33
4804	34
4805	34
4806	34
4807	34
4808	34
4809	34
4810	34
4811	35
4812	35
4813	34
4814	34
4815	34
4816	34
4817	34
4818	34
4819	34
4820	34
4821	34
4822	35
4823	36
4824	35
4825	33
4826	33
4827	32
4828	32
4829	32
4830	32
4831	33
4832	33
4833	32
4834	33
4835	33
4836	33
4837	33
4838	33
4839	32
4840	31
4841	31
4842	31
4843	27
4844	26
4845	27
4846	27
4847	27
4848	27
4849	28
4850	28
4851	28
4852	29
4853	29
4854	29
4855	28
4856	27
4857	27
4858	27
4859	27
4860	29
4861	29
4862	29
4863	29
4864	29
4865	29
4866	30
4867	30
4868	30
4869	29
4870	29
4871	29
4872	29
4873	29
4874	28
4875	28
4876	29
4877	29
4878	30
4879	30
4880	30
4881	30
4882	29
4883	29
4884	30
4885	30
4886	30
4887	31
4888	31
4889	31
4890	31
4891	31
4892	32
4893	32
4894	32
4895	32
4896	33
4897	33
4898	33
4899	34
4900	34
4901	34
4902	34
4903	34
4904	32
4905	33
4906	32
4907	32
4908	32
4909	31
4910	32
4911	33
4912	33
4913	32
4914	32
4915	33
4916	33
4917	33
4918	33
4919	33
4920	32
4921	31
4922	32
4923	31
4924	30
4925	30
4926	30
4927	31
4928	31
4929	33
4930	33
4931	34
4932	33
4933	34
4934	33
4935	31
4936	31
4937	30
4938	30
4939	29
4940	30
4941	30
4942	30
4943	29
4944	29
4945	30
4946	30
4947	31
4948	32
4949	32
4950	32
4951	32
4952	32
4953	33
4954	33
4955	33
4956	34
4957	34
4958	34
4959	34
4960	35
4961	35
4962	34
4963	34
4964	36
4965	34
4966	35
4967	35
4968	35
4969	35
4970	36
4971	36
4972	36
4973	36
4974	35
4975	35
4976	34
4977	34
4978	34
4979	34
4980	33
4981	33
4982	33
4983	32
4984	32
4985	32
4986	32
4987	33
4988	32
4989	32
4990	32
4991	31
4992	32
4993	31
4994	32
4995	32
4996	32
4997	32
4998	32
4999	32
5000	31
5001	31
5002	31
5003	31
5004	31
5005	31
5006	32
5007	32
5008	32
5009	30
5010	30
5011	30
5012	30
5013	31
5014	31
5015	31
5016	33
5017	33
5018	33
5019	33
5020	33
5021	33
5022	32
5023	31
5024	31
5025	31
5026	31
5027	31
5028	31
5029	31
5030	31
5031	30
5032	30
5033	30
5034	29
5035	29
5036	29
5037	29
5038	28
5039	28
5040	27
5041	27
5042	27
5043	27
5044	27
5045	27
5046	26
5047	27
5048	27
5049	27
5050	28
5051	28
5052	29
5053	29
5054	29
5055	29
5056	30
5057	30
5058	30
5059	31
5060	31
5061	31
5062	31
5063	31
5064	31
5065	31
5066	31
5067	30
5068	30
5069	30
5070	30
5071	30
5072	29
5073	29
5074	28
5075	28
5076	28
5077	29
5078	29
5079	28
5080	26
5081	26
5082	26
5083	26
5084	25
5085	25
5086	25
5087	24
5088	24
5089	24
5090	24
5091	24
5092	24
5093	25
5094	25
5095	25
5096	26
5097	25
5098	25
5099	25
5100	25
5101	25
5102	24
5103	25
5104	25
5105	25
5106	25
5107	24
5108	24
5109	24
5110	23
5111	23
5112	24
5113	23
5114	22
5115	22
5116	22
5117	22
5118	22
5119	22
5120	21
5121	21
5122	21
5123	21
5124	21
5125	21
5126	17
5127	17
5128	17
5129	17
5130	17
5131	18
5132	18
5133	18
5134	18
5135	18
5136	20
5137	20
5138	21
5139	21
5140	21
5141	21
5142	21
5143	21
5144	22
5145	23
5146	22
5147	23
5148	23
5149	23
5150	23
5151	24
5152	24
5153	24
5154	24
5155	24
5156	24
5157	24
5158	25
5159	24
5160	24
5161	24
5162	24
5163	24
5164	24
5165	24
5166	24
5167	24
5168	24
5169	24
5170	24
5171	24
5172	24
5173	24
5174	24
5175	24
5176	24
5177	23
5178	22
5179	22
5180	22
5181	22
5182	22
5183	22
5184	22
5185	22
5186	21
5187	22
5188	23
5189	24
5190	24
5191	24
5192	24
5193	25
5194	25
5195	25
5196	25
5197	25
5198	24
5199	26
5200	26
5201	26
5202	26
5203	26
5204	26
5205	27
5206	27
5207	27
5208	27
5209	27
5210	27
5211	28
5212	28
5213	28
5214	28
5215	29
5216	30
5217	29
5218	28
5219	28
5220	28
5221	28
5222	27
5223	27
5224	28
5225	29
5226	30
5227	30
5228	30
5229	30
5230	30
5231	29
5232	29
5233	29
5234	29
5235	29
5236	29
5237	29
5238	29
5239	29
5240	29
5241	29
5242	29
5243	28
5244	27
5245	27
5246	27
5247	27
5248	27
5249	27
5250	28
5251	27
5252	26
5253	26
5254	26
5255	25
5256	25
5257	25
5258	25
5259	25
5260	25
5261	25
5262	24
5263	23
5264	23
5265	23
5266	23
5267	23
5268	23
5269	24
5270	24
5271	24
5272	24
5273	24
5274	24
5275	24
5276	23
5277	23
5278	23
5279	23
5280	23
5281	23
5282	23
5283	24
5284	24
5285	24
5286	24
5287	23
5288	23
5289	23
5290	24
5291	23
5292	23
5293	23
5294	23
5295	23
5296	23
5297	23
5298	24
5299	24
5300	25
5301	25
5302	23
5303	23
5304	23
5305	23
5306	23
5307	24
5308	23
5309	23
5310	23
5311	23
5312	23
5313	23
5314	23
5315	23
5316	23
5317	24
5318	25
5319	25
5320	25
5321	25
5322	26
5323	27
5324	26
5325	27
5326	26
5327	24
5328	24
5329	23
5330	23
5331	23
5332	24
5333	23
5334	24
5335	23
5336	23
5337	23
5338	23
5339	23
5340	23
5341	24
5342	24
5343	25
5344	24
5345	24
5346	23
5347	24
5348	24
5349	24
5350	23
5351	23
5352	23
5353	24
5354	24
5355	23
5356	23
5357	23
5358	23
5359	22
5360	22
5361	22
5362	23
5363	24
5364	22
5365	22
5366	23
5367	23
5368	23
5369	23
5370	22
5371	22
5372	22
5373	23
5374	23
5375	22
5376	22
5377	22
5378	22
5379	23
5380	22
5381	22
5382	21
5383	21
5384	21
5385	21
5386	20
5387	20
5388	20
5389	19
5390	19
5391	18
5392	19
5393	19
5394	19
5395	19
5396	19
5397	19
5398	19
5399	19
5400	19
5401	19
5402	20
5403	19
5404	19
5405	19
5406	19
5407	19
5408	18
5409	18
5410	18
5411	17
5412	17
5413	17
5414	17
5415	17
5416	18
5417	18
5418	19
5419	20
5420	20
5421	20
5422	20
5423	20
5424	20
5425	20
5426	19
5427	19
5428	20
5429	20
5430	20
5431	20
5432	20
5433	20
5434	19
5435	20
5436	20
5437	19
5438	20
5439	20
5440	20
5441	20
5442	19
5443	19
5444	19
5445	19
5446	19
5447	19
5448	19
5449	19
5450	19
5451	19
5452	20
5453	20
5454	20
5455	20
5456	20
5457	21
5458	21
5459	21
5460	20
5461	20
5462	20
5463	20
5464	20
5465	20
5466	21
5467	21
5468	21
5469	21
5470	21
5471	21
5472	22
5473	22
5474	21
5475	22
5476	22
5477	22
5478	22
5479	21
5480	21
5481	21
5482	21
5483	21
5484	21
5485	21
5486	21
5487	21
5488	22
5489	22
5490	22
5491	23
5492	22
5493	21
5494	21
5495	22
5496	22
5497	24
5498	24
5499	24
5500	23
5501	23
5502	23
5503	23
5504	21
5505	21
5506	20
5507	20
5508	20
5509	21
5510	21
5511	21
5512	21
5513	21
5514	21
5515	21
5516	21
5517	21
5518	21
5519	21
5520	22
5521	22
5522	22
5523	22
5524	22
5525	22
5526	21
5527	21
5528	21
5529	20
5530	20
5531	20
5532	20
5533	20
5534	20
5535	21
5536	21
5537	21
5538	21
5539	21
5540	22
5541	22
5542	22
5543	22
5544	22
5545	22
5546	21
5547	22
5548	22
5549	22
5550	22
5551	22
5552	22
5553	22
5554	22
5555	22
5556	22
5557	22
5558	22
5559	21
5560	21
5561	21
5562	20
5563	20
5564	19
5565	19
5566	19
5567	19
5568	19
5569	19
5570	19
5571	18
5572	18
5573	18
5574	18
5575	18
5576	16
5577	16
5578	16
5579	16
5580	16
5581	16
5582	16
5583	16
5584	16
5585	16
5586	16
5587	16
5588	18
5589	18
5590	18
5591	17
5592	17
5593	16
5594	16
5595	16
5596	16
5597	16
5598	17
5599	16
5600	16
5601	16
5602	16
5603	16
5604	16
5605	16
5606	16
5607	16
5608	16
5609	16
5610	16
5611	16
5612	16
5613	16
5614	16
5615	15
5616	15
5617	15
5618	15
5619	16
5620	15
5621	15
5622	15
5623	15
5624	15
5625	15
5626	15
5627	15
5628	15
5629	15
5630	15
5631	15
5632	15
5633	16
5634	18
5635	18
5636	18
5637	17
5638	17
5639	17
5640	17
5641	17
5642	17
5643	17
5644	17
5645	17
5646	18
5647	18
5648	19
5649	19
5650	20
5651	20
5652	20
5653	20
5654	20
5655	20
5656	20
5657	19
5658	19
5659	18
5660	19
5661	19
5662	19
5663	19
5664	19
5665	18
5666	19
5667	19
5668	19
5669	18
5670	18
5671	18
5672	18
5673	18
5674	18
5675	18
5676	18
5677	17
5678	16
5679	16
5680	16
5681	16
5682	16
5683	16
5684	16
5685	16
5686	16
5687	15
5688	15
5689	15
5690	15
5691	15
5692	15
5693	15
5694	15
5695	15
5696	16
5697	16
5698	16
5699	16
5700	16
5701	16
5702	16
5703	17
5704	17
5705	17
5706	17
5707	18
5708	19
5709	19
5710	19
5711	19
5712	19
5713	19
5714	19
5715	20
5716	20
5717	19
5718	19
5719	19
5720	19
5721	18
5722	17
5723	17
5724	16
5725	15
5726	15
5727	15
5728	15
5729	14
5730	14
5731	14
5732	14
5733	14
5734	14
5735	14
5736	16
5737	17
5738	17
5739	17
5740	17
5741	18
5742	18
5743	18
5744	18
5745	18
5746	17
5747	17
5748	17
5749	17
5750	18
5751	18
5752	19
5753	19
5754	19
5755	19
5756	20
5757	20
5758	20
5759	20
5760	20
5761	19
5762	19
5763	18
5764	17
5765	17
5766	17
5767	17
5768	17
5769	17
5770	17
5771	17
5772	18
5773	18
5774	18
5775	18
5776	18
5777	18
5778	18
5779	18
5780	17
5781	17
5782	18
5783	19
5784	18
5785	18
5786	18
5787	18
5788	19
5789	19
5790	19
5791	19
5792	19
5793	19
5794	20
5795	21
5796	22
5797	23
5798	23
5799	23
5800	23
5801	24
5802	24
5803	24
5804	22
5805	22
5806	22
5807	22
5808	21
5809	21
5810	21
5811	21
5812	21
5813	21
5814	21
5815	21
5816	21
5817	21
5818	21
5819	21
5820	21
5821	22
5822	23
5823	23
5824	23
5825	23
5826	23
5827	23
5828	23
5829	23
5830	23
5831	22
5832	22
5833	22
5834	23
5835	24
5836	24
5837	24
5838	24
5839	24
5840	24
5841	24
5842	24
5843	23
5844	23
5845	23
5846	23
5847	23
5848	23
5849	23
5850	23
5851	23
5852	24
5853	24
5854	24
5855	25
5856	26
5857	26
5858	26
5859	26
5860	25
5861	26
5862	27
5863	28
5864	28
5865	29
5866	29
5867	29
5868	28
5869	28
5870	27
5871	28
5872	28
5873	28
5874	28
5875	28
5876	28
5877	28
5878	28
5879	27
5880	27
5881	27
5882	27
5883	26
5884	26
5885	26
5886	27
5887	26
5888	26
5889	28
5890	27
5891	27
5892	27
5893	27
5894	27
5895	27
5896	27
5897	27
5898	27
5899	27
5900	27
5901	26
5902	26
5903	26
5904	27
5905	27
5906	27
5907	27
5908	26
5909	26
5910	26
5911	27
5912	27
5913	27
5914	27
5915	27
5916	27
5917	27
5918	27
5919	27
5920	28
5921	28
5922	27
5923	26
5924	28
5925	28
5926	28
5927	29
5928	29
5929	30
5930	30
5931	30
5932	30
5933	30
5934	30
5935	30
5936	29
5937	29
5938	29
5939	29
5940	29
5941	30
5942	30
5943	30
5944	29
5945	30
5946	30
5947	30
5948	30
5949	31
5950	32
5951	32
5952	32
5953	31
5954	31
5955	31
5956	31
5957	31
5958	31
5959	31
5960	31
5961	32
5962	32
5963	33
5964	33
5965	33
5966	33
5967	33
5968	33
5969	33
5970	33
5971	33
5972	33
5973	33
5974	33
5975	33
5976	33
5977	33
5978	33
5979	33
5980	33
5981	33
5982	34
5983	34
5984	35
5985	35
5986	36
5987	37
5988	38
5989	38
5990	38
5991	38
5992	38
5993	38
5994	38
5995	38
5996	38
5997	38
5998	38
5999	38
6000	38
6001	38
6002	38
6003	38
6004	38
6005	38
6006	38
6007	38
6008	39
6009	39
6010	39
6011	38
6012	38
6013	38
6014	37
6015	37
6016	36
6017	33
6018	33
6019	32
6020	32
6021	31
6022	31
6023	32
6024	32
6025	31
6026	31
6027	31
6028	30
6029	31
6030	31
6031	31
6032	31
6033	31
6034	30
6035	30
6036	30
6037	30
6038	29
6039	29
6040	29
6041	29
6042	29
6043	29
6044	29
6045	29
6046	29
6047	29
6048	29
6049	29
6050	29
6051	29
6052	29
6053	29
6054	29
6055	30
6056	30
6057	30
6058	30
6059	30
6060	30
6061	30
6062	30
6063	28
6064	28
6065	28
6066	28
6067	28
6068	27
6069	27
6070	28
6071	28
6072	28
6073	28
6074	27
6075	27
6076	28
6077	27
6078	27
6079	25
6080	25
6081	24
6082	24
6083	24
6084	24
6085	23
6086	23
6087	22
6088	23
6089	22
6090	21
6091	20
6092	20
6093	19
6094	19
6095	18
6096	18
6097	19
6098	18
6099	18
6100	18
6101	18
6102	18
6103	18
6104	18
6105	18
6106	18
6107	18
6108	18
6109	17
6110	16
6111	16
6112	16
6113	17
6114	17
6115	17
6116	17
6117	17
6118	18
6119	18
6120	18
6121	18
6122	18
6123	18
6124	18
6125	18
6126	18
6127	18
6128	18
6129	18
6130	18
6131	18
6132	18
6133	18
6134	18
6135	18
6136	18
6137	18
6138	18
6139	18
6140	18
6141	18
6142	18
6143	18
6144	18
6145	18
6146	17
6147	17
6148	17
6149	17
6150	17
6151	17
6152	17
6153	18
6154	18
6155	18
6156	18
6157	18
6158	18
6159	18
6160	18
6161	18
6162	18
6163	18
6164	18
6165	17
6166	17
6167	16
6168	16
6169	15
6170	15
6171	15
6172	15
6173	15
6174	15
6175	15
6176	15
6177	14
6178	14
6179	14
6180	14
6181	14
6182	14
6183	14
6184	14
6185	14
6186	14
6187	15
6188	14
6189	15
6190	15
6191	15
6192	15
6193	16
6194	16
6195	16
6196	16
6197	16
6198	16
6199	15
6200	15
6201	14
6202	14
6203	14
6204	14
6205	14
6206	14
6207	14
6208	14
6209	14
6210	14
6211	14
6212	14
6213	14
6214	14
6215	13
6216	13
6217	13
6218	13
6219	13
6220	13
6221	13
6222	13
6223	13
6224	13
6225	13
6226	13
6227	13
6228	14
6229	14
6230	14
6231	14
6232	14
6233	14
6234	13
6235	13
6236	13
6237	13
6238	13
6239	13
6240	13
6241	13
6242	13
6243	12
6244	12
6245	12
6246	11
6247	11
6248	12
6249	12
6250	12
6251	12
6252	12
6253	12
6254	13
6255	13
6256	13
6257	13
6258	13
6259	14
6260	14
6261	14
6262	13
6263	13
6264	13
6265	13
6266	13
6267	13
6268	14
6269	15
6270	14
6271	14
6272	14
6273	14
6274	13
6275	13
6276	12
6277	12
6278	12
6279	12
6280	9
6281	9
6282	9
6283	9
6284	9
6285	9
6286	10
6287	10
6288	11
6289	10
6290	10
6291	10
6292	10
6293	10
6294	9
6295	9
6296	11
6297	11
6298	11
6299	11
6300	11
6301	12
6302	12
6303	12
6304	12
6305	12
6306	12
6307	12
6308	12
6309	12
6310	12
6311	13
6312	13
6313	12
6314	12
6315	12
6316	12
6317	13
6318	13
6319	12
6320	13
6321	13
6322	12
6323	12
6324	12
6325	12
6326	13
6327	13
6328	13
6329	13
6330	13
6331	13
6332	13
6333	13
6334	13
6335	13
6336	13
6337	14
6338	14
6339	14
6340	14
6341	14
6342	15
6343	16
6344	16
6345	16
6346	16
6347	16
6348	16
6349	16
6350	16
6351	17
6352	17
6353	17
6354	17
6355	17
6356	17
6357	17
6358	17
6359	17
6360	17
6361	16
6362	16
6363	17
6364	16
6365	17
6366	17
6367	17
6368	17
6369	19
6370	18
6371	18
6372	18
6373	18
6374	18
6375	17
6376	17
6377	17
6378	16
6379	15
6380	15
6381	15
6382	15
6383	15
6384	16
6385	17
6386	17
6387	17
6388	18
6389	18
6390	19
6391	19
6392	19
6393	20
6394	20
6395	21
6396	20
6397	21
6398	21
6399	21
6400	20
6401	21
6402	21
6403	20
6404	20
6405	21
6406	21
6407	22
6408	22
6409	23
6410	23
6411	23
6412	23
6413	23
6414	23
6415	23
6416	23
6417	24
6418	24
6419	24
6420	24
6421	23
6422	23
6423	23
6424	23
6425	23
6426	23
6427	25
6428	25
6429	26
6430	26
6431	26
6432	27
6433	27
6434	28
6435	28
6436	28
6437	28
6438	28
6439	28
6440	28
6441	28
6442	28
6443	28
6444	28
6445	28
6446	29
6447	28
6448	28
6449	28
6450	28
6451	28
6452	28
6453	28
6454	28
6455	29
6456	29
6457	29
6458	29
6459	30
6460	30
6461	29
6462	29
6463	29
6464	29
6465	30
6466	29
6467	29
6468	28
6469	28
6470	28
6471	28
6472	27
6473	27
6474	27
6475	28
6476	28
6477	28
6478	28
6479	28
6480	28
6481	28
6482	28
6483	28
6484	28
6485	27
6486	27
6487	27
6488	27
6489	27
6490	26
6491	26
6492	26
6493	26
6494	26
6495	27
6496	27
6497	27
6498	27
6499	28
6500	28
6501	28
6502	28
6503	28
6504	28
6505	28
6506	27
6507	27
6508	27
6509	27
6510	27
6511	27
6512	27
6513	27
6514	26
6515	26
6516	27
6517	27
6518	27
6519	27
6520	27
6521	28
6522	28
6523	28
6524	28
6525	28
6526	29
6527	29
6528	29
6529	28
6530	28
6531	28
6532	28
6533	28
6534	28
6535	28
6536	28
6537	28
6538	28
6539	28
6540	28
6541	28
6542	27
6543	27
6544	25
6545	26
6546	26
6547	26
6548	26
6549	26
6550	26
6551	26
6552	26
6553	26
6554	26
6555	26
6556	27
6557	26
6558	26
6559	26
6560	25
6561	25
6562	25
6563	26
6564	26
6565	26
6566	27
6567	27
6568	28
6569	28
6570	28
6571	28
6572	28
6573	28
6574	28
6575	28
6576	28
6577	28
6578	28
6579	28
6580	28
6581	28
6582	27
6583	26
6584	26
6585	25
6586	25
6587	25
6588	26
6589	26
6590	25
6591	25
6592	25
6593	24
6594	24
6595	24
6596	24
6597	23
6598	23
6599	22
6600	21
6601	21
6602	21
6603	20
6604	20
6605	20
6606	20
6607	20
6608	20
6609	20
6610	21
6611	21
6612	21
6613	21
6614	21
6615	20
6616	22
6617	22
6618	23
6619	23
6620	23
6621	23
6622	23
6623	23
6624	24
6625	24
6626	24
6627	24
6628	24
6629	24
6630	25
6631	25
6632	25
6633	25
6634	24
6635	24
6636	24
6637	24
6638	24
6639	24
6640	24
6641	24
6642	24
6643	24
6644	24
6645	23
6646	23
6647	23
6648	23
6649	23
6650	23
6651	23
6652	23
6653	23
6654	23
6655	23
6656	22
6657	21
6658	20
6659	19
6660	20
6661	20
6662	20
6663	19
6664	20
6665	19
6666	19
6667	18
6668	19
6669	18
6670	18
6671	17
6672	17
6673	17
6674	17
6675	18
6676	18
6677	18
6678	18
6679	18
6680	18
6681	18
6682	18
6683	19
6684	18
6685	19
6686	19
6687	19
6688	19
6689	19
6690	19
6691	19
6692	19
6693	19
6694	19
6695	19
6696	19
6697	19
6698	19
6699	19
6700	20
6701	21
6702	21
6703	21
6704	21
6705	21
6706	21
6707	22
6708	22
6709	22
6710	22
6711	22
6712	22
6713	23
6714	23
6715	23
6716	23
6717	23
6718	23
6719	23
6720	23
6721	22
6722	22
6723	22
6724	22
6725	22
6726	23
6727	23
6728	23
6729	23
6730	23
6731	24
6732	24
6733	24
6734	25
6735	25
6736	25
6737	25
6738	25
6739	25
6740	25
6741	25
6742	25
6743	25
6744	24
6745	25
6746	25
6747	25
6748	26
6749	26
6750	26
6751	25
6752	25
6753	25
6754	25
6755	25
6756	25
6757	25
6758	25
6759	25
6760	25
6761	25
6762	25
6763	25
6764	25
6765	24
6766	24
6767	23
6768	23
6769	23
6770	23
6771	22
6772	22
6773	23
6774	23
6775	23
6776	23
6777	22
6778	22
6779	22
6780	21
6781	21
6782	21
6783	20
6784	20
6785	21
6786	21
6787	22
6788	23
6789	21
6790	23
6791	22
6792	22
6793	22
6794	22
6795	22
6796	22
6797	22
6798	22
6799	22
6800	22
6801	22
6802	23
6803	23
6804	23
6805	23
6806	23
6807	23
6808	23
6809	23
6810	23
6811	23
6812	23
6813	23
6814	23
6815	24
6816	24
6817	24
6818	24
6819	24
6820	24
6821	24
6822	24
6823	25
6824	25
6825	25
6826	25
6827	25
6828	25
6829	25
6830	25
6831	25
6832	25
6833	25
6834	25
6835	25
6836	25
6837	24
6838	24
6839	24
6840	24
6841	24
6842	24
6843	24
6844	24
6845	24
6846	23
6847	23
6848	22
6849	20
6850	19
6851	19
6852	18
6853	17
6854	16
6855	16
6856	16
6857	16
6858	16
6859	16
6860	16
6861	16
6862	16
6863	17
6864	17
6865	17
6866	17
6867	17
6868	16
6869	16
6870	16
6871	16
6872	16
6873	17
6874	17
6875	17
6876	17
6877	17
6878	17
6879	17
6880	17
6881	17
6882	17
6883	17
6884	17
6885	17
6886	17
6887	17
6888	18
6889	18
6890	18
6891	17
6892	16
6893	15
6894	15
6895	15
6896	15
6897	15
6898	15
6899	15
6900	15
6901	15
6902	15
6903	15
6904	15
6905	15
6906	15
6907	16
6908	16
6909	15
6910	15
6911	15
6912	15
6913	15
6914	15
6915	15
6916	15
6917	15
6918	15
6919	15
6920	15
6921	15
6922	15
6923	15
6924	15
6925	15
6926	15
6927	15
6928	16
6929	16
6930	16
6931	16
6932	16
6933	16
6934	16
6935	16
6936	17
6937	17
6938	16
6939	15
6940	15
6941	15
6942	16
6943	16
6944	16
6945	16
6946	16
6947	16
6948	16
6949	16
6950	16
6951	16
6952	16
6953	16
6954	16
6955	16
6956	16
6957	16
6958	15
6959	17
6960	17
6961	17
6962	17
6963	17
6964	18
6965	18
6966	18
6967	18
6968	18
6969	18
6970	18
6971	18
6972	18
6973	18
6974	18
6975	18
6976	18
6977	19
6978	19
6979	20
6980	19
6981	19
6982	19
6983	19
6984	19
6985	19
6986	19
6987	19
6988	19
6989	19
6990	19
6991	19
6992	18
6993	17
6994	17
6995	17
6996	17
6997	17
6998	18
6999	19
7000	19
7001	19
7002	19
7003	19
7004	19
7005	19
7006	18
7007	18
7008	18
7009	18
7010	18
7011	18
7012	19
7013	19
7014	19
7015	20
7016	20
7017	20
7018	20
7019	20
7020	20
7021	20
7022	20
7023	20
7024	20
7025	20
7026	20
7027	20
7028	20
7029	20
7030	20
7031	20
7032	19
7033	19
7034	19
7035	19
7036	18
7037	17
7038	17
7039	17
7040	17
7041	17
7042	17
7043	17
7044	17
7045	16
7046	15
7047	15
7048	15
7049	15
7050	15
7051	16
7052	16
7053	15
7054	15
7055	15
7056	15
7057	15
7058	15
7059	15
7060	15
7061	15
7062	15
7063	15
7064	15
7065	15
7066	16
7067	16
7068	16
7069	16
7070	16
7071	15
7072	15
7073	15
7074	16
7075	16
7076	16
7077	16
7078	16
7079	16
7080	17
7081	17
7082	18
7083	18
7084	18
7085	18
7086	18
7087	19
7088	19
7089	19
7090	20
7091	20
7092	20
7093	21
7094	21
7095	21
7096	21
7097	21
7098	21
7099	20
7100	20
7101	18
7102	18
7103	18
7104	18
7105	17
7106	17
7107	17
7108	17
7109	17
7110	17
7111	18
7112	18
7113	18
7114	18
7115	18
7116	18
7117	18
7118	18
7119	18
7120	18
7121	18
7122	18
7123	18
7124	18
7125	18
7126	18
7127	18
7128	18
7129	17
7130	17
7131	18
7132	17
7133	17
7134	17
7135	17
7136	17
7137	17
7138	17
7139	17
7140	16
7141	17
7142	17
7143	16
7144	16
7145	17
7146	17
7147	16
7148	16
7149	16
7150	16
7151	17
7152	17
7153	17
7154	17
7155	17
7156	17
7157	17
7158	17
7159	17
7160	17
7161	18
7162	18
7163	18
7164	18
7165	18
7166	18
7167	18
7168	18
7169	18
7170	18
7171	17
7172	16
7173	16
7174	16
7175	15
7176	15
7177	14
7178	14
7179	15
7180	15
7181	15
7182	15
7183	15
7184	14
7185	14
7186	14
7187	14
7188	14
7189	14
7190	14
7191	13
7192	13
7193	13
7194	12
7195	12
7196	12
7197	12
7198	13
7199	13
7200	13
7201	13
7202	14
7203	14
7204	14
7205	14
7206	15
7207	15
7208	15
7209	15
7210	15
7211	15
7212	15
7213	15
7214	15
7215	15
7216	15
7217	15
7218	15
7219	15
7220	15
7221	14
7222	14
7223	14
7224	14
7225	14
7226	14
7227	14
7228	14
7229	14
7230	14
7231	14
7232	14
7233	14
7234	14
7235	15
7236	15
7237	15
7238	15
7239	15
7240	15
7241	15
7242	15
7243	15
7244	15
7245	15
7246	14
7247	14
7248	13
7249	13
7250	13
7251	13
7252	13
7253	13
7254	12
7255	12
7256	12
7257	12
7258	12
7259	12
7260	12
7261	12
7262	12
7263	12
7264	12
7265	12
7266	12
7267	12
7268	12
7269	12
7270	12
7271	12
7272	11
7273	11
7274	11
7275	11
7276	11
7277	11
7278	11
7279	11
7280	11
7281	11
7282	11
7283	11
7284	11
7285	11
7286	10
7287	10
7288	9
7289	9
7290	9
7291	8
7292	8
7293	8
7294	8
7295	8
7296	8
7297	8
7298	8
7299	8
7300	8
7301	8
7302	8
7303	8
7304	8
7305	8
7306	8
7307	8
7308	8
7309	8
7310	8
7311	8
7312	8
7313	8
7314	8
7315	8
7316	8
7317	8
7318	8
7319	8
7320	8
7321	8
7322	8
7323	8
7324	8
7325	6
7326	6
7327	6
7328	6
7329	5
7330	5
7331	5
7332	4
7333	4
7334	4
7335	4
7336	4
7337	4
7338	4
7339	4
7340	4
7341	4
7342	4
7343	4
7344	4
7345	4
7346	4
7347	4
7348	4
7349	4
7350	4
7351	4
7352	4
7353	4
7354	4
7355	4
7356	4
7357	4
7358	4
7359	4
7360	4
7361	4
7362	4
7363	4
7364	4
7365	4
7366	4
7367	4
7368	4
7369	4
7370	4
7371	4
7372	4
7373	4
7374	4
7375	4
7376	4
7377	4
7378	4
7379	4
7380	4
7381	3
7382	3
7383	3
7384	3
7385	3
7386	3
7387	3
7388	3
7389	3
7390	3
7391	3
7392	3
7393	3
7394	3
7395	3
7396	3
7397	3
7398	3
7399	3
7400	3
7401	3
7402	3
7403	3
7404	3
7405	3
7406	3
7407	3
7408	3
7409	3
7410	3
7411	3
7412	3
7413	3
7414	3
7415	3
7416	3
7417	3
7418	3
7419	3
7420	3
7421	3
7422	3
7423	3
7424	2
7425	2
7426	2
7427	2
7428	2
7429	2
7430	2
7431	2
7432	2
7433	2
7434	2
7435	2
7436	1
7437	1
7438	1
7439	1
7440	1
7441	1
7442	1
7443	1
7444	1
7445	1
7446	1
7447	1
7448	1
7449	1
7450	1
7451	1
7452	1
7453	1
7454	1
7455	1
7456	1
7457	1
7458	1
7459	1
7460	1
7461	1
7462	1
7463	1
7464	1
7465	1
7466	1
7467	1
7468	1
7469	1
7470	1
7471	1
7472	1
7473	1
7474	1
7475	1
7476	1
7477	1
7478	1
7479	1
7480	1
7481	1
7482	0
7483	0
7484	0
7485	0
7486	0
7487	0
7488	0
7489	0
7490	0
7491	0
7492	0
7493	0
7494	0
7495	0
7496	0
7497	0
7498	0
7499	0
7500	0
7501	0
7502	0
7503	0
7504	0
7505	0
7506	0
7507	0
7508	0
7509	0
7510	0
7511	0
7512	0
7513	0
7514	0
7515	0
7516	0
7517	0
7518	0
7519	0
7520	0
7521	0
7522	0
7523	0
7524	0
7525	0
7526	0
7527	0
7528	0
7529	0
7530	0
7531	0
7532	0
7533	0
7534	0
7535	0
7536	0
7537	0
7538	0
7539	0
7540	0
7541	0
7542	0
7543	0
7544	0
7545	0
7546	0
7547	0
7548	0
7549	0
7550	0
7551	0
7552	0
7553	0
7554	0
7555	0
7556	0
7557	0
7558	0
7559	0
7560	0
7561	0
7562	0
7563	0
7564	0
7565	0
7566	0
7567	0
7568	0
7569	0
7570	0
7571	0
7572	0
7573	0
7574	0
7575	0
7576	0
7577	0
7578	0
7579	0
7580	0
7581	0
7582	0
7583	0
7584	0
7585	0
7586	0
7587	0
7588	0
7589	0
7590	0
7591	0
7592	0
7593	0
7594	0
7595	0
7596	0
7597	0
7598	0
7599	0
7600	0
7601	0
7602	0
7603	0
7604	0
7605	0
7606	0
7607	0
7608	0
7609	0
7610	0
7611	0
7612	0
7613	0
7614	0
7615	0
7616	0
7617	0
7618	0
7619	0
7620	0
7621	0
7622	0
7623	0
7624	0
7625	0
7626	0
7627	0
7628	0
7629	0
7630	0
7631	0
7632	0
7633	0
7634	0
7635	0
7636	0
7637	0
7638	0
7639	0
7640	0
7641	0
7642	0
7643	0
7644	0
7645	0
7646	0
7647	0
7648	0
7649	0
7650	0
7651	0
7652	0
7653	0
7654	0
7655	0
7656	0
7657	0
7658	0
7659	0
7660	0
7661	0
7662	0
7663	0
7664	0
7665	0
7666	0
7667	0
7668	0
7669	0
7670	0
7671	0
7672	0
7673	0
7674	0
7675	0
7676	0
7677	0
7678	0
7679	0
7680	0
7681	0
7682	0
7683	0
7684	0
7685	0
7686	0
7687	0
7688	0
7689	0
7690	0
7691	0
7692	0
7693	0
7694	0
7695	0
7696	0
7697	0
7698	0
7699	0
7700	0
7701	0
7702	0
7703	0
7704	0
7705	0
7706	0
7707	0
7708	0
7709	0
7710	0
7711	0
7712	0
7713	0
7714	0
7715	0
7716	0
7717	0
7718	0
7719	0
7720	0
7721	0
7722	0
7723	0
7724	0
7725	0
7726	0
7727	0
7728	0
7729	0
7730	0
7731	0
7732	0
7733	0
7734	0
7735	0
7736	0
7737	0
7738	0
7739	0
7740	0
7741	0
7742	0
7743	0
7744	0
7745	0
7746	0
7747	0
7748	0
7749	0
7750	0
7751	0
7752	0
7753	0
7754	0
7755	0
7756	0
7757	0
7758	0
7759	0
7760	0
7761	0
7762	0
7763	0
7764	0
7765	0
7766	0
7767	0
7768	0
7769	0
7770	0
7771	0
7772	0
7773	0
7774	0
7775	0
7776	0
7777	0
7778	0
7779	0
7780	0
7781	0
7782	0
7783	0
7784	0
7785	0
7786	0
7787	0
7788	0
7789	0
7790	0
7791	0
7792	0
7793	0
7794	0
7795	0
7796	0
7797	0
7798	0
7799	0
7800	0
7801	0
7802	0
7803	0
7804	0
7805	0
7806	0
7807	0
7808	0
7809	0
7810	0
7811	0
7812	0
7813	0
7814	0
7815	0
7816	0
7817	0
7818	0
7819	0
7820	0
7821	0
7822	0
7823	0
7824	0
7825	0
7826	0
7827	0
7828	0
7829	0
7830	0
7831	0
7832	0
7833	0
7834	0
7835	0
7836	0
7837	0
7838	0
7839	0
7840	0
7841	0
7842	0
7843	0
7844	0
7845	0
7846	0
7847	0
7848	0
7849	0
7850	0
7851	0
7852	0
7853	0
7854	0
7855	0
7856	0
7857	0
7858	0
7859	0
7860	0
7861	0
7862	0
7863	0
7864	0
7865	0
7866	0
7867	0
7868	0
7869	0
7870	0
7871	0
7872	0
7873	0
7874	0
7875	0
7876	0
7877	0
7878	0
7879	0
7880	0
7881	0
7882	0
7883	0
7884	0
7885	0
7886	0
7887	0
7888	0
7889	0
7890	0
7891	0
7892	0
7893	0
7894	0
7895	0
7896	0
7897	0
7898	0
7899	0
7900	0
7901	0
7902	0
7903	0
7904	0
7905	0
7906	0
7907	0
7908	0
7909	0
7910	0
7911	0
7912	0
7913	0
7914	0
7915	0
7916	0
7917	0
7918	0
7919	0
7920	0
7921	0
7922	0
7923	0
7924	0
7925	0
7926	0
7927	0
7928	0
7929	0
7930	0
7931	0
7932	0
7933	0
7934	0
7935	0
7936	0
7937	0
7938	0
7939	0
7940	0
7941	0
7942	0
7943	0
7944	0
7945	0
7946	0
7947	0
7948	0
7949	0
7950	0
7951	0
7952	0
7953	0
7954	0
7955	0
7956	0
7957	0
7958	0
7959	0
7960	0
7961	0
7962	0
7963	0
7964	0
7965	0
7966	0
7967	0
7968	0
7969	0
7970	0
7971	0
7972	0
7973	0
7974	0
7975	0
7976	0
7977	0
7978	0
7979	0
7980	0
7981	0
7982	0
7983	0
7984	0
7985	0
7986	0
7987	0
7988	0
7989	0
7990	0
7991	0
7992	0
7993	0
7994	0
7995	0
7996	0
7997	0
7998	0
7999	0
8000	0
8001	0
8002	0
8003	0
8004	0
8005	0
8006	0
8007	0
8008	0
8009	0
8010	0
8011	0
8012	0
8013	0
8014	0
8015	0
8016	0
8017	0
8018	0
8019	0
8020	0
8021	0
8022	0
8023	0
8024	0
8025	0
8026	0
8027	0
8028	0
8029	0
8030	0
8031	0
8032	0
8033	0
8034	0
8035	0
8036	0
8037	0
8038	0
8039	0
8040	0
8041	0
8042	0
8043	0
8044	0
8045	0
8046	0
8047	0
8048	0
8049	0
8050	0
8051	0
8052	0
8053	0
8054	0
8055	0
8056	0
8057	0
8058	0
8059	0
8060	0
8061	0
8062	0
8063	0
8064	0
8065	0
8066	0
8067	0
8068	0
8069	0
8070	0
8071	0
8072	0
8073	0
8074	0
8075	0
8076	0
8077	0
8078	0
8079	0
8080	0
8081	0
8082	0
8083	0
8084	0
8085	0
8086	0
8087	0
8088	0
8089	0
8090	0
8091	0
8092	0
8093	0
8094	0
8095	0
8096	0
8097	0
8098	0
8099	0
8100	0
8101	0
8102	0
8103	0
8104	0
8105	0
8106	0
8107	0
8108	0
8109	0
8110	0
8111	0
8112	0
8113	0
8114	0
8115	0
8116	0
8117	0
8118	0
8119	0
8120	0
8121	0
8122	0
8123	0
8124	0
8125	0
8126	0
8127	0
8128	0
8129	0
8130	0
8131	0
8132	0
8133	0
8134	0
8135	0
8136	0
8137	0
8138	0
8139	0
8140	0
8141	0
8142	0
8143	0
8144	0
8145	0
8146	0
8147	0
8148	0
8149	0
8150	0
8151	0
8152	0
8153	0
8154	0
8155	0
8156	0
8157	0
8158	0
8159	0
8160	0
8161	0
8162	0
8163	0
8164	0
8165	0
8166	0
8167	0
8168	0
8169	0
8170	0
8171	0
8172	0
8173	0
8174	0
8175	0
8176	0
8177	0
8178	0
8179	0
8180	0
8181	0
8182	0
8183	0
8184	0
8185	0
8186	0
8187	0
8188	0
8189	0
8190	0
8191	0
8192	0
8193	0
8194	0
8195	0
8196	0
8197	0
8198	0
8199	0
8200	0
8201	0
8202	0
