1	0
2	0
3	0
4	1
5	1
6	1
7	1
8	1
9	1
10	1
11	1
12	1
13	1
14	1
15	1
16	1
17	1
18	1
19	1
20	1
21	1
22	1
23	1
24	1
25	1
26	1
27	1
28	1
29	1
30	1
31	1
32	1
33	1
34	1
35	1
36	1
37	1
38	1
39	1
40	1
41	1
42	1
43	1
44	1
45	1
46	1
47	1
48	1
49	1
50	1
51	1
52	1
53	1
54	1
55	1
56	1
57	2
58	2
59	2
60	2
61	2
62	2
63	2
64	2
65	2
66	2
67	2
68	2
69	2
70	2
71	2
72	2
73	2
74	2
75	2
76	2
77	2
78	2
79	2
80	3
81	3
82	3
83	3
84	3
85	3
86	3
87	3
88	3
89	3
90	3
91	3
92	3
93	3
94	3
95	3
96	3
97	3
98	3
99	3
100	3
101	3
102	3
103	3
104	3
105	3
106	3
107	3
108	3
109	3
110	3
111	3
112	3
113	3
114	3
115	3
116	3
117	3
118	3
119	3
120	3
121	3
122	3
123	3
124	3
125	3
126	3
127	3
128	3
129	3
130	3
131	3
132	3
133	3
134	3
135	3
136	3
137	3
138	4
139	4
140	4
141	4
142	4
143	4
144	4
145	3
146	3
147	3
148	3
149	3
150	3
151	3
152	3
153	3
154	3
155	3
156	3
157	3
158	3
159	3
160	2
161	2
162	2
163	2
164	2
165	2
166	2
167	2
168	2
169	2
170	2
171	2
172	3
173	3
174	3
175	3
176	3
177	3
178	3
179	3
180	3
181	3
182	3
183	3
184	3
185	3
186	3
187	3
188	3
189	3
190	3
191	3
192	3
193	3
194	3
195	3
196	3
197	3
198	3
199	3
200	3
201	3
202	3
203	3
204	3
205	3
206	3
207	3
208	3
209	3
210	3
211	3
212	3
213	3
214	3
215	3
216	3
217	3
218	3
219	3
220	3
221	3
222	3
223	3
224	3
225	3
226	3
227	3
228	4
229	4
230	4
231	4
232	4
233	4
234	4
235	4
236	4
237	4
238	4
239	4
240	4
241	4
242	4
243	4
244	4
245	4
246	5
247	5
248	5
249	5
250	5
251	5
252	5
253	5
254	5
255	5
256	5
257	6
258	6
259	6
260	6
261	6
262	6
263	6
264	6
265	6
266	6
267	6
268	6
269	6
270	6
271	6
272	6
273	6
274	6
275	6
276	6
277	6
278	6
279	6
280	6
281	6
282	6
283	6
284	6
285	6
286	6
287	6
288	6
289	7
290	7
291	7
292	7
293	7
294	7
295	7
296	7
297	6
298	6
299	6
300	6
301	6
302	6
303	6
304	6
305	6
306	6
307	6
308	6
309	6
310	6
311	6
312	6
313	6
314	6
315	6
316	6
317	6
318	6
319	6
320	6
321	6
322	6
323	6
324	6
325	6
326	6
327	7
328	7
329	7
330	7
331	7
332	7
333	7
334	8
335	8
336	8
337	8
338	8
339	8
340	8
341	8
342	8
343	8
344	8
345	8
346	8
347	8
348	8
349	8
350	8
351	8
352	8
353	8
354	8
355	8
356	8
357	8
358	8
359	8
360	8
361	8
362	8
363	8
364	8
365	8
366	9
367	9
368	9
369	9
370	9
371	9
372	9
373	9
374	9
375	9
376	9
377	9
378	9
379	9
380	9
381	9
382	10
383	10
384	10
385	10
386	10
387	10
388	10
389	10
390	9
391	9
392	9
393	9
394	9
395	9
396	9
397	9
398	9
399	9
400	9
401	9
402	9
403	9
404	8
405	8
406	7
407	7
408	7
409	7
410	7
411	7
412	7
413	7
414	7
415	7
416	7
417	7
418	7
419	7
420	7
421	8
422	8
423	8
424	8
425	8
426	8
427	7
428	7
429	7
430	7
431	8
432	8
433	8
434	8
435	9
436	9
437	9
438	9
439	9
440	9
441	9
442	9
443	9
444	9
445	9
446	9
447	9
448	9
449	9
450	9
451	9
452	8
453	8
454	8
455	8
456	8
457	7
458	7
459	7
460	7
461	7
462	7
463	7
464	7
465	7
466	7
467	7
468	7
469	8
470	8
471	8
472	8
473	8
474	8
475	8
476	8
477	7
478	7
479	7
480	7
481	8
482	8
483	8
484	8
485	8
486	8
487	9
488	9
489	9
490	9
491	9
492	9
493	9
494	9
495	9
496	9
497	9
498	10
499	10
500	9
501	9
502	9
503	9
504	9
505	9
506	9
507	9
508	9
509	9
510	9
511	9
512	9
513	9
514	9
515	9
516	9
517	10
518	10
519	10
520	10
521	10
522	10
523	10
524	11
525	11
526	11
527	12
528	12
529	12
530	12
531	12
532	12
533	12
534	11
535	11
536	11
537	11
538	11
539	11
540	11
541	11
542	11
543	11
544	11
545	12
546	12
547	12
548	12
549	12
550	12
551	12
552	12
553	12
554	13
555	12
556	12
557	12
558	12
559	12
560	12
561	12
562	12
563	12
564	12
565	12
566	12
567	12
568	12
569	12
570	12
571	12
572	12
573	12
574	12
575	12
576	12
577	12
578	13
579	13
580	13
581	13
582	13
583	13
584	13
585	13
586	13
587	13
588	14
589	14
590	14
591	14
592	14
593	14
594	14
595	14
596	14
597	14
598	14
599	14
600	14
601	13
602	13
603	13
604	15
605	15
606	15
607	15
608	14
609	14
610	14
611	13
612	13
613	13
614	13
615	12
616	12
617	12
618	12
619	12
620	12
621	12
622	12
623	12
624	12
625	12
626	12
627	12
628	13
629	13
630	13
631	13
632	13
633	13
634	13
635	13
636	13
637	13
638	13
639	14
640	14
641	13
642	13
643	13
644	13
645	13
646	13
647	13
648	13
649	13
650	13
651	12
652	12
653	12
654	12
655	12
656	12
657	12
658	12
659	12
660	12
661	12
662	12
663	12
664	12
665	12
666	12
667	12
668	12
669	12
670	12
671	12
672	12
673	12
674	12
675	12
676	12
677	12
678	12
679	12
680	12
681	12
682	12
683	12
684	12
685	12
686	12
687	13
688	13
689	13
690	15
691	15
692	15
693	15
694	15
695	15
696	15
697	15
698	15
699	16
700	16
701	16
702	16
703	16
704	16
705	16
706	16
707	16
708	16
709	17
710	17
711	17
712	17
713	17
714	17
715	17
716	17
717	17
718	16
719	16
720	16
721	16
722	16
723	16
724	16
725	16
726	16
727	16
728	16
729	16
730	16
731	16
732	16
733	16
734	16
735	16
736	16
737	16
738	16
739	16
740	16
741	16
742	15
743	15
744	15
745	15
746	15
747	15
748	15
749	15
750	15
751	15
752	15
753	15
754	15
755	15
756	15
757	15
758	15
759	15
760	15
761	15
762	15
763	14
764	14
765	14
766	14
767	15
768	13
769	12
770	12
771	12
772	12
773	12
774	13
775	13
776	13
777	13
778	13
779	12
780	12
781	12
782	12
783	12
784	12
785	12
786	12
787	12
788	12
789	12
790	12
791	12
792	12
793	12
794	12
795	12
796	12
797	12
798	12
799	12
800	12
801	12
802	12
803	12
804	12
805	11
806	11
807	11
808	11
809	11
810	10
811	10
812	10
813	10
814	10
815	10
816	11
817	11
818	11
819	11
820	10
821	10
822	10
823	10
824	10
825	10
826	10
827	10
828	10
829	10
830	10
831	10
832	10
833	10
834	10
835	10
836	10
837	9
838	9
839	9
840	9
841	10
842	10
843	10
844	10
845	10
846	10
847	10
848	10
849	9
850	9
851	9
852	9
853	9
854	9
855	9
856	9
857	9
858	9
859	9
860	9
861	9
862	9
863	9
864	9
865	9
866	9
867	8
868	8
869	8
870	8
871	8
872	8
873	7
874	7
875	7
876	7
877	7
878	7
879	7
880	7
881	7
882	7
883	6
884	6
885	6
886	6
887	6
888	6
889	7
890	7
891	7
892	7
893	7
894	7
895	7
896	7
897	7
898	7
899	7
900	8
901	8
902	8
903	8
904	8
905	8
906	8
907	8
908	8
909	8
910	7
911	7
912	7
913	7
914	7
915	7
916	7
917	7
918	7
919	7
920	7
921	7
922	7
923	7
924	7
925	7
926	7
927	7
928	7
929	6
930	6
931	6
932	6
933	6
934	6
935	7
936	7
937	8
938	8
939	8
940	8
941	8
942	9
943	9
944	9
945	9
946	9
947	9
948	9
949	9
950	9
951	9
952	9
953	8
954	8
955	7
956	7
957	7
958	7
959	7
960	7
961	7
962	7
963	7
964	7
965	8
966	8
967	8
968	8
969	8
970	9
971	9
972	9
973	9
974	9
975	9
976	9
977	9
978	9
979	9
980	10
981	10
982	10
983	10
984	10
985	10
986	10
987	10
988	10
989	10
990	10
991	10
992	10
993	10
994	10
995	10
996	10
997	10
998	10
999	10
1000	10
1001	10
1002	10
1003	10
1004	10
1005	10
1006	10
1007	9
1008	8
1009	8
1010	8
1011	8
1012	8
1013	8
1014	8
1015	8
1016	8
1017	8
1018	9
1019	9
1020	9
1021	9
1022	10
1023	10
1024	10
1025	10
1026	10
1027	10
1028	10
1029	10
1030	10
1031	10
1032	10
1033	10
1034	10
1035	10
1036	11
1037	11
1038	11
1039	11
1040	10
1041	10
1042	10
1043	10
1044	10
1045	10
1046	10
1047	10
1048	10
1049	10
1050	10
1051	11
1052	11
1053	11
1054	11
1055	11
1056	11
1057	11
1058	10
1059	10
1060	10
1061	10
1062	10
1063	10
1064	10
1065	11
1066	11
1067	11
1068	11
1069	11
1070	11
1071	11
1072	11
1073	11
1074	11
1075	11
1076	12
1077	12
1078	12
1079	12
1080	12
1081	12
1082	11
1083	11
1084	11
1085	11
1086	11
1087	11
1088	11
1089	11
1090	10
1091	10
1092	10
1093	10
1094	10
1095	10
1096	10
1097	10
1098	10
1099	10
1100	10
1101	10
1102	10
1103	10
1104	11
1105	13
1106	13
1107	13
1108	13
1109	13
1110	13
1111	13
1112	13
1113	13
1114	13
1115	13
1116	13
1117	13
1118	12
1119	12
1120	12
1121	12
1122	12
1123	12
1124	12
1125	11
1126	11
1127	10
1128	9
1129	9
1130	9
1131	9
1132	9
1133	9
1134	9
1135	9
1136	9
1137	9
1138	9
1139	9
1140	10
1141	10
1142	10
1143	10
1144	10
1145	10
1146	10
1147	10
1148	10
1149	10
1150	10
1151	10
1152	10
1153	10
1154	9
1155	9
1156	9
1157	9
1158	9
1159	9
1160	9
1161	9
1162	9
1163	9
1164	8
1165	8
1166	8
1167	8
1168	8
1169	7
1170	7
1171	7
1172	7
1173	7
1174	7
1175	7
1176	7
1177	7
1178	8
1179	8
1180	8
1181	8
1182	8
1183	8
1184	8
1185	8
1186	8
1187	8
1188	8
1189	8
1190	8
1191	8
1192	8
1193	8
1194	8
1195	8
1196	8
1197	9
1198	9
1199	9
1200	9
1201	9
1202	9
1203	9
1204	9
1205	8
1206	8
1207	8
1208	8
1209	8
1210	8
1211	8
1212	8
1213	9
1214	8
1215	8
1216	8
1217	8
1218	8
1219	8
1220	8
1221	8
1222	8
1223	8
1224	8
1225	8
1226	9
1227	9
1228	9
1229	9
1230	9
1231	9
1232	9
1233	10
1234	10
1235	10
1236	10
1237	10
1238	10
1239	11
1240	11
1241	11
1242	11
1243	11
1244	11
1245	11
1246	11
1247	11
1248	12
1249	12
1250	12
1251	12
1252	12
1253	12
1254	12
1255	12
1256	12
1257	12
1258	12
1259	13
1260	13
1261	14
1262	14
1263	14
1264	14
1265	14
1266	15
1267	15
1268	15
1269	15
1270	15
1271	15
1272	15
1273	15
1274	15
1275	15
1276	15
1277	15
1278	15
1279	15
1280	15
1281	15
1282	14
1283	14
1284	14
1285	14
1286	14
1287	13
1288	13
1289	13
1290	13
1291	13
1292	13
1293	14
1294	14
1295	14
1296	14
1297	14
1298	14
1299	14
1300	14
1301	14
1302	14
1303	14
1304	14
1305	14
1306	14
1307	14
1308	13
1309	13
1310	13
1311	13
1312	13
1313	13
1314	13
1315	13
1316	13
1317	13
1318	13
1319	12
1320	12
1321	12
1322	12
1323	13
1324	13
1325	13
1326	13
1327	13
1328	13
1329	13
1330	13
1331	13
1332	13
1333	13
1334	13
1335	13
1336	13
1337	13
1338	13
1339	13
1340	13
1341	13
1342	14
1343	14
1344	14
1345	14
1346	14
1347	14
1348	14
1349	13
1350	14
1351	14
1352	14
1353	14
1354	14
1355	14
1356	14
1357	14
1358	14
1359	14
1360	14
1361	14
1362	14
1363	14
1364	14
1365	14
1366	14
1367	14
1368	14
1369	14
1370	13
1371	13
1372	13
1373	13
1374	13
1375	13
1376	13
1377	13
1378	13
1379	13
1380	14
1381	15
1382	15
1383	15
1384	14
1385	14
1386	13
1387	13
1388	13
1389	13
1390	13
1391	13
1392	13
1393	13
1394	12
1395	11
1396	11
1397	11
1398	11
1399	11
1400	11
1401	11
1402	11
1403	11
1404	11
1405	12
1406	12
1407	12
1408	12
1409	12
1410	12
1411	12
1412	12
1413	12
1414	12
1415	12
1416	12
1417	12
1418	12
1419	12
1420	12
1421	12
1422	12
1423	12
1424	12
1425	12
1426	12
1427	12
1428	13
1429	13
1430	13
1431	13
1432	13
1433	13
1434	13
1435	13
1436	13
1437	12
1438	13
1439	13
1440	14
1441	14
1442	14
1443	14
1444	14
1445	13
1446	13
1447	13
1448	13
1449	13
1450	12
1451	12
1452	12
1453	12
1454	12
1455	13
1456	13
1457	13
1458	13
1459	13
1460	13
1461	12
1462	11
1463	12
1464	13
1465	13
1466	13
1467	13
1468	13
1469	12
1470	12
1471	12
1472	11
1473	11
1474	11
1475	11
1476	11
1477	11
1478	11
1479	11
1480	11
1481	11
1482	12
1483	12
1484	11
1485	11
1486	11
1487	11
1488	12
1489	12
1490	12
1491	12
1492	12
1493	12
1494	13
1495	14
1496	14
1497	14
1498	14
1499	14
1500	13
1501	13
1502	13
1503	12
1504	13
1505	13
1506	14
1507	14
1508	14
1509	14
1510	14
1511	14
1512	14
1513	14
1514	14
1515	14
1516	14
1517	14
1518	14
1519	14
1520	14
1521	14
1522	14
1523	14
1524	14
1525	14
1526	14
1527	14
1528	14
1529	14
1530	15
1531	15
1532	15
1533	15
1534	15
1535	15
1536	15
1537	15
1538	15
1539	15
1540	15
1541	15
1542	15
1543	15
1544	15
1545	15
1546	15
1547	15
1548	16
1549	16
1550	16
1551	16
1552	16
1553	16
1554	16
1555	16
1556	16
1557	16
1558	16
1559	16
1560	16
1561	16
1562	16
1563	16
1564	16
1565	16
1566	16
1567	15
1568	15
1569	14
1570	14
1571	14
1572	14
1573	14
1574	14
1575	14
1576	14
1577	15
1578	15
1579	15
1580	15
1581	15
1582	15
1583	15
1584	15
1585	15
1586	15
1587	16
1588	16
1589	16
1590	16
1591	15
1592	15
1593	15
1594	15
1595	15
1596	15
1597	14
1598	14
1599	16
1600	15
1601	15
1602	15
1603	15
1604	15
1605	15
1606	15
1607	15
1608	15
1609	15
1610	15
1611	16
1612	16
1613	16
1614	15
1615	15
1616	15
1617	15
1618	15
1619	15
1620	15
1621	14
1622	14
1623	14
1624	14
1625	14
1626	15
1627	16
1628	16
1629	16
1630	16
1631	16
1632	16
1633	16
1634	18
1635	18
1636	17
1637	16
1638	16
1639	16
1640	16
1641	16
1642	16
1643	16
1644	17
1645	17
1646	17
1647	17
1648	18
1649	19
1650	19
1651	20
1652	20
1653	20
1654	20
1655	20
1656	20
1657	20
1658	21
1659	21
1660	22
1661	22
1662	22
1663	22
1664	23
1665	23
1666	22
1667	22
1668	23
1669	23
1670	24
1671	24
1672	24
1673	24
1674	24
1675	24
1676	24
1677	24
1678	25
1679	25
1680	25
1681	25
1682	24
1683	25
1684	25
1685	25
1686	25
1687	25
1688	25
1689	25
1690	25
1691	25
1692	25
1693	25
1694	27
1695	27
1696	27
1697	28
1698	28
1699	28
1700	27
1701	27
1702	27
1703	28
1704	27
1705	27
1706	27
1707	27
1708	27
1709	27
1710	27
1711	26
1712	26
1713	27
1714	27
1715	27
1716	27
1717	27
1718	27
1719	27
1720	27
1721	27
1722	27
1723	27
1724	27
1725	27
1726	28
1727	28
1728	28
1729	28
1730	27
1731	27
1732	27
1733	27
1734	27
1735	28
1736	28
1737	28
1738	29
1739	29
1740	29
1741	30
1742	30
1743	30
1744	30
1745	30
1746	30
1747	29
1748	29
1749	29
1750	28
1751	28
1752	28
1753	28
1754	27
1755	27
1756	27
1757	27
1758	27
1759	28
1760	28
1761	28
1762	28
1763	28
1764	28
1765	28
1766	28
1767	28
1768	29
1769	29
1770	29
1771	29
1772	29
1773	29
1774	29
1775	29
1776	29
1777	29
1778	28
1779	28
1780	28
1781	28
1782	28
1783	28
1784	29
1785	29
1786	29
1787	29
1788	29
1789	29
1790	27
1791	27
1792	27
1793	27
1794	27
1795	28
1796	28
1797	29
1798	29
1799	29
1800	29
1801	29
1802	29
1803	29
1804	29
1805	29
1806	28
1807	29
1808	29
1809	29
1810	29
1811	29
1812	29
1813	29
1814	29
1815	30
1816	30
1817	30
1818	30
1819	30
1820	30
1821	30
1822	30
1823	30
1824	31
1825	31
1826	31
1827	32
1828	32
1829	32
1830	32
1831	32
1832	32
1833	32
1834	32
1835	32
1836	32
1837	32
1838	31
1839	30
1840	30
1841	29
1842	28
1843	28
1844	28
1845	27
1846	28
1847	28
1848	29
1849	30
1850	30
1851	30
1852	30
1853	30
1854	30
1855	30
1856	30
1857	30
1858	31
1859	31
1860	32
1861	32
1862	31
1863	31
1864	31
1865	30
1866	30
1867	30
1868	30
1869	30
1870	29
1871	29
1872	28
1873	28
1874	28
1875	28
1876	29
1877	28
1878	28
1879	28
1880	28
1881	28
1882	28
1883	28
1884	29
1885	29
1886	29
1887	29
1888	28
1889	28
1890	28
1891	28
1892	28
1893	28
1894	28
1895	29
1896	29
1897	28
1898	28
1899	28
1900	28
1901	27
1902	28
1903	28
1904	26
1905	26
1906	25
1907	25
1908	25
1909	25
1910	24
1911	24
1912	25
1913	25
1914	26
1915	26
1916	26
1917	26
1918	27
1919	27
1920	26
1921	26
1922	26
1923	26
1924	26
1925	26
1926	26
1927	26
1928	26
1929	26
1930	25
1931	25
1932	26
1933	26
1934	26
1935	26
1936	26
1937	26
1938	26
1939	25
1940	25
1941	24
1942	24
1943	24
1944	24
1945	24
1946	24
1947	24
1948	24
1949	24
1950	24
1951	24
1952	24
1953	24
1954	24
1955	24
1956	23
1957	24
1958	24
1959	24
1960	24
1961	24
1962	24
1963	24
1964	24
1965	24
1966	24
1967	24
1968	24
1969	24
1970	24
1971	24
1972	24
1973	24
1974	24
1975	24
1976	24
1977	24
1978	24
1979	25
1980	25
1981	25
1982	25
1983	25
1984	26
1985	26
1986	26
1987	26
1988	25
1989	25
1990	25
1991	26
1992	26
1993	26
1994	25
1995	24
1996	24
1997	24
1998	24
1999	24
2000	24
2001	24
2002	24
2003	24
2004	24
2005	23
2006	23
2007	24
2008	23
2009	23
2010	23
2011	23
2012	22
2013	22
2014	22
2015	22
2016	21
2017	21
2018	21
2019	21
2020	21
2021	22
2022	22
2023	22
2024	22
2025	22
2026	22
2027	22
2028	22
2029	22
2030	23
2031	23
2032	23
2033	23
2034	23
2035	23
2036	23
2037	23
2038	23
2039	22
2040	22
2041	22
2042	23
2043	23
2044	23
2045	23
2046	23
2047	23
2048	22
2049	22
2050	22
2051	22
2052	22
2053	22
2054	22
2055	22
2056	23
2057	23
2058	22
2059	22
2060	22
2061	23
2062	23
2063	23
2064	23
2065	23
2066	23
2067	23
2068	23
2069	23
2070	23
2071	23
2072	24
2073	24
2074	23
2075	23
2076	24
2077	24
2078	24
2079	24
2080	24
2081	24
2082	23
2083	24
2084	25
2085	25
2086	26
2087	25
2088	25
2089	24
2090	25
2091	25
2092	25
2093	25
2094	25
2095	25
2096	26
2097	26
2098	26
2099	26
2100	26
2101	26
2102	26
2103	26
2104	27
2105	27
2106	27
2107	27
2108	27
2109	27
2110	27
2111	27
2112	26
2113	26
2114	26
2115	25
2116	24
2117	24
2118	24
2119	24
2120	24
2121	24
2122	24
2123	24
2124	24
2125	24
2126	24
2127	23
2128	22
2129	22
2130	22
2131	22
2132	21
2133	22
2134	22
2135	23
2136	23
2137	24
2138	25
2139	25
2140	25
2141	25
2142	24
2143	26
2144	25
2145	25
2146	25
2147	25
2148	23
2149	23
2150	23
2151	23
2152	23
2153	23
2154	23
2155	23
2156	23
2157	23
2158	23
2159	24
2160	22
2161	22
2162	22
2163	22
2164	22
2165	22
2166	22
2167	22
2168	22
2169	23
2170	24
2171	24
2172	24
2173	24
2174	24
2175	23
2176	22
2177	22
2178	22
2179	22
2180	23
2181	23
2182	23
2183	23
2184	22
2185	22
2186	22
2187	22
2188	23
2189	23
2190	23
2191	23
2192	23
2193	23
2194	25
2195	25
2196	23
2197	22
2198	22
2199	22
2200	22
2201	22
2202	22
2203	22
2204	23
2205	23
2206	22
2207	22
2208	23
2209	23
2210	23
2211	23
2212	23
2213	23
2214	23
2215	23
2216	23
2217	23
2218	23
2219	23
2220	23
2221	23
2222	23
2223	23
2224	23
2225	23
2226	23
2227	22
2228	21
2229	21
2230	21
2231	21
2232	21
2233	21
2234	21
2235	21
2236	22
2237	22
2238	22
2239	23
2240	23
2241	23
2242	23
2243	23
2244	23
2245	23
2246	24
2247	24
2248	24
2249	23
2250	23
2251	23
2252	23
2253	23
2254	24
2255	24
2256	24
2257	26
2258	26
2259	26
2260	26
2261	25
2262	25
2263	25
2264	25
2265	24
2266	24
2267	23
2268	23
2269	23
2270	23
2271	23
2272	23
2273	23
2274	23
2275	23
2276	22
2277	22
2278	22
2279	22
2280	22
2281	22
2282	21
2283	21
2284	21
2285	21
2286	22
2287	22
2288	21
2289	21
2290	21
2291	20
2292	20
2293	20
2294	21
2295	22
2296	22
2297	23
2298	23
2299	24
2300	24
2301	24
2302	24
2303	24
2304	24
2305	23
2306	23
2307	23
2308	24
2309	25
2310	25
2311	25
2312	26
2313	26
2314	26
2315	26
2316	26
2317	26
2318	26
2319	26
2320	26
2321	26
2322	26
2323	26
2324	27
2325	27
2326	27
2327	29
2328	30
2329	30
2330	30
2331	30
2332	29
2333	28
2334	28
2335	29
2336	30
2337	30
2338	30
2339	31
2340	31
2341	31
2342	31
2343	32
2344	33
2345	33
2346	34
2347	34
2348	34
2349	34
2350	34
2351	34
2352	34
2353	34
2354	34
2355	34
2356	34
2357	34
2358	35
2359	35
2360	34
2361	34
2362	34
2363	34
2364	34
2365	34
2366	33
2367	32
2368	32
2369	32
2370	32
2371	31
2372	31
2373	33
2374	33
2375	33
2376	33
2377	33
2378	33
2379	33
2380	33
2381	33
2382	32
2383	33
2384	32
2385	32
2386	32
2387	31
2388	31
2389	31
2390	32
2391	31
2392	32
2393	32
2394	32
2395	33
2396	34
2397	34
2398	35
2399	35
2400	35
2401	35
2402	35
2403	35
2404	36
2405	36
2406	36
2407	36
2408	36
2409	36
2410	36
2411	36
2412	35
2413	35
2414	35
2415	35
2416	35
2417	35
2418	35
2419	35
2420	35
2421	35
2422	35
2423	33
2424	33
2425	33
2426	33
2427	33
2428	33
2429	33
2430	33
2431	32
2432	32
2433	32
2434	32
2435	32
2436	32
2437	32
2438	33
2439	33
2440	33
2441	33
2442	33
2443	33
2444	32
2445	32
2446	32
2447	32
2448	32
2449	32
2450	32
2451	32
2452	32
2453	31
2454	31
2455	31
2456	32
2457	32
2458	32
2459	32
2460	32
2461	32
2462	31
2463	31
2464	29
2465	29
2466	28
2467	28
2468	28
2469	28
2470	28
2471	28
2472	28
2473	28
2474	27
2475	27
2476	26
2477	25
2478	26
2479	26
2480	26
2481	27
2482	27
2483	26
2484	26
2485	27
2486	27
2487	27
2488	27
2489	27
2490	27
2491	27
2492	27
2493	27
2494	27
2495	27
2496	27
2497	27
2498	27
2499	27
2500	27
2501	27
2502	27
2503	27
2504	27
2505	27
2506	27
2507	27
2508	27
2509	28
2510	28
2511	28
2512	28
2513	28
2514	28
2515	28
2516	27
2517	27
2518	26
2519	26
2520	26
2521	25
2522	25
2523	25
2524	24
2525	24
2526	24
2527	23
2528	22
2529	23
2530	21
2531	20
2532	20
2533	21
2534	21
2535	21
2536	21
2537	21
2538	21
2539	21
2540	20
2541	21
2542	20
2543	20
2544	20
2545	21
2546	21
2547	21
2548	21
2549	21
2550	21
2551	21
2552	21
2553	21
2554	22
2555	22
2556	22
2557	22
2558	22
2559	22
2560	23
2561	24
2562	24
2563	24
2564	24
2565	25
2566	25
2567	25
2568	25
2569	25
2570	25
2571	25
2572	25
2573	25
2574	25
2575	25
2576	25
2577	25
2578	25
2579	25
2580	25
2581	25
2582	25
2583	25
2584	25
2585	24
2586	24
2587	24
2588	24
2589	24
2590	24
2591	24
2592	24
2593	24
2594	24
2595	24
2596	24
2597	24
2598	23
2599	23
2600	24
2601	24
2602	24
2603	25
2604	25
2605	25
2606	25
2607	25
2608	24
2609	24
2610	23
2611	24
2612	25
2613	25
2614	26
2615	26
2616	26
2617	26
2618	27
2619	27
2620	27
2621	27
2622	27
2623	27
2624	26
2625	26
2626	25
2627	26
2628	28
2629	28
2630	28
2631	28
2632	27
2633	27
2634	28
2635	28
2636	28
2637	28
2638	29
2639	29
2640	28
2641	27
2642	26
2643	26
2644	26
2645	27
2646	27
2647	27
2648	27
2649	27
2650	27
2651	27
2652	27
2653	27
2654	26
2655	26
2656	27
2657	26
2658	26
2659	25
2660	25
2661	25
2662	25
2663	25
2664	26
2665	26
2666	26
2667	26
2668	26
2669	26
2670	26
2671	26
2672	27
2673	27
2674	28
2675	28
2676	28
2677	28
2678	29
2679	29
2680	29
2681	28
2682	28
2683	29
2684	29
2685	29
2686	29
2687	29
2688	30
2689	30
2690	30
2691	31
2692	31
2693	32
2694	32
2695	32
2696	32
2697	32
2698	32
2699	32
2700	32
2701	33
2702	33
2703	34
2704	34
2705	35
2706	36
2707	37
2708	38
2709	38
2710	39
2711	39
2712	38
2713	38
2714	38
2715	38
2716	36
2717	36
2718	37
2719	37
2720	37
2721	37
2722	38
2723	38
2724	38
2725	38
2726	36
2727	36
2728	35
2729	35
2730	35
2731	35
2732	35
2733	35
2734	35
2735	36
2736	36
2737	36
2738	36
2739	36
2740	36
2741	37
2742	36
2743	36
2744	36
2745	36
2746	36
2747	36
2748	36
2749	36
2750	37
2751	37
2752	37
2753	37
2754	37
2755	37
2756	36
2757	36
2758	36
2759	35
2760	35
2761	35
2762	35
2763	35
2764	35
2765	35
2766	35
2767	35
2768	35
2769	37
2770	37
2771	37
2772	38
2773	39
2774	39
2775	40
2776	40
2777	40
2778	40
2779	39
2780	39
2781	39
2782	39
2783	39
2784	39
2785	39
2786	40
2787	40
2788	40
2789	40
2790	40
2791	40
2792	40
2793	40
2794	40
2795	40
2796	39
2797	40
2798	40
2799	41
2800	41
2801	41
2802	40
2803	41
2804	41
2805	40
2806	39
2807	39
2808	39
2809	39
2810	39
2811	40
2812	39
2813	38
2814	38
2815	37
2816	38
2817	38
2818	38
2819	38
2820	38
2821	37
2822	38
2823	39
2824	39
2825	39
2826	39
2827	39
2828	39
2829	38
2830	38
2831	38
2832	38
2833	38
2834	38
2835	38
2836	37
2837	37
2838	37
2839	37
2840	38
2841	39
2842	39
2843	40
2844	40
2845	40
2846	40
2847	40
2848	39
2849	39
2850	39
2851	39
2852	39
2853	39
2854	40
2855	40
2856	40
2857	40
2858	40
2859	40
2860	40
2861	40
2862	40
2863	41
2864	41
2865	41
2866	41
2867	41
2868	41
2869	41
2870	41
2871	41
2872	41
2873	42
2874	42
2875	43
2876	43
2877	44
2878	44
2879	44
2880	44
2881	44
2882	44
2883	44
2884	44
2885	43
2886	42
2887	41
2888	42
2889	42
2890	42
2891	42
2892	42
2893	42
2894	42
2895	41
2896	41
2897	42
2898	43
2899	43
2900	44
2901	42
2902	42
2903	42
2904	43
2905	42
2906	41
2907	41
2908	41
2909	41
2910	41
2911	41
2912	41
2913	41
2914	41
2915	41
2916	41
2917	41
2918	42
2919	42
2920	42
2921	42
2922	42
2923	42
2924	42
2925	42
2926	42
2927	43
2928	41
2929	41
2930	41
2931	41
2932	41
2933	40
2934	40
2935	40
2936	40
2937	40
2938	40
2939	41
2940	41
2941	41
2942	41
2943	42
2944	43
2945	43
2946	43
2947	43
2948	43
2949	43
2950	41
2951	41
2952	41
2953	41
2954	41
2955	41
2956	41
2957	41
2958	41
2959	41
2960	41
2961	41
2962	41
2963	41
2964	41
2965	41
2966	41
2967	41
2968	40
2969	39
2970	39
2971	39
2972	39
2973	38
2974	38
2975	38
2976	38
2977	38
2978	38
2979	38
2980	37
2981	37
2982	36
2983	36
2984	36
2985	35
2986	35
2987	35
2988	35
2989	35
2990	35
2991	35
2992	35
2993	34
2994	34
2995	37
2996	36
2997	36
2998	36
2999	37
3000	36
3001	35
3002	35
3003	35
3004	35
3005	35
3006	35
3007	35
3008	34
3009	34
3010	33
3011	33
3012	33
3013	33
3014	34
3015	34
3016	34
3017	34
3018	34
3019	35
3020	35
3021	35
3022	36
3023	36
3024	35
3025	35
3026	35
3027	35
3028	35
3029	34
3030	34
3031	34
3032	34
3033	34
3034	35
3035	36
3036	36
3037	36
3038	36
3039	37
3040	37
3041	37
3042	37
3043	37
3044	37
3045	37
3046	37
3047	36
3048	37
3049	37
3050	38
3051	37
3052	37
3053	38
3054	37
3055	38
3056	38
3057	38
3058	38
3059	39
3060	39
3061	39
3062	39
3063	39
3064	40
3065	39
3066	39
3067	39
3068	39
3069	40
3070	40
3071	40
3072	41
3073	41
3074	41
3075	41
3076	41
3077	41
3078	41
3079	41
3080	41
3081	41
3082	41
3083	40
3084	41
3085	41
3086	42
3087	41
3088	40
3089	40
3090	40
3091	41
3092	41
3093	41
3094	41
3095	41
3096	41
3097	40
3098	40
3099	40
3100	39
3101	40
3102	40
3103	40
3104	41
3105	41
3106	42
3107	43
3108	43
3109	45
3110	45
3111	44
3112	44
3113	44
3114	44
3115	44
3116	44
3117	44
3118	44
3119	45
3120	44
3121	44
3122	45
3123	45
3124	45
3125	45
3126	44
3127	44
3128	44
3129	44
3130	44
3131	44
3132	45
3133	45
3134	46
3135	47
3136	47
3137	48
3138	48
3139	48
3140	48
3141	48
3142	48
3143	48
3144	48
3145	49
3146	49
3147	49
3148	49
3149	49
3150	50
3151	50
3152	50
3153	51
3154	52
3155	51
3156	50
3157	50
3158	51
3159	51
3160	50
3161	50
3162	49
3163	50
3164	50
3165	50
3166	50
3167	49
3168	48
3169	48
3170	48
3171	48
3172	47
3173	49
3174	49
3175	49
3176	49
3177	49
3178	49
3179	50
3180	50
3181	50
3182	51
3183	53
3184	53
3185	54
3186	54
3187	54
3188	54
3189	53
3190	53
3191	53
3192	53
3193	53
3194	53
3195	52
3196	52
3197	53
3198	53
3199	53
3200	54
3201	54
3202	54
3203	55
3204	56
3205	57
3206	57
3207	56
3208	56
3209	55
3210	55
3211	55
3212	56
3213	56
3214	56
3215	55
3216	55
3217	54
3218	54
3219	54
3220	54
3221	54
3222	54
3223	55
3224	56
3225	56
3226	56
3227	56
3228	56
3229	56
3230	56
3231	56
3232	56
3233	56
3234	56
3235	56
3236	56
3237	56
3238	55
3239	56
3240	56
3241	56
3242	56
3243	56
3244	56
3245	56
3246	57
3247	57
3248	56
3249	56
3250	55
3251	55
3252	55
3253	55
3254	53
3255	52
3256	51
3257	51
3258	51
3259	51
3260	51
3261	51
3262	50
3263	49
3264	49
3265	49
3266	51
3267	51
3268	51
3269	51
3270	51
3271	51
3272	52
3273	52
3274	53
3275	53
3276	53
3277	53
3278	54
3279	53
3280	53
3281	53
3282	53
3283	53
3284	53
3285	54
3286	52
3287	53
3288	53
3289	55
3290	55
3291	56
3292	56
3293	56
3294	56
3295	57
3296	56
3297	57
3298	58
3299	58
3300	58
3301	58
3302	60
3303	60
3304	60
3305	61
3306	61
3307	61
3308	62
3309	64
3310	63
3311	63
3312	63
3313	63
3314	63
3315	63
3316	63
3317	63
3318	63
3319	64
3320	64
3321	63
3322	64
3323	64
3324	64
3325	63
3326	63
3327	62
3328	62
3329	62
3330	62
3331	62
3332	61
3333	62
3334	61
3335	61
3336	61
3337	61
3338	61
3339	60
3340	60
3341	60
3342	62
3343	62
3344	62
3345	63
3346	63
3347	63
3348	64
3349	64
3350	63
3351	63
3352	63
3353	63
3354	63
3355	63
3356	63
3357	62
3358	64
3359	63
3360	63
3361	63
3362	61
3363	61
3364	61
3365	62
3366	62
3367	61
3368	60
3369	60
3370	62
3371	62
3372	62
3373	62
3374	63
3375	63
3376	63
3377	62
3378	62
3379	63
3380	63
3381	64
3382	65
3383	65
3384	65
3385	65
3386	64
3387	65
3388	63
3389	63
3390	63
3391	63
3392	63
3393	63
3394	63
3395	63
3396	64
3397	64
3398	64
3399	64
3400	65
3401	65
3402	65
3403	65
3404	66
3405	66
3406	67
3407	67
3408	67
3409	67
3410	68
3411	68
3412	68
3413	67
3414	67
3415	67
3416	66
3417	66
3418	66
3419	66
3420	66
3421	66
3422	67
3423	67
3424	66
3425	68
3426	67
3427	66
3428	67
3429	67
3430	68
3431	67
3432	67
3433	67
3434	66
3435	66
3436	66
3437	65
3438	66
3439	65
3440	65
3441	65
3442	64
3443	65
3444	64
3445	65
3446	65
3447	64
3448	65
3449	64
3450	63
3451	62
3452	61
3453	60
3454	60
3455	60
3456	60
3457	61
3458	61
3459	61
3460	61
3461	60
3462	60
3463	60
3464	59
3465	59
3466	59
3467	59
3468	60
3469	60
3470	58
3471	58
3472	57
3473	57
3474	57
3475	57
3476	57
3477	57
3478	57
3479	57
3480	57
3481	58
3482	57
3483	56
3484	55
3485	53
3486	54
3487	55
3488	55
3489	55
3490	55
3491	55
3492	55
3493	55
3494	55
3495	56
3496	56
3497	56
3498	56
3499	56
3500	58
3501	58
3502	58
3503	58
3504	57
3505	57
3506	57
3507	57
3508	56
3509	58
3510	58
3511	58
3512	58
3513	59
3514	58
3515	59
3516	58
3517	57
3518	57
3519	57
3520	55
3521	55
3522	54
3523	53
3524	51
3525	50
3526	49
3527	48
3528	47
3529	47
3530	47
3531	47
3532	47
3533	47
3534	47
3535	45
3536	45
3537	45
3538	44
3539	44
3540	44
3541	44
3542	45
3543	45
3544	45
3545	44
3546	44
3547	43
3548	43
3549	43
3550	43
3551	43
3552	42
3553	42
3554	42
3555	42
3556	42
3557	41
3558	41
3559	41
3560	41
3561	40
3562	40
3563	40
3564	40
3565	40
3566	40
3567	40
3568	39
3569	39
3570	39
3571	39
3572	39
3573	39
3574	39
3575	39
3576	39
3577	38
3578	37
3579	37
3580	36
3581	36
3582	36
3583	36
3584	36
3585	36
3586	36
3587	36
3588	36
3589	36
3590	36
3591	36
3592	37
3593	37
3594	37
3595	37
3596	37
3597	37
3598	37
3599	35
3600	34
3601	33
3602	33
3603	32
3604	33
3605	33
3606	33
3607	33
3608	32
3609	32
3610	31
3611	31
3612	31
3613	31
3614	31
3615	31
3616	31
3617	31
3618	31
3619	31
3620	31
3621	32
3622	30
3623	29
3624	29
3625	27
3626	26
3627	26
3628	26
3629	26
3630	26
3631	25
3632	25
3633	24
3634	24
3635	24
3636	23
3637	23
3638	23
3639	23
3640	23
3641	22
3642	22
3643	22
3644	22
3645	22
3646	22
3647	22
3648	21
3649	21
3650	21
3651	21
3652	21
3653	22
3654	22
3655	22
3656	22
3657	22
3658	22
3659	22
3660	22
3661	22
3662	21
3663	22
3664	22
3665	22
3666	22
3667	22
3668	22
3669	22
3670	22
3671	24
3672	24
3673	25
3674	25
3675	25
3676	25
3677	24
3678	23
3679	22
3680	22
3681	22
3682	22
3683	22
3684	22
3685	21
3686	21
3687	20
3688	20
3689	21
3690	21
3691	21
3692	21
3693	21
3694	22
3695	22
3696	21
3697	21
3698	21
3699	20
3700	19
3701	18
3702	19
3703	20
3704	21
3705	21
3706	21
3707	21
3708	21
3709	21
3710	21
3711	21
3712	21
3713	21
3714	21
3715	20
3716	20
3717	20
3718	20
3719	20
3720	20
3721	20
3722	19
3723	19
3724	19
3725	19
3726	19
3727	19
3728	19
3729	19
3730	19
3731	19
3732	18
3733	18
3734	18
3735	18
3736	18
3737	17
3738	18
3739	19
3740	19
3741	19
3742	19
3743	19
3744	19
3745	19
3746	20
3747	20
3748	20
3749	20
3750	20
3751	20
3752	20
3753	20
3754	20
3755	20
3756	20
3757	20
3758	19
3759	19
3760	19
3761	19
3762	19
3763	19
3764	20
3765	20
3766	20
3767	20
3768	20
3769	20
3770	20
3771	21
3772	21
3773	21
3774	21
3775	21
3776	21
3777	21
3778	21
3779	21
3780	20
3781	20
3782	21
3783	21
3784	21
3785	22
3786	22
3787	22
3788	22
3789	21
3790	21
3791	21
3792	21
3793	20
3794	20
3795	20
3796	20
3797	21
3798	22
3799	22
3800	21
3801	21
3802	21
3803	21
3804	22
3805	22
3806	22
3807	22
3808	22
3809	22
3810	22
3811	22
3812	21
3813	21
3814	21
3815	21
3816	21
3817	22
3818	22
3819	22
3820	22
3821	22
3822	22
3823	22
3824	22
3825	22
3826	22
3827	22
3828	22
3829	21
3830	22
3831	21
3832	22
3833	22
3834	22
3835	23
3836	23
3837	23
3838	23
3839	23
3840	23
3841	23
3842	23
3843	23
3844	23
3845	23
3846	23
3847	23
3848	24
3849	24
3850	23
3851	24
3852	24
3853	24
3854	24
3855	24
3856	24
3857	24
3858	24
3859	25
3860	25
3861	25
3862	25
3863	25
3864	25
3865	25
3866	25
3867	25
3868	25
3869	25
3870	25
3871	25
3872	25
3873	25
3874	25
3875	25
3876	25
3877	24
3878	24
3879	24
3880	24
3881	24
3882	24
3883	24
3884	24
3885	24
3886	24
3887	24
3888	24
3889	24
3890	24
3891	24
3892	23
3893	23
3894	23
3895	23
3896	23
3897	23
3898	22
3899	22
3900	22
3901	22
3902	22
3903	22
3904	22
3905	21
3906	21
3907	21
3908	21
3909	21
3910	21
3911	20
3912	20
3913	20
3914	20
3915	20
3916	20
3917	19
3918	19
3919	19
3920	18
3921	18
3922	18
3923	18
3924	19
3925	19
3926	18
3927	18
3928	18
3929	18
3930	18
3931	18
3932	18
3933	18
3934	18
3935	18
3936	19
3937	19
3938	19
3939	19
3940	19
3941	19
3942	20
3943	20
3944	20
3945	20
3946	20
3947	19
3948	19
3949	19
3950	20
3951	21
3952	21
3953	21
3954	22
3955	22
3956	22
3957	22
3958	22
3959	22
3960	23
3961	23
3962	23
3963	23
3964	24
3965	25
3966	25
3967	25
3968	25
3969	25
3970	24
3971	24
3972	24
3973	23
3974	23
3975	23
3976	24
3977	24
3978	24
3979	24
3980	24
3981	24
3982	24
3983	24
3984	23
3985	23
3986	23
3987	22
3988	22
3989	22
3990	22
3991	22
3992	22
3993	22
3994	22
3995	22
3996	22
3997	23
3998	24
3999	24
4000	24
4001	24
4002	24
4003	24
4004	24
4005	24
4006	24
4007	24
4008	24
4009	24
4010	24
4011	24
4012	24
4013	23
4014	23
4015	23
4016	23
4017	23
4018	23
4019	23
4020	23
4021	24
4022	24
4023	24
4024	24
4025	24
4026	23
4027	23
4028	25
4029	25
4030	25
4031	25
4032	25
4033	25
4034	26
4035	26
4036	26
4037	26
4038	28
4039	28
4040	28
4041	28
4042	28
4043	28
4044	28
4045	28
4046	28
4047	28
4048	27
4049	27
4050	28
4051	28
4052	27
4053	27
4054	26
4055	26
4056	26
4057	26
4058	26
4059	26
4060	26
4061	26
4062	26
4063	26
4064	25
4065	23
4066	23
4067	23
4068	23
4069	24
4070	24
4071	24
4072	24
4073	24
4074	24
4075	25
4076	25
4077	24
4078	24
4079	24
4080	24
4081	25
4082	25
4083	25
4084	25
4085	25
4086	25
4087	25
4088	25
4089	25
4090	25
4091	25
4092	24
4093	24
4094	24
4095	25
4096	25
4097	25
4098	25
4099	26
4100	26
4101	26
4102	26
4103	26
4104	26
4105	26
4106	26
4107	26
4108	27
4109	27
4110	27
4111	27
4112	27
4113	28
4114	28
4115	28
4116	28
4117	26
4118	27
4119	28
4120	29
4121	29
4122	29
4123	29
4124	29
4125	29
4126	30
4127	30
4128	30
4129	30
4130	28
4131	28
4132	29
4133	29
4134	29
4135	29
4136	29
4137	29
4138	30
4139	30
4140	31
4141	32
4142	32
4143	32
4144	32
4145	33
4146	33
4147	34
4148	34
4149	34
4150	35
4151	35
4152	35
4153	35
4154	35
4155	35
4156	35
4157	35
4158	35
4159	35
4160	35
4161	35
4162	34
4163	32
4164	32
4165	32
4166	32
4167	31
4168	31
4169	32
4170	33
4171	33
4172	34
4173	34
4174	36
4175	37
4176	37
4177	37
4178	37
4179	37
4180	38
4181	38
4182	38
4183	38
4184	36
4185	35
4186	35
4187	34
4188	34
4189	34
4190	34
4191	35
4192	35
4193	35
4194	35
4195	35
4196	35
4197	35
4198	35
4199	35
4200	35
4201	35
4202	35
4203	34
4204	34
4205	34
4206	34
4207	34
4208	33
4209	32
4210	32
4211	32
4212	31
4213	31
4214	30
4215	30
4216	30
4217	30
4218	31
4219	31
4220	32
4221	32
4222	33
4223	33
4224	34
4225	33
4226	33
4227	33
4228	33
4229	33
4230	33
4231	33
4232	31
4233	31
4234	31
4235	33
4236	33
4237	34
4238	33
4239	33
4240	33
4241	33
4242	33
4243	33
4244	32
4245	32
4246	32
4247	32
4248	32
4249	33
4250	33
4251	33
4252	32
4253	32
4254	32
4255	30
4256	29
4257	29
4258	29
4259	29
4260	29
4261	29
4262	30
4263	30
4264	31
4265	31
4266	31
4267	31
4268	32
4269	32
4270	32
4271	31
4272	30
4273	30
4274	30
4275	30
4276	30
4277	30
4278	30
4279	30
4280	30
4281	30
4282	30
4283	30
4284	30
4285	29
4286	30
4287	30
4288	30
4289	30
4290	30
4291	29
4292	29
4293	30
4294	30
4295	30
4296	30
4297	30
4298	30
4299	29
4300	29
4301	29
4302	29
4303	29
4304	29
4305	29
4306	29
4307	29
4308	29
4309	29
4310	29
4311	29
4312	29
4313	29
4314	28
4315	28
4316	28
4317	29
4318	28
4319	27
4320	27
4321	27
4322	27
4323	27
4324	27
4325	28
4326	29
4327	30
4328	30
4329	31
4330	30
4331	30
4332	30
4333	29
4334	29
4335	30
4336	30
4337	30
4338	31
4339	31
4340	31
4341	31
4342	31
4343	31
4344	31
4345	31
4346	31
4347	31
4348	31
4349	31
4350	31
4351	30
4352	30
4353	30
4354	30
4355	30
4356	30
4357	29
4358	29
4359	29
4360	29
4361	29
4362	29
4363	28
4364	28
4365	28
4366	28
4367	28
4368	28
4369	29
4370	29
4371	29
4372	28
4373	28
4374	28
4375	28
4376	28
4377	28
4378	28
4379	27
4380	26
4381	26
4382	26
4383	26
4384	26
4385	25
4386	25
4387	25
4388	25
4389	25
4390	25
4391	25
4392	27
4393	27
4394	26
4395	26
4396	26
4397	26
4398	26
4399	26
4400	26
4401	26
4402	26
4403	25
4404	25
4405	25
4406	25
4407	25
4408	25
4409	25
4410	24
4411	24
4412	25
4413	25
4414	25
4415	26
4416	27
4417	27
4418	28
4419	27
4420	27
4421	27
4422	27
4423	27
4424	27
4425	27
4426	28
4427	29
4428	29
4429	29
4430	30
4431	30
4432	30
4433	29
4434	29
4435	29
4436	29
4437	29
4438	29
4439	29
4440	29
4441	29
4442	29
4443	29
4444	29
4445	29
4446	29
4447	29
4448	28
4449	27
4450	27
4451	27
4452	27
4453	27
4454	27
4455	27
4456	26
4457	26
4458	26
4459	26
4460	26
4461	26
4462	26
4463	26
4464	26
4465	26
4466	26
4467	26
4468	26
4469	26
4470	26
4471	26
4472	26
4473	26
4474	26
4475	25
4476	25
4477	25
4478	25
4479	25
4480	25
4481	25
4482	26
4483	27
4484	28
4485	28
4486	28
4487	28
4488	28
4489	28
4490	28
4491	28
4492	28
4493	28
4494	28
4495	28
4496	28
4497	28
4498	28
4499	28
4500	29
4501	29
4502	29
4503	29
4504	29
4505	29
4506	29
4507	29
4508	29
4509	29
4510	29
4511	29
4512	28
4513	28
4514	29
4515	28
4516	27
4517	27
4518	27
4519	27
4520	27
4521	28
4522	28
4523	26
4524	26
4525	26
4526	26
4527	26
4528	24
4529	24
4530	24
4531	23
4532	22
4533	22
4534	22
4535	23
4536	23
4537	24
4538	25
4539	25
4540	25
4541	24
4542	24
4543	24
4544	24
4545	24
4546	24
4547	24
4548	25
4549	25
4550	25
4551	27
4552	27
4553	27
4554	28
4555	29
4556	30
4557	28
4558	28
4559	28
4560	28
4561	28
4562	28
4563	29
4564	29
4565	29
4566	28
4567	28
4568	28
4569	28
4570	28
4571	29
4572	29
4573	29
4574	29
4575	30
4576	29
4577	29
4578	29
4579	29
4580	29
4581	29
4582	28
4583	29
4584	30
4585	30
4586	30
4587	30
4588	30
4589	31
4590	31
4591	30
4592	30
4593	30
4594	29
4595	29
4596	29
4597	29
4598	29
4599	29
4600	29
4601	29
4602	29
4603	29
4604	30
4605	30
4606	30
4607	30
4608	30
4609	30
4610	30
4611	31
4612	31
4613	32
4614	32
4615	32
4616	32
4617	31
4618	31
4619	31
4620	31
4621	31
4622	30
4623	30
4624	30
4625	29
4626	29
4627	30
4628	30
4629	29
4630	29
4631	29
4632	28
4633	26
4634	26
4635	26
4636	27
4637	27
4638	27
4639	27
4640	28
4641	28
4642	28
4643	28
4644	28
4645	28
4646	29
4647	29
4648	29
4649	29
4650	28
4651	28
4652	28
4653	28
4654	28
4655	29
4656	29
4657	29
4658	29
4659	30
4660	30
4661	31
4662	31
4663	31
4664	32
4665	32
4666	32
4667	32
4668	32
4669	32
4670	31
4671	31
4672	31
4673	32
4674	32
4675	32
4676	32
4677	32
4678	32
4679	33
4680	34
4681	34
4682	34
4683	34
4684	34
4685	34
4686	34
4687	34
4688	34
4689	34
4690	34
4691	34
4692	34
4693	34
4694	34
4695	34
4696	34
4697	34
4698	34
4699	34
4700	33
4701	33
4702	33
4703	33
4704	33
4705	33
4706	33
4707	33
4708	35
4709	35
4710	35
4711	35
4712	34
4713	33
4714	33
4715	33
4716	33
4717	33
4718	33
4719	33
4720	33
4721	33
4722	33
4723	32
4724	32
4725	31
4726	31
4727	32
4728	32
4729	32
4730	32
4731	32
4732	32
4733	32
4734	32
4735	32
4736	32
4737	32
4738	32
4739	32
4740	32
4741	32
4742	32
4743	32
4744	33
4745	32
4746	32
4747	32
4748	33
4749	33
4750	34
4751	34
4752	35
4753	35
4754	35
4755	35
4756	35
4757	35
4758	36
4759	37
4760	37
4761	36
4762	36
4763	36
4764	36
4765	36
4766	36
4767	36
4768	36
4769	36
4770	36
4771	36
4772	36
4773	37
4774	35
4775	35
4776	35
4777	35
4778	35
4779	35
4780	35
4781	36
4782	35
4783	36
4784	35
4785	35
4786	35
4787	35
4788	36
4789	35
4790	35
4791	35
4792	36
4793	35
4794	36
4795	37
4796	37
4797	37
4798	37
4799	37
4800	38
4801	36
4802	37
4803	37
4804	37
4805	38
4806	38
4807	38
4808	38
4809	38
4810	38
4811	36
4812	36
4813	36
4814	36
4815	34
4816	34
4817	33
4818	33
4819	33
4820	35
4821	35
4822	35
4823	34
4824	34
4825	34
4826	34
4827	34
4828	35
4829	35
4830	36
4831	36
4832	36
4833	37
4834	37
4835	37
4836	37
4837	37
4838	39
4839	41
4840	41
4841	41
4842	41
4843	41
4844	41
4845	41
4846	42
4847	42
4848	42
4849	42
4850	42
4851	42
4852	42
4853	42
4854	42
4855	43
4856	43
4857	44
4858	44
4859	44
4860	44
4861	44
4862	44
4863	43
4864	44
4865	44
4866	45
4867	45
4868	47
4869	47
4870	48
4871	48
4872	48
4873	48
4874	49
4875	49
4876	50
4877	51
4878	51
4879	51
4880	52
4881	52
4882	52
4883	52
4884	54
4885	53
4886	53
4887	55
4888	56
4889	56
4890	56
4891	57
4892	57
4893	57
4894	56
4895	56
4896	57
4897	57
4898	57
4899	57
4900	57
4901	58
4902	58
4903	56
4904	57
4905	57
4906	57
4907	56
4908	56
4909	57
4910	57
4911	57
4912	57
4913	58
4914	59
4915	59
4916	59
4917	59
4918	58
4919	59
4920	58
4921	58
4922	58
4923	58
4924	58
4925	58
4926	58
4927	59
4928	59
4929	59
4930	59
4931	59
4932	60
4933	61
4934	61
4935	62
4936	63
4937	63
4938	63
4939	63
4940	63
4941	64
4942	64
4943	64
4944	65
4945	65
4946	65
4947	65
4948	65
4949	67
4950	67
4951	68
4952	68
4953	67
4954	69
4955	69
4956	68
4957	68
4958	68
4959	70
4960	71
4961	72
4962	73
4963	74
4964	74
4965	73
4966	73
4967	73
4968	73
4969	73
4970	73
4971	73
4972	75
4973	76
4974	75
4975	75
4976	76
4977	76
4978	77
4979	77
4980	77
4981	76
4982	76
4983	76
4984	76
4985	76
4986	77
4987	77
4988	79
4989	79
4990	79
4991	79
4992	78
4993	78
4994	79
4995	80
4996	80
4997	80
4998	80
4999	80
5000	81
5001	81
5002	80
5003	80
5004	81
5005	81
5006	81
5007	80
5008	81
5009	80
5010	79
5011	79
5012	79
5013	77
5014	79
5015	80
5016	80
5017	80
5018	81
5019	82
5020	82
5021	79
5022	79
5023	77
5024	77
5025	76
5026	76
5027	76
5028	76
5029	76
5030	75
5031	74
5032	74
5033	73
5034	72
5035	72
5036	71
5037	71
5038	71
5039	71
5040	71
5041	71
5042	70
5043	70
5044	70
5045	70
5046	70
5047	70
5048	71
5049	71
5050	71
5051	71
5052	71
5053	71
5054	71
5055	71
5056	71
5057	72
5058	72
5059	72
5060	72
5061	73
5062	73
5063	72
5064	73
5065	75
5066	75
5067	77
5068	78
5069	78
5070	78
5071	78
5072	78
5073	78
5074	76
5075	77
5076	77
5077	78
5078	78
5079	80
5080	80
5081	81
5082	82
5083	82
5084	82
5085	83
5086	83
5087	83
5088	81
5089	80
5090	80
5091	79
5092	79
5093	79
5094	80
5095	80
5096	82
5097	83
5098	84
5099	84
5100	86
5101	87
5102	88
5103	88
5104	88
5105	88
5106	88
5107	88
5108	88
5109	88
5110	89
5111	89
5112	89
5113	89
5114	89
5115	89
5116	86
5117	84
5118	84
5119	83
5120	83
5121	82
5122	82
5123	82
5124	82
5125	82
5126	82
5127	82
5128	82
5129	83
5130	83
5131	84
5132	83
5133	82
5134	81
5135	82
5136	80
5137	80
5138	78
5139	78
5140	78
5141	77
5142	76
5143	76
5144	76
5145	76
5146	77
5147	79
5148	79
5149	79
5150	78
5151	78
5152	78
5153	78
5154	78
5155	77
5156	77
5157	77
5158	77
5159	76
5160	76
5161	76
5162	77
5163	77
5164	77
5165	77
5166	78
5167	78
5168	76
5169	77
5170	76
5171	77
5172	76
5173	76
5174	76
5175	76
5176	75
5177	75
5178	76
5179	76
5180	75
5181	76
5182	73
5183	74
5184	74
5185	74
5186	73
5187	72
5188	72
5189	73
5190	74
5191	74
5192	74
5193	74
5194	76
5195	75
5196	74
5197	73
5198	74
5199	74
5200	73
5201	73
5202	73
5203	74
5204	76
5205	77
5206	79
5207	79
5208	78
5209	77
5210	78
5211	76
5212	76
5213	76
5214	76
5215	77
5216	77
5217	76
5218	76
5219	78
5220	78
5221	78
5222	78
5223	78
5224	77
5225	78
5226	78
5227	79
5228	80
5229	81
5230	82
5231	83
5232	82
5233	82
5234	80
5235	79
5236	77
5237	77
5238	76
5239	77
5240	75
5241	75
5242	76
5243	75
5244	74
5245	75
5246	75
5247	74
5248	75
5249	73
5250	73
5251	73
5252	74
5253	74
5254	74
5255	73
5256	72
5257	75
5258	75
5259	75
5260	75
5261	74
5262	74
5263	72
5264	73
5265	74
5266	74
5267	74
5268	74
5269	75
5270	77
5271	78
5272	77
5273	78
5274	78
5275	77
5276	77
5277	76
5278	77
5279	78
5280	78
5281	78
5282	79
5283	79
5284	79
5285	79
5286	77
5287	77
5288	76
5289	76
5290	75
5291	76
5292	77
5293	77
5294	77
5295	77
5296	77
5297	76
5298	76
5299	76
5300	74
5301	74
5302	74
5303	74
5304	74
5305	74
5306	75
5307	75
5308	75
5309	75
5310	76
5311	76
5312	76
5313	76
5314	76
5315	76
5316	77
5317	77
5318	77
5319	77
5320	77
5321	77
5322	75
5323	77
5324	77
5325	78
5326	78
5327	78
5328	77
5329	77
5330	76
5331	75
5332	74
5333	72
5334	72
5335	72
5336	72
5337	73
5338	73
5339	73
5340	73
5341	73
5342	73
5343	73
5344	73
5345	74
5346	75
5347	75
5348	75
5349	75
5350	75
5351	76
5352	76
5353	75
5354	75
5355	74
5356	73
5357	73
5358	72
5359	71
5360	70
5361	71
5362	70
5363	69
5364	69
5365	70
5366	70
5367	70
5368	71
5369	72
5370	72
5371	72
5372	72
5373	72
5374	72
5375	72
5376	72
5377	72
5378	72
5379	73
5380	75
5381	75
5382	77
5383	76
5384	77
5385	76
5386	76
5387	76
5388	77
5389	76
5390	76
5391	75
5392	75
5393	74
5394	74
5395	74
5396	74
5397	75
5398	77
5399	77
5400	78
5401	78
5402	78
5403	78
5404	78
5405	78
5406	78
5407	77
5408	77
5409	77
5410	77
5411	78
5412	78
5413	79
5414	76
5415	76
5416	76
5417	77
5418	77
5419	77
5420	77
5421	76
5422	76
5423	75
5424	74
5425	72
5426	74
5427	75
5428	76
5429	76
5430	77
5431	77
5432	77
5433	77
5434	78
5435	78
5436	79
5437	78
5438	79
5439	78
5440	77
5441	77
5442	77
5443	77
5444	77
5445	76
5446	76
5447	77
5448	78
5449	78
5450	79
5451	80
5452	80
5453	79
5454	80
5455	79
5456	80
5457	80
5458	80
5459	80
5460	79
5461	79
5462	79
5463	79
5464	79
5465	80
5466	80
5467	81
5468	81
5469	82
5470	82
5471	82
5472	82
5473	82
5474	81
5475	81
5476	81
5477	81
5478	83
5479	83
5480	82
5481	82
5482	82
5483	82
5484	82
5485	82
5486	83
5487	83
5488	83
5489	82
5490	81
5491	82
5492	83
5493	83
5494	81
5495	81
5496	82
5497	81
5498	81
5499	81
5500	80
5501	80
5502	80
5503	80
5504	80
5505	80
5506	80
5507	80
5508	79
5509	79
5510	79
5511	80
5512	80
5513	80
5514	80
5515	80
5516	80
5517	79
5518	79
5519	79
5520	79
5521	79
5522	79
5523	79
5524	80
5525	80
5526	82
5527	82
5528	82
5529	81
5530	81
5531	80
5532	81
5533	81
5534	79
5535	78
5536	77
5537	77
5538	76
5539	76
5540	76
5541	76
5542	76
5543	77
5544	78
5545	78
5546	78
5547	78
5548	78
5549	78
5550	78
5551	78
5552	78
5553	79
5554	80
5555	79
5556	80
5557	80
5558	80
5559	80
5560	80
5561	80
5562	80
5563	79
5564	79
5565	80
5566	80
5567	81
5568	81
5569	81
5570	82
5571	83
5572	82
5573	82
5574	81
5575	83
5576	83
5577	83
5578	82
5579	81
5580	81
5581	81
5582	81
5583	81
5584	81
5585	83
5586	82
5587	82
5588	82
5589	84
5590	84
5591	83
5592	82
5593	83
5594	83
5595	84
5596	84
5597	84
5598	84
5599	84
5600	85
5601	85
5602	85
5603	84
5604	83
5605	82
5606	80
5607	79
5608	78
5609	78
5610	77
5611	76
5612	76
5613	77
5614	77
5615	78
5616	77
5617	76
5618	76
5619	75
5620	75
5621	75
5622	75
5623	75
5624	75
5625	75
5626	75
5627	75
5628	75
5629	77
5630	77
5631	77
5632	77
5633	78
5634	78
5635	79
5636	80
5637	80
5638	80
5639	79
5640	79
5641	79
5642	79
5643	80
5644	82
5645	82
5646	81
5647	81
5648	80
5649	81
5650	81
5651	82
5652	82
5653	82
5654	82
5655	82
5656	82
5657	84
5658	84
5659	84
5660	84
5661	85
5662	84
5663	82
5664	83
5665	84
5666	85
5667	84
5668	84
5669	85
5670	85
5671	85
5672	85
5673	85
5674	84
5675	84
5676	85
5677	85
5678	84
5679	85
5680	85
5681	86
5682	86
5683	85
5684	84
5685	84
5686	83
5687	83
5688	83
5689	82
5690	82
5691	83
5692	83
5693	83
5694	82
5695	83
5696	83
5697	82
5698	83
5699	83
5700	84
5701	86
5702	85
5703	85
5704	85
5705	85
5706	84
5707	83
5708	83
5709	85
5710	86
5711	84
5712	85
5713	85
5714	85
5715	84
5716	84
5717	84
5718	85
5719	86
5720	86
5721	86
5722	86
5723	86
5724	87
5725	87
5726	88
5727	88
5728	88
5729	88
5730	89
5731	89
5732	89
5733	89
5734	89
5735	89
5736	89
5737	89
5738	89
5739	89
5740	89
5741	88
5742	88
5743	88
5744	88
5745	88
5746	89
5747	91
5748	92
5749	91
5750	92
5751	92
5752	92
5753	92
5754	92
5755	92
5756	91
5757	90
5758	90
5759	89
5760	89
5761	89
5762	89
5763	89
5764	88
5765	88
5766	88
5767	87
5768	88
5769	88
5770	87
5771	87
5772	88
5773	88
5774	87
5775	90
5776	89
5777	89
5778	90
5779	89
5780	89
5781	89
5782	88
5783	87
5784	88
5785	87
5786	87
5787	88
5788	88
5789	89
5790	90
5791	90
5792	90
5793	91
5794	92
5795	93
5796	93
5797	93
5798	93
5799	95
5800	97
5801	98
5802	99
5803	99
5804	99
5805	99
5806	99
5807	99
5808	99
5809	98
5810	98
5811	98
5812	97
5813	98
5814	98
5815	97
5816	95
5817	95
5818	95
5819	95
5820	96
5821	96
5822	96
5823	96
5824	96
5825	96
5826	96
5827	98
5828	98
5829	98
5830	98
5831	99
5832	100
5833	99
5834	99
5835	100
5836	102
5837	102
5838	103
5839	103
5840	103
5841	103
5842	103
5843	103
5844	104
5845	103
5846	104
5847	104
5848	104
5849	104
5850	104
5851	103
5852	103
5853	103
5854	102
5855	102
5856	102
5857	103
5858	103
5859	103
5860	103
5861	102
5862	103
5863	102
5864	102
5865	102
5866	102
5867	103
5868	103
5869	103
5870	104
5871	104
5872	104
5873	105
5874	105
5875	105
5876	103
5877	103
5878	102
5879	102
5880	102
5881	102
5882	102
5883	102
5884	102
5885	102
5886	101
5887	101
5888	101
5889	100
5890	99
5891	97
5892	96
5893	96
5894	97
5895	98
5896	98
5897	98
5898	99
5899	99
5900	97
5901	98
5902	97
5903	97
5904	96
5905	97
5906	98
5907	98
5908	98
5909	98
5910	98
5911	98
5912	98
5913	98
5914	98
5915	98
5916	98
5917	99
5918	99
5919	99
5920	99
5921	99
5922	99
5923	99
5924	99
5925	99
5926	99
5927	99
5928	98
5929	97
5930	98
5931	98
5932	99
5933	99
5934	99
5935	99
5936	100
5937	100
5938	100
5939	100
5940	101
5941	102
5942	102
5943	102
5944	103
5945	103
5946	103
5947	103
5948	104
5949	105
5950	106
5951	105
5952	105
5953	104
5954	103
5955	103
5956	103
5957	103
5958	103
5959	102
5960	101
5961	102
5962	101
5963	101
5964	99
5965	100
5966	98
5967	96
5968	94
5969	92
5970	93
5971	91
5972	92
5973	89
5974	88
5975	88
5976	88
5977	89
5978	89
5979	89
5980	89
5981	88
5982	87
5983	86
5984	85
5985	85
5986	86
5987	87
5988	87
5989	87
5990	87
5991	86
5992	86
5993	85
5994	85
5995	84
5996	85
5997	85
5998	85
5999	85
6000	86
6001	86
6002	87
6003	86
6004	87
6005	86
6006	86
6007	86
6008	86
6009	86
6010	86
6011	86
6012	87
6013	87
6014	87
6015	87
6016	87
6017	87
6018	88
6019	88
6020	88
6021	88
6022	87
6023	86
6024	86
6025	85
6026	86
6027	85
6028	84
6029	84
6030	84
6031	84
6032	84
6033	84
6034	84
6035	85
6036	85
6037	84
6038	84
6039	83
6040	82
6041	82
6042	81
6043	81
6044	81
6045	80
6046	80
6047	80
6048	78
6049	77
6050	77
6051	76
6052	76
6053	76
6054	76
6055	76
6056	75
6057	75
6058	76
6059	76
6060	77
6061	78
6062	78
6063	77
6064	76
6065	76
6066	76
6067	78
6068	78
6069	78
6070	78
6071	77
6072	77
6073	76
6074	75
6075	75
6076	75
6077	75
6078	74
6079	74
6080	74
6081	74
6082	74
6083	74
6084	74
6085	74
6086	75
6087	77
6088	75
6089	75
6090	78
6091	78
6092	78
6093	78
6094	77
6095	79
6096	79
6097	80
6098	81
6099	81
6100	81
6101	80
6102	79
6103	79
6104	79
6105	80
6106	80
6107	80
6108	81
6109	82
6110	83
6111	84
6112	84
6113	84
6114	84
6115	84
6116	84
6117	83
6118	82
6119	82
6120	83
6121	83
6122	83
6123	83
6124	84
6125	84
6126	83
6127	83
6128	81
6129	80
6130	80
6131	79
6132	79
6133	79
6134	79
6135	81
6136	81
6137	81
6138	80
6139	80
6140	80
6141	80
6142	80
6143	79
6144	76
6145	75
6146	74
6147	71
6148	72
6149	69
6150	70
6151	68
6152	67
6153	67
6154	67
6155	67
6156	66
6157	66
6158	67
6159	67
6160	66
6161	68
6162	68
6163	66
6164	66
6165	67
6166	67
6167	68
6168	66
6169	65
6170	64
6171	64
6172	64
6173	64
6174	64
6175	64
6176	64
6177	64
6178	62
6179	62
6180	62
6181	64
6182	64
6183	64
6184	64
6185	64
6186	65
6187	66
6188	66
6189	67
6190	67
6191	66
6192	66
6193	67
6194	67
6195	68
6196	70
6197	69
6198	69
6199	70
6200	70
6201	70
6202	69
6203	69
6204	69
6205	69
6206	69
6207	69
6208	68
6209	68
6210	68
6211	68
6212	68
6213	68
6214	67
6215	68
6216	70
6217	70
6218	70
6219	70
6220	70
6221	72
6222	72
6223	73
6224	73
6225	72
6226	71
6227	71
6228	70
6229	72
6230	73
6231	73
6232	72
6233	73
6234	73
6235	73
6236	73
6237	73
6238	72
6239	72
6240	72
6241	72
6242	72
6243	71
6244	71
6245	71
6246	72
6247	71
6248	71
6249	70
6250	70
6251	71
6252	71
6253	71
6254	71
6255	70
6256	70
6257	70
6258	70
6259	71
6260	72
6261	71
6262	71
6263	71
6264	70
6265	70
6266	70
6267	68
6268	66
6269	65
6270	67
6271	67
6272	68
6273	68
6274	67
6275	67
6276	67
6277	66
6278	66
6279	66
6280	65
6281	65
6282	66
6283	68
6284	67
6285	67
6286	65
6287	65
6288	65
6289	66
6290	67
6291	68
6292	69
6293	69
6294	69
6295	70
6296	70
6297	71
6298	73
6299	73
6300	75
6301	75
6302	76
6303	76
6304	77
6305	77
6306	77
6307	77
6308	78
6309	79
6310	80
6311	80
6312	81
6313	81
6314	81
6315	81
6316	81
6317	81
6318	82
6319	82
6320	83
6321	84
6322	85
6323	85
6324	85
6325	88
6326	88
6327	88
6328	88
6329	88
6330	88
6331	89
6332	89
6333	89
6334	89
6335	90
6336	90
6337	90
6338	90
6339	89
6340	90
6341	89
6342	89
6343	90
6344	90
6345	90
6346	90
6347	89
6348	90
6349	91
6350	90
6351	88
6352	88
6353	88
6354	88
6355	89
6356	89
6357	89
6358	89
6359	89
6360	89
6361	88
6362	88
6363	88
6364	88
6365	89
6366	88
6367	88
6368	86
6369	84
6370	86
6371	86
6372	85
6373	86
6374	86
6375	88
6376	89
6377	89
6378	91
6379	91
6380	91
6381	91
6382	93
6383	94
6384	94
6385	94
6386	94
6387	94
6388	93
6389	93
6390	93
6391	94
6392	95
6393	95
6394	95
6395	95
6396	95
6397	95
6398	95
6399	95
6400	95
6401	94
6402	94
6403	94
6404	93
6405	94
6406	94
6407	93
6408	92
6409	91
6410	92
6411	91
6412	91
6413	91
6414	91
6415	89
6416	89
6417	89
6418	89
6419	88
6420	90
6421	90
6422	91
6423	91
6424	91
6425	92
6426	92
6427	91
6428	91
6429	90
6430	90
6431	90
6432	90
6433	89
6434	90
6435	89
6436	89
6437	88
6438	89
6439	89
6440	88
6441	88
6442	88
6443	89
6444	89
6445	89
6446	88
6447	88
6448	86
6449	85
6450	84
6451	82
6452	82
6453	81
6454	81
6455	83
6456	83
6457	84
6458	84
6459	84
6460	84
6461	85
6462	85
6463	85
6464	85
6465	85
6466	85
6467	85
6468	86
6469	87
6470	87
6471	86
6472	85
6473	86
6474	86
6475	85
6476	85
6477	85
6478	85
6479	85
6480	84
6481	85
6482	85
6483	84
6484	84
6485	84
6486	85
6487	86
6488	87
6489	89
6490	89
6491	89
6492	88
6493	88
6494	88
6495	89
6496	89
6497	89
6498	88
6499	88
6500	87
6501	87
6502	86
6503	86
6504	85
6505	85
6506	84
6507	84
6508	84
6509	83
6510	82
6511	82
6512	81
6513	81
6514	82
6515	82
6516	82
6517	82
6518	82
6519	81
6520	81
6521	81
6522	79
6523	78
6524	78
6525	79
6526	79
6527	79
6528	76
6529	76
6530	75
6531	74
6532	72
6533	72
6534	73
6535	73
6536	72
6537	73
6538	73
6539	74
6540	74
6541	74
6542	74
6543	74
6544	75
6545	75
6546	76
6547	77
6548	77
6549	77
6550	76
6551	76
6552	75
6553	75
6554	74
6555	73
6556	74
6557	74
6558	75
6559	75
6560	75
6561	75
6562	74
6563	74
6564	74
6565	73
6566	73
6567	73
6568	74
6569	74
6570	74
6571	76
6572	74
6573	76
6574	75
6575	75
6576	75
6577	76
6578	77
6579	78
6580	78
6581	79
6582	80
6583	81
6584	82
6585	81
6586	83
6587	84
6588	83
6589	82
6590	82
6591	83
6592	83
6593	83
6594	84
6595	84
6596	85
6597	84
6598	83
6599	83
6600	82
6601	82
6602	81
6603	82
6604	81
6605	80
6606	80
6607	79
6608	79
6609	79
6610	79
6611	78
6612	79
6613	79
6614	78
6615	79
6616	79
6617	78
6618	78
6619	76
6620	75
6621	75
6622	74
6623	73
6624	73
6625	73
6626	75
6627	74
6628	74
6629	73
6630	73
6631	73
6632	73
6633	73
6634	74
6635	73
6636	72
6637	72
6638	71
6639	71
6640	70
6641	70
6642	68
6643	68
6644	69
6645	69
6646	68
6647	67
6648	68
6649	68
6650	68
6651	69
6652	69
6653	69
6654	69
6655	69
6656	68
6657	68
6658	68
6659	69
6660	69
6661	70
6662	70
6663	70
6664	70
6665	70
6666	71
6667	71
6668	71
6669	71
6670	71
6671	71
6672	71
6673	71
6674	70
6675	70
6676	72
6677	72
6678	71
6679	72
6680	71
6681	71
6682	71
6683	73
6684	73
6685	73
6686	73
6687	72
6688	71
6689	71
6690	70
6691	69
6692	69
6693	69
6694	70
6695	70
6696	70
6697	69
6698	69
6699	69
6700	69
6701	68
6702	68
6703	66
6704	66
6705	66
6706	65
6707	65
6708	65
6709	66
6710	66
6711	65
6712	64
6713	64
6714	64
6715	64
6716	63
6717	63
6718	63
6719	63
6720	63
6721	64
6722	64
6723	64
6724	65
6725	66
6726	65
6727	65
6728	64
6729	65
6730	65
6731	65
6732	64
6733	64
6734	63
6735	63
6736	63
6737	63
6738	63
6739	64
6740	64
6741	66
6742	66
6743	66
6744	66
6745	65
6746	65
6747	64
6748	64
6749	63
6750	63
6751	62
6752	62
6753	62
6754	62
6755	63
6756	62
6757	62
6758	63
6759	63
6760	63
6761	63
6762	63
6763	63
6764	63
6765	63
6766	63
6767	62
6768	60
6769	60
6770	60
6771	61
6772	60
6773	60
6774	60
6775	61
6776	60
6777	60
6778	61
6779	62
6780	62
6781	61
6782	60
6783	60
6784	60
6785	60
6786	60
6787	60
6788	60
6789	60
6790	60
6791	60
6792	59
6793	58
6794	58
6795	57
6796	57
6797	58
6798	57
6799	55
6800	55
6801	55
6802	55
6803	54
6804	54
6805	53
6806	53
6807	55
6808	55
6809	55
6810	55
6811	55
6812	54
6813	54
6814	53
6815	52
6816	52
6817	52
6818	52
6819	52
6820	52
6821	52
6822	52
6823	51
6824	50
6825	49
6826	49
6827	49
6828	49
6829	49
6830	49
6831	49
6832	49
6833	49
6834	49
6835	49
6836	50
6837	50
6838	50
6839	51
6840	51
6841	51
6842	51
6843	52
6844	52
6845	51
6846	51
6847	50
6848	50
6849	50
6850	50
6851	50
6852	50
6853	50
6854	50
6855	50
6856	50
6857	50
6858	50
6859	50
6860	50
6861	50
6862	49
6863	49
6864	47
6865	45
6866	44
6867	42
6868	42
6869	43
6870	43
6871	42
6872	42
6873	42
6874	43
6875	43
6876	43
6877	43
6878	43
6879	43
6880	43
6881	42
6882	42
6883	42
6884	42
6885	42
6886	41
6887	41
6888	41
6889	40
6890	40
6891	40
6892	39
6893	39
6894	39
6895	38
6896	38
6897	37
6898	37
6899	37
6900	37
6901	38
6902	38
6903	38
6904	38
6905	38
6906	38
6907	38
6908	38
6909	38
6910	36
6911	36
6912	36
6913	36
6914	35
6915	35
6916	35
6917	35
6918	35
6919	35
6920	35
6921	35
6922	36
6923	36
6924	36
6925	36
6926	36
6927	37
6928	37
6929	36
6930	36
6931	36
6932	36
6933	36
6934	38
6935	37
6936	37
6937	35
6938	35
6939	35
6940	35
6941	35
6942	35
6943	35
6944	35
6945	36
6946	37
6947	36
6948	36
6949	36
6950	37
6951	37
6952	37
6953	37
6954	37
6955	37
6956	37
6957	37
6958	37
6959	37
6960	37
6961	37
6962	36
6963	35
6964	35
6965	35
6966	35
6967	36
6968	36
6969	36
6970	36
6971	36
6972	36
6973	36
6974	36
6975	36
6976	36
6977	36
6978	36
6979	35
6980	35
6981	35
6982	35
6983	35
6984	35
6985	35
6986	35
6987	35
6988	35
6989	35
6990	35
6991	35
6992	35
6993	33
6994	33
6995	33
6996	33
6997	33
6998	33
6999	33
7000	34
7001	33
7002	34
7003	33
7004	33
7005	33
7006	31
7007	31
7008	29
7009	29
7010	29
7011	29
7012	28
7013	28
7014	28
7015	29
7016	29
7017	30
7018	30
7019	30
7020	30
7021	30
7022	30
7023	30
7024	30
7025	30
7026	30
7027	30
7028	30
7029	29
7030	29
7031	28
7032	28
7033	27
7034	27
7035	27
7036	27
7037	27
7038	27
7039	27
7040	27
7041	28
7042	28
7043	28
7044	28
7045	28
7046	28
7047	27
7048	27
7049	26
7050	26
7051	27
7052	27
7053	27
7054	27
7055	27
7056	27
7057	27
7058	27
7059	27
7060	27
7061	27
7062	27
7063	27
7064	27
7065	27
7066	27
7067	27
7068	27
7069	27
7070	27
7071	28
7072	28
7073	28
7074	28
7075	27
7076	28
7077	28
7078	28
7079	28
7080	28
7081	28
7082	28
7083	28
7084	28
7085	28
7086	27
7087	27
7088	26
7089	25
7090	24
7091	24
7092	23
7093	23
7094	23
7095	23
7096	23
7097	23
7098	23
7099	23
7100	23
7101	24
7102	24
7103	24
7104	24
7105	24
7106	24
7107	23
7108	22
7109	24
7110	23
7111	23
7112	23
7113	23
7114	23
7115	23
7116	23
7117	23
7118	23
7119	23
7120	23
7121	23
7122	23
7123	21
7124	21
7125	21
7126	21
7127	24
7128	24
7129	24
7130	23
7131	23
7132	23
7133	23
7134	22
7135	22
7136	22
7137	22
7138	21
7139	21
7140	21
7141	21
7142	21
7143	21
7144	21
7145	22
7146	21
7147	21
7148	21
7149	21
7150	21
7151	21
7152	21
7153	21
7154	20
7155	20
7156	19
7157	19
7158	19
7159	19
7160	19
7161	19
7162	19
7163	20
7164	20
7165	20
7166	19
7167	19
7168	19
7169	18
7170	18
7171	19
7172	19
7173	19
7174	18
7175	19
7176	18
7177	18
7178	18
7179	18
7180	18
7181	18
7182	18
7183	18
7184	18
7185	18
7186	18
7187	19
7188	19
7189	19
7190	19
7191	19
7192	19
7193	19
7194	19
7195	20
7196	20
7197	20
7198	20
7199	21
7200	21
7201	21
7202	21
7203	21
7204	21
7205	22
7206	22
7207	21
7208	21
7209	21
7210	21
7211	21
7212	21
7213	21
7214	21
7215	21
7216	21
7217	21
7218	21
7219	21
7220	21
7221	21
7222	21
7223	21
7224	21
7225	21
7226	21
7227	21
7228	21
7229	21
7230	21
7231	21
7232	20
7233	20
7234	20
7235	20
7236	20
7237	20
7238	20
7239	20
7240	20
7241	20
7242	20
7243	20
7244	20
7245	20
7246	20
7247	19
7248	19
7249	19
7250	18
7251	18
7252	18
7253	18
7254	18
7255	18
7256	18
7257	18
7258	19
7259	19
7260	19
7261	19
7262	19
7263	19
7264	19
7265	19
7266	19
7267	19
7268	19
7269	19
7270	19
7271	18
7272	18
7273	18
7274	18
7275	18
7276	18
7277	18
7278	18
7279	18
7280	18
7281	18
7282	18
7283	18
7284	18
7285	17
7286	17
7287	16
7288	16
7289	16
7290	16
7291	16
7292	16
7293	16
7294	16
7295	16
7296	16
7297	16
7298	16
7299	16
7300	16
7301	16
7302	16
7303	16
7304	16
7305	16
7306	16
7307	16
7308	16
7309	16
7310	16
7311	16
7312	16
7313	16
7314	15
7315	15
7316	15
7317	15
7318	15
7319	15
7320	15
7321	15
7322	15
7323	15
7324	15
7325	15
7326	15
7327	15
7328	15
7329	15
7330	15
7331	15
7332	15
7333	15
7334	15
7335	15
7336	15
7337	15
7338	15
7339	15
7340	15
7341	16
7342	16
7343	17
7344	18
7345	18
7346	18
7347	18
7348	16
7349	16
7350	16
7351	16
7352	16
7353	16
7354	16
7355	16
7356	16
7357	16
7358	15
7359	15
7360	15
7361	15
7362	15
7363	14
7364	14
7365	14
7366	14
7367	14
7368	14
7369	14
7370	14
7371	14
7372	14
7373	14
7374	14
7375	14
7376	14
7377	14
7378	14
7379	14
7380	14
7381	14
7382	14
7383	14
7384	13
7385	13
7386	13
7387	13
7388	13
7389	13
7390	13
7391	13
7392	13
7393	13
7394	13
7395	13
7396	13
7397	13
7398	13
7399	13
7400	13
7401	13
7402	13
7403	13
7404	13
7405	13
7406	13
7407	13
7408	12
7409	12
7410	12
7411	12
7412	12
7413	12
7414	12
7415	12
7416	12
7417	12
7418	11
7419	11
7420	11
7421	11
7422	11
7423	11
7424	11
7425	11
7426	11
7427	11
7428	10
7429	10
7430	9
7431	9
7432	9
7433	9
7434	9
7435	9
7436	8
7437	8
7438	8
7439	8
7440	8
7441	8
7442	8
7443	8
7444	8
7445	8
7446	8
7447	8
7448	8
7449	8
7450	7
7451	7
7452	7
7453	7
7454	7
7455	7
7456	7
7457	7
7458	7
7459	7
7460	7
7461	7
7462	7
7463	7
7464	7
7465	7
7466	7
7467	7
7468	7
7469	7
7470	7
7471	7
7472	7
7473	7
7474	7
7475	7
7476	7
7477	7
7478	7
7479	7
7480	7
7481	7
7482	7
7483	6
7484	6
7485	6
7486	6
7487	6
7488	6
7489	6
7490	6
7491	6
7492	6
7493	6
7494	6
7495	5
7496	5
7497	4
7498	4
7499	4
7500	4
7501	4
7502	4
7503	4
7504	4
7505	4
7506	4
7507	4
7508	4
7509	4
7510	4
7511	4
7512	4
7513	4
7514	4
7515	4
7516	4
7517	4
7518	4
7519	4
7520	4
7521	4
7522	4
7523	4
7524	4
7525	4
7526	4
7527	3
7528	3
7529	3
7530	3
7531	3
7532	3
7533	3
7534	3
7535	3
7536	3
7537	3
7538	3
7539	3
7540	3
7541	3
7542	3
7543	3
7544	3
7545	3
7546	3
7547	3
7548	3
7549	3
7550	3
7551	3
7552	3
7553	3
7554	3
7555	3
7556	3
7557	3
7558	3
7559	3
7560	3
7561	3
7562	3
7563	3
7564	3
7565	3
7566	3
7567	3
7568	2
7569	2
7570	2
7571	2
7572	2
7573	2
7574	2
7575	2
7576	2
7577	2
7578	2
7579	2
7580	2
7581	2
7582	2
7583	2
7584	2
7585	2
7586	2
7587	2
7588	2
7589	2
7590	2
7591	2
7592	2
7593	2
7594	2
7595	2
7596	2
7597	2
7598	2
7599	2
7600	2
7601	2
7602	2
7603	2
7604	2
7605	2
7606	2
7607	2
7608	2
7609	2
7610	2
7611	2
7612	2
7613	2
7614	2
7615	2
7616	2
7617	2
7618	2
7619	2
7620	2
7621	2
7622	2
7623	2
7624	2
7625	2
7626	2
7627	2
7628	2
7629	2
7630	2
7631	1
7632	1
7633	1
7634	1
7635	1
7636	1
7637	1
7638	1
7639	1
7640	1
7641	1
7642	1
7643	1
7644	1
7645	1
7646	1
7647	1
7648	1
7649	1
7650	1
7651	1
7652	1
7653	1
7654	1
7655	1
7656	1
7657	1
7658	1
7659	1
7660	1
7661	0
7662	0
7663	0
7664	0
7665	0
7666	0
7667	0
7668	0
7669	0
7670	0
7671	0
7672	0
7673	0
7674	0
7675	0
7676	0
7677	0
7678	0
7679	0
7680	0
7681	0
7682	0
7683	0
7684	0
7685	0
7686	0
7687	0
7688	0
7689	0
7690	0
7691	0
7692	0
7693	0
7694	0
7695	0
7696	0
7697	0
7698	0
7699	0
7700	0
7701	0
7702	0
7703	0
7704	0
7705	0
7706	0
7707	0
7708	0
7709	0
7710	0
7711	0
7712	0
7713	0
7714	0
7715	0
7716	0
7717	0
7718	0
7719	0
7720	0
7721	0
7722	0
7723	0
7724	0
7725	0
7726	0
7727	0
7728	0
7729	0
7730	0
7731	0
7732	0
7733	0
7734	0
7735	0
7736	0
7737	0
7738	0
7739	0
7740	0
7741	0
7742	0
7743	0
7744	0
7745	0
7746	0
7747	0
7748	0
7749	0
7750	0
7751	0
7752	0
7753	0
7754	0
7755	0
7756	0
7757	0
7758	0
7759	0
7760	0
7761	0
7762	0
7763	0
7764	0
7765	0
7766	0
7767	0
7768	0
7769	0
7770	0
7771	0
7772	0
7773	0
7774	0
7775	0
7776	0
7777	0
7778	0
7779	0
7780	0
7781	0
7782	0
7783	0
7784	0
7785	0
7786	0
7787	0
7788	0
7789	0
7790	0
7791	0
7792	0
7793	0
7794	0
7795	0
7796	0
7797	0
7798	0
7799	0
7800	0
7801	0
7802	0
7803	0
7804	0
7805	0
7806	0
7807	0
7808	0
7809	0
7810	0
7811	0
7812	0
7813	0
7814	0
7815	0
7816	0
7817	0
7818	0
7819	0
7820	0
7821	0
7822	0
7823	0
7824	0
7825	0
7826	0
7827	0
7828	0
7829	0
7830	0
7831	0
7832	0
7833	0
7834	0
7835	0
7836	0
7837	0
7838	0
7839	0
7840	0
7841	0
7842	0
7843	0
7844	0
7845	0
7846	0
7847	0
7848	0
7849	0
7850	0
7851	0
7852	0
7853	0
7854	0
7855	0
7856	0
7857	0
7858	0
7859	0
7860	0
7861	0
7862	0
7863	0
7864	0
7865	0
7866	0
7867	0
7868	0
7869	0
7870	0
7871	0
7872	0
7873	0
7874	0
7875	0
7876	0
7877	0
7878	0
7879	0
7880	0
7881	0
7882	0
7883	0
7884	0
7885	0
7886	0
7887	0
7888	0
7889	0
7890	0
7891	0
7892	0
7893	0
7894	0
7895	0
7896	0
7897	0
7898	0
7899	0
7900	0
7901	0
7902	0
7903	0
7904	0
7905	0
7906	0
7907	0
7908	0
7909	0
7910	0
7911	0
7912	0
7913	0
7914	0
7915	0
7916	0
7917	0
7918	0
7919	0
7920	0
7921	0
7922	0
7923	0
7924	0
7925	0
7926	0
7927	0
7928	0
7929	0
7930	0
7931	0
7932	0
7933	0
7934	0
7935	0
7936	0
7937	0
7938	0
7939	0
7940	0
7941	0
7942	0
7943	0
7944	0
7945	0
7946	0
7947	0
7948	0
7949	0
7950	0
7951	0
7952	0
7953	0
7954	0
7955	0
7956	0
7957	0
7958	0
7959	0
7960	0
7961	0
7962	0
7963	0
7964	0
7965	0
7966	0
7967	0
7968	0
7969	0
7970	0
7971	0
7972	0
7973	0
7974	0
7975	0
7976	0
7977	0
7978	0
7979	0
7980	0
7981	0
7982	0
7983	0
7984	0
7985	0
7986	0
7987	0
7988	0
7989	0
7990	0
7991	0
7992	0
7993	0
7994	0
7995	0
7996	0
7997	0
7998	0
7999	0
8000	0
8001	0
8002	0
8003	0
8004	0
8005	0
8006	0
8007	0
8008	0
8009	0
8010	0
8011	0
8012	0
8013	0
8014	0
8015	0
8016	0
8017	0
8018	0
8019	0
8020	0
8021	0
8022	0
8023	0
8024	0
8025	0
8026	0
8027	0
8028	0
8029	0
8030	0
8031	0
8032	0
8033	0
8034	0
8035	0
8036	0
8037	0
8038	0
8039	0
8040	0
8041	0
8042	0
8043	0
8044	0
8045	0
8046	0
8047	0
8048	0
8049	0
8050	0
8051	0
8052	0
8053	0
8054	0
8055	0
8056	0
8057	0
8058	0
8059	0
8060	0
8061	0
8062	0
8063	0
8064	0
8065	0
8066	0
8067	0
8068	0
8069	0
8070	0
8071	0
8072	0
8073	0
8074	0
8075	0
8076	0
8077	0
8078	0
8079	0
8080	0
8081	0
8082	0
8083	0
8084	0
8085	0
8086	0
8087	0
8088	0
8089	0
8090	0
8091	0
8092	0
8093	0
8094	0
8095	0
8096	0
8097	0
8098	0
8099	0
8100	0
8101	0
8102	0
8103	0
8104	0
8105	0
8106	0
8107	0
8108	0
8109	0
8110	0
8111	0
8112	0
8113	0
8114	0
8115	0
8116	0
8117	0
8118	0
8119	0
8120	0
8121	0
8122	0
8123	0
8124	0
8125	0
8126	0
8127	0
8128	0
8129	0
8130	0
8131	0
8132	0
8133	0
8134	0
8135	0
8136	0
8137	0
8138	0
8139	0
8140	0
8141	0
8142	0
8143	0
8144	0
8145	0
8146	0
8147	0
8148	0
8149	0
8150	0
8151	0
8152	0
8153	0
8154	0
8155	0
8156	0
8157	0
8158	0
8159	0
8160	0
8161	0
8162	0
8163	0
8164	0
8165	0
8166	0
8167	0
8168	0
8169	0
8170	0
8171	0
8172	0
8173	0
8174	0
8175	0
8176	0
8177	0
8178	0
8179	0
8180	0
8181	0
8182	0
8183	0
8184	0
8185	0
8186	0
8187	0
8188	0
8189	0
8190	0
8191	0
8192	0
8193	0
8194	0
8195	0
8196	0
8197	0
8198	0
8199	0
8200	0
8201	0
8202	0
