1	1
2	1
3	1
4	1
5	1
6	1
7	1
8	1
9	1
10	2
11	2
12	2
13	2
14	2
15	2
16	2
17	2
18	2
19	3
20	3
21	3
22	3
23	3
24	4
25	5
26	5
27	5
28	5
29	5
30	6
31	6
32	6
33	6
34	6
35	7
36	7
37	7
38	7
39	7
40	7
41	7
42	7
43	7
44	7
45	7
46	7
47	8
48	8
49	8
50	8
51	8
52	8
53	8
54	8
55	8
56	9
57	9
58	9
59	9
60	9
61	9
62	9
63	9
64	9
65	10
66	10
67	10
68	10
69	10
70	10
71	10
72	10
73	11
74	12
75	13
76	14
77	14
78	14
79	14
80	14
81	15
82	14
83	14
84	16
85	16
86	15
87	16
88	16
89	16
90	16
91	16
92	16
93	17
94	17
95	17
96	17
97	18
98	18
99	19
100	19
101	19
102	20
103	19
104	19
105	19
106	19
107	19
108	18
109	18
110	18
111	18
112	18
113	18
114	18
115	18
116	20
117	20
118	20
119	20
120	20
121	20
122	20
123	20
124	20
125	20
126	20
127	20
128	20
129	20
130	19
131	19
132	19
133	19
134	19
135	19
136	19
137	19
138	19
139	19
140	18
141	18
142	18
143	18
144	18
145	19
146	19
147	19
148	20
149	20
150	19
151	19
152	17
153	16
154	18
155	18
156	18
157	17
158	17
159	16
160	14
161	14
162	13
163	13
164	13
165	13
166	13
167	13
168	12
169	12
170	13
171	13
172	15
173	15
174	15
175	15
176	15
177	15
178	15
179	15
180	16
181	17
182	17
183	17
184	17
185	18
186	18
187	18
188	17
189	17
190	17
191	18
192	18
193	18
194	20
195	20
196	20
197	20
198	21
199	21
200	20
201	20
202	21
203	21
204	22
205	22
206	22
207	22
208	23
209	24
210	25
211	25
212	25
213	24
214	24
215	24
216	23
217	24
218	23
219	22
220	23
221	24
222	24
223	23
224	22
225	22
226	21
227	21
228	18
229	18
230	17
231	17
232	17
233	17
234	15
235	15
236	15
237	15
238	15
239	15
240	14
241	15
242	16
243	16
244	16
245	16
246	16
247	16
248	16
249	16
250	17
251	17
252	16
253	16
254	16
255	16
256	16
257	15
258	14
259	14
260	16
261	16
262	17
263	18
264	18
265	18
266	19
267	19
268	19
269	19
270	19
271	19
272	19
273	19
274	18
275	18
276	18
277	18
278	19
279	19
280	20
281	20
282	19
283	19
284	20
285	20
286	20
287	20
288	20
289	20
290	20
291	20
292	19
293	19
294	18
295	19
296	19
297	18
298	18
299	17
300	16
301	16
302	15
303	15
304	14
305	12
306	13
307	14
308	14
309	15
310	15
311	15
312	14
313	15
314	16
315	16
316	16
317	17
318	17
319	17
320	17
321	17
322	17
323	16
324	16
325	15
326	16
327	16
328	16
329	17
330	18
331	18
332	18
333	18
334	18
335	18
336	18
337	18
338	19
339	20
340	20
341	20
342	20
343	22
344	22
345	22
346	22
347	23
348	24
349	26
350	26
351	27
352	28
353	28
354	30
355	30
356	30
357	30
358	30
359	30
360	31
361	30
362	30
363	30
364	29
365	29
366	29
367	29
368	29
369	29
370	29
371	30
372	30
373	28
374	27
375	27
376	26
377	24
378	23
379	23
380	22
381	23
382	24
383	23
384	22
385	23
386	23
387	24
388	25
389	25
390	25
391	24
392	24
393	25
394	24
395	25
396	25
397	25
398	25
399	25
400	25
401	25
402	25
403	25
404	25
405	24
406	25
407	26
408	28
409	28
410	28
411	28
412	29
413	29
414	28
415	28
416	30
417	30
418	28
419	27
420	27
421	27
422	27
423	27
424	27
425	27
426	27
427	28
428	29
429	29
430	29
431	29
432	28
433	29
434	29
435	30
436	30
437	31
438	31
439	31
440	30
441	31
442	32
443	33
444	34
445	35
446	35
447	36
448	35
449	35
450	35
451	36
452	36
453	37
454	38
455	38
456	38
457	34
458	34
459	33
460	33
461	35
462	36
463	36
464	34
465	33
466	34
467	35
468	34
469	34
470	33
471	32
472	31
473	31
474	31
475	30
476	30
477	29
478	30
479	29
480	31
481	31
482	31
483	32
484	32
485	34
486	34
487	34
488	34
489	34
490	35
491	36
492	36
493	36
494	36
495	34
496	35
497	34
498	34
499	34
500	31
501	32
502	32
503	33
504	33
505	34
506	34
507	34
508	33
509	33
510	32
511	32
512	32
513	33
514	33
515	31
516	30
517	29
518	28
519	27
520	27
521	28
522	28
523	26
524	26
525	27
526	27
527	27
528	28
529	28
530	28
531	29
532	29
533	28
534	28
535	28
536	27
537	27
538	29
539	30
540	30
541	29
542	29
543	28
544	28
545	28
546	26
547	26
548	26
549	25
550	25
551	25
552	25
553	27
554	27
555	27
556	27
557	27
558	27
559	27
560	27
561	26
562	26
563	25
564	26
565	26
566	26
567	28
568	28
569	28
570	28
571	28
572	27
573	28
574	27
575	28
576	28
577	27
578	28
579	27
580	28
581	29
582	29
583	31
584	31
585	30
586	29
587	29
588	29
589	29
590	28
591	28
592	27
593	26
594	26
595	26
596	24
597	24
598	24
599	24
600	24
601	25
602	25
603	25
604	25
605	25
606	25
607	25
608	25
609	25
610	25
611	25
612	26
613	25
614	26
615	26
616	26
617	26
618	26
619	27
620	28
621	28
622	28
623	28
624	28
625	29
626	29
627	29
628	29
629	29
630	28
631	28
632	29
633	29
634	29
635	29
636	29
637	29
638	30
639	30
640	29
641	29
642	30
643	31
644	31
645	32
646	32
647	31
648	30
649	31
650	30
651	31
652	30
653	31
654	29
655	29
656	29
657	27
658	27
659	27
660	28
661	30
662	28
663	29
664	29
665	29
666	30
667	30
668	32
669	33
670	33
671	32
672	32
673	33
674	34
675	34
676	34
677	34
678	34
679	35
680	35
681	36
682	36
683	35
684	36
685	35
686	34
687	34
688	34
689	34
690	32
691	31
692	32
693	32
694	31
695	31
696	31
697	31
698	31
699	31
700	31
701	31
702	31
703	32
704	32
705	31
706	30
707	30
708	31
709	31
710	30
711	29
712	30
713	30
714	30
715	30
716	31
717	31
718	32
719	33
720	33
721	33
722	31
723	32
724	33
725	34
726	36
727	36
728	33
729	33
730	32
731	32
732	31
733	30
734	29
735	29
736	29
737	29
738	29
739	27
740	26
741	26
742	26
743	23
744	23
745	22
746	22
747	23
748	23
749	23
750	22
751	24
752	24
753	25
754	26
755	25
756	25
757	25
758	26
759	26
760	26
761	27
762	27
763	27
764	26
765	27
766	28
767	30
768	30
769	31
770	31
771	31
772	31
773	31
774	31
775	31
776	30
777	31
778	31
779	31
780	31
781	31
782	30
783	30
784	28
785	28
786	28
787	26
788	26
789	26
790	25
791	25
792	26
793	26
794	25
795	25
796	25
797	27
798	27
799	28
800	26
801	26
802	26
803	26
804	26
805	26
806	25
807	25
808	27
809	26
810	24
811	24
812	24
813	25
814	25
815	25
816	25
817	25
818	24
819	24
820	24
821	24
822	24
823	25
824	26
825	25
826	24
827	24
828	22
829	22
830	22
831	23
832	23
833	22
834	22
835	22
836	22
837	22
838	21
839	22
840	22
841	22
842	23
843	23
844	23
845	23
846	24
847	24
848	24
849	25
850	26
851	26
852	25
853	25
854	26
855	26
856	26
857	24
858	25
859	25
860	25
861	25
862	25
863	26
864	26
865	25
866	25
867	25
868	25
869	26
870	27
871	28
872	27
873	26
874	26
875	26
876	26
877	25
878	25
879	25
880	26
881	26
882	26
883	27
884	27
885	27
886	27
887	27
888	28
889	29
890	28
891	27
892	28
893	27
894	27
895	28
896	29
897	29
898	29
899	29
900	29
901	27
902	27
903	26
904	25
905	26
906	25
907	27
908	27
909	29
910	29
911	30
912	30
913	29
914	29
915	29
916	29
917	29
918	29
919	29
920	29
921	29
922	29
923	29
924	30
925	30
926	30
927	30
928	30
929	30
930	30
931	30
932	31
933	31
934	33
935	33
936	34
937	33
938	33
939	32
940	32
941	32
942	32
943	32
944	31
945	31
946	31
947	29
948	29
949	30
950	30
951	31
952	31
953	30
954	30
955	29
956	30
957	30
958	30
959	30
960	31
961	31
962	32
963	33
964	34
965	33
966	34
967	36
968	36
969	35
970	36
971	36
972	36
973	35
974	36
975	36
976	36
977	34
978	33
979	35
980	36
981	36
982	36
983	35
984	34
985	35
986	36
987	35
988	35
989	35
990	35
991	35
992	35
993	34
994	34
995	34
996	35
997	36
998	35
999	35
1000	34
1001	34
1002	34
1003	34
1004	34
1005	34
1006	34
1007	34
1008	34
1009	34
1010	34
1011	35
1012	35
1013	37
1014	38
1015	38
1016	37
1017	37
1018	37
1019	36
1020	36
1021	35
1022	36
1023	35
1024	36
1025	35
1026	35
1027	36
1028	38
1029	40
1030	40
1031	38
1032	38
1033	39
1034	39
1035	38
1036	38
1037	40
1038	40
1039	39
1040	38
1041	38
1042	38
1043	36
1044	36
1045	37
1046	37
1047	38
1048	37
1049	38
1050	38
1051	38
1052	37
1053	38
1054	40
1055	41
1056	41
1057	42
1058	42
1059	42
1060	42
1061	41
1062	41
1063	41
1064	41
1065	41
1066	43
1067	45
1068	45
1069	47
1070	47
1071	47
1072	48
1073	48
1074	48
1075	48
1076	48
1077	49
1078	49
1079	50
1080	52
1081	51
1082	53
1083	52
1084	53
1085	53
1086	53
1087	51
1088	50
1089	51
1090	50
1091	48
1092	48
1093	48
1094	47
1095	45
1096	45
1097	45
1098	45
1099	44
1100	43
1101	45
1102	45
1103	47
1104	46
1105	46
1106	47
1107	47
1108	47
1109	47
1110	48
1111	49
1112	50
1113	50
1114	50
1115	50
1116	50
1117	49
1118	50
1119	49
1120	50
1121	50
1122	51
1123	51
1124	50
1125	50
1126	50
1127	50
1128	49
1129	49
1130	48
1131	48
1132	47
1133	49
1134	47
1135	46
1136	46
1137	47
1138	47
1139	47
1140	47
1141	49
1142	50
1143	52
1144	52
1145	52
1146	51
1147	50
1148	51
1149	52
1150	53
1151	53
1152	54
1153	54
1154	53
1155	54
1156	52
1157	52
1158	52
1159	52
1160	52
1161	50
1162	51
1163	50
1164	49
1165	49
1166	47
1167	47
1168	47
1169	47
1170	47
1171	46
1172	45
1173	44
1174	43
1175	42
1176	40
1177	40
1178	40
1179	40
1180	41
1181	41
1182	41
1183	41
1184	43
1185	43
1186	42
1187	43
1188	41
1189	42
1190	42
1191	43
1192	43
1193	45
1194	45
1195	45
1196	46
1197	46
1198	47
1199	46
1200	46
1201	46
1202	46
1203	46
1204	46
1205	46
1206	47
1207	47
1208	49
1209	50
1210	50
1211	50
1212	51
1213	51
1214	50
1215	50
1216	50
1217	49
1218	50
1219	49
1220	51
1221	51
1222	51
1223	51
1224	51
1225	51
1226	50
1227	50
1228	51
1229	51
1230	52
1231	52
1232	51
1233	51
1234	51
1235	52
1236	52
1237	52
1238	52
1239	52
1240	52
1241	51
1242	51
1243	51
1244	52
1245	54
1246	53
1247	52
1248	52
1249	51
1250	51
1251	52
1252	50
1253	50
1254	49
1255	50
1256	50
1257	50
1258	50
1259	50
1260	49
1261	49
1262	48
1263	49
1264	48
1265	48
1266	48
1267	50
1268	50
1269	49
1270	49
1271	51
1272	51
1273	51
1274	52
1275	51
1276	51
1277	50
1278	50
1279	48
1280	49
1281	49
1282	49
1283	50
1284	49
1285	49
1286	50
1287	51
1288	50
1289	50
1290	50
1291	50
1292	50
1293	50
1294	49
1295	51
1296	50
1297	53
1298	53
1299	54
1300	55
1301	55
1302	55
1303	55
1304	56
1305	57
1306	56
1307	56
1308	56
1309	56
1310	55
1311	52
1312	53
1313	53
1314	52
1315	53
1316	53
1317	53
1318	52
1319	53
1320	53
1321	53
1322	53
1323	53
1324	53
1325	52
1326	54
1327	54
1328	54
1329	54
1330	54
1331	53
1332	51
1333	52
1334	52
1335	52
1336	51
1337	52
1338	51
1339	52
1340	52
1341	51
1342	50
1343	52
1344	51
1345	50
1346	50
1347	50
1348	49
1349	48
1350	48
1351	48
1352	50
1353	51
1354	52
1355	54
1356	54
1357	54
1358	55
1359	59
1360	62
1361	62
1362	62
1363	62
1364	63
1365	63
1366	63
1367	63
1368	63
1369	64
1370	64
1371	63
1372	60
1373	61
1374	63
1375	61
1376	60
1377	59
1378	60
1379	58
1380	57
1381	58
1382	59
1383	59
1384	60
1385	58
1386	59
1387	60
1388	60
1389	60
1390	62
1391	59
1392	60
1393	61
1394	60
1395	59
1396	58
1397	56
1398	55
1399	55
1400	55
1401	52
1402	52
1403	52
1404	51
1405	48
1406	48
1407	48
1408	49
1409	48
1410	49
1411	49
1412	50
1413	49
1414	50
1415	53
1416	52
1417	51
1418	52
1419	53
1420	54
1421	56
1422	56
1423	57
1424	58
1425	58
1426	56
1427	55
1428	57
1429	58
1430	56
1431	57
1432	57
1433	59
1434	59
1435	59
1436	58
1437	58
1438	57
1439	58
1440	58
1441	59
1442	59
1443	59
1444	58
1445	57
1446	56
1447	57
1448	57
1449	55
1450	56
1451	58
1452	58
1453	58
1454	58
1455	58
1456	58
1457	58
1458	57
1459	58
1460	59
1461	60
1462	61
1463	63
1464	63
1465	64
1466	64
1467	64
1468	64
1469	65
1470	65
1471	65
1472	65
1473	65
1474	66
1475	67
1476	69
1477	68
1478	68
1479	68
1480	68
1481	67
1482	66
1483	67
1484	68
1485	65
1486	66
1487	66
1488	66
1489	67
1490	67
1491	68
1492	70
1493	70
1494	70
1495	70
1496	70
1497	68
1498	67
1499	65
1500	65
1501	63
1502	63
1503	62
1504	60
1505	61
1506	60
1507	59
1508	59
1509	58
1510	58
1511	57
1512	57
1513	58
1514	57
1515	57
1516	57
1517	57
1518	58
1519	57
1520	56
1521	56
1522	56
1523	57
1524	57
1525	57
1526	58
1527	57
1528	56
1529	54
1530	54
1531	54
1532	53
1533	51
1534	50
1535	49
1536	49
1537	48
1538	49
1539	51
1540	52
1541	52
1542	53
1543	53
1544	53
1545	53
1546	53
1547	53
1548	53
1549	54
1550	54
1551	54
1552	54
1553	53
1554	53
1555	54
1556	54
1557	54
1558	55
1559	55
1560	55
1561	55
1562	55
1563	55
1564	56
1565	55
1566	55
1567	55
1568	57
1569	57
1570	57
1571	56
1572	56
1573	55
1574	56
1575	56
1576	57
1577	55
1578	55
1579	56
1580	57
1581	56
1582	56
1583	58
1584	59
1585	59
1586	60
1587	61
1588	60
1589	60
1590	61
1591	63
1592	62
1593	62
1594	61
1595	60
1596	60
1597	60
1598	59
1599	58
1600	57
1601	56
1602	55
1603	54
1604	55
1605	53
1606	51
1607	52
1608	53
1609	53
1610	52
1611	51
1612	50
1613	50
1614	49
1615	49
1616	49
1617	48
1618	49
1619	48
1620	47
1621	48
1622	48
1623	49
1624	50
1625	49
1626	51
1627	49
1628	49
1629	50
1630	49
1631	49
1632	49
1633	50
1634	50
1635	50
1636	49
1637	49
1638	49
1639	49
1640	50
1641	51
1642	52
1643	52
1644	52
1645	51
1646	51
1647	52
1648	53
1649	53
1650	53
1651	53
1652	51
1653	53
1654	52
1655	52
1656	52
1657	52
1658	53
1659	54
1660	54
1661	55
1662	55
1663	54
1664	53
1665	53
1666	54
1667	54
1668	54
1669	53
1670	54
1671	54
1672	54
1673	54
1674	54
1675	54
1676	54
1677	52
1678	52
1679	51
1680	49
1681	48
1682	48
1683	46
1684	45
1685	46
1686	45
1687	45
1688	45
1689	45
1690	47
1691	47
1692	49
1693	50
1694	50
1695	51
1696	50
1697	51
1698	51
1699	50
1700	52
1701	52
1702	52
1703	51
1704	50
1705	52
1706	50
1707	49
1708	49
1709	50
1710	50
1711	50
1712	48
1713	45
1714	45
1715	46
1716	46
1717	45
1718	45
1719	45
1720	45
1721	43
1722	43
1723	43
1724	43
1725	44
1726	44
1727	45
1728	44
1729	46
1730	46
1731	47
1732	48
1733	48
1734	48
1735	49
1736	48
1737	49
1738	50
1739	49
1740	51
1741	51
1742	50
1743	51
1744	51
1745	53
1746	54
1747	56
1748	56
1749	55
1750	55
1751	54
1752	55
1753	54
1754	55
1755	55
1756	55
1757	55
1758	54
1759	53
1760	53
1761	52
1762	50
1763	48
1764	48
1765	48
1766	46
1767	46
1768	45
1769	43
1770	46
1771	47
1772	48
1773	49
1774	48
1775	49
1776	47
1777	48
1778	47
1779	46
1780	46
1781	45
1782	46
1783	49
1784	50
1785	53
1786	55
1787	56
1788	56
1789	57
1790	57
1791	58
1792	58
1793	59
1794	59
1795	57
1796	58
1797	55
1798	57
1799	56
1800	54
1801	54
1802	55
1803	55
1804	55
1805	54
1806	53
1807	53
1808	53
1809	55
1810	52
1811	51
1812	50
1813	50
1814	51
1815	50
1816	49
1817	50
1818	48
1819	49
1820	49
1821	51
1822	51
1823	52
1824	53
1825	53
1826	53
1827	52
1828	51
1829	51
1830	50
1831	49
1832	49
1833	49
1834	49
1835	49
1836	49
1837	49
1838	49
1839	50
1840	51
1841	51
1842	51
1843	52
1844	53
1845	55
1846	55
1847	55
1848	55
1849	56
1850	57
1851	57
1852	56
1853	57
1854	56
1855	54
1856	54
1857	52
1858	53
1859	52
1860	51
1861	52
1862	52
1863	51
1864	51
1865	52
1866	52
1867	53
1868	53
1869	53
1870	53
1871	53
1872	54
1873	55
1874	56
1875	58
1876	61
1877	60
1878	61
1879	62
1880	62
1881	62
1882	62
1883	62
1884	62
1885	60
1886	60
1887	59
1888	58
1889	57
1890	56
1891	56
1892	57
1893	56
1894	57
1895	55
1896	54
1897	55
1898	55
1899	56
1900	57
1901	59
1902	59
1903	60
1904	61
1905	62
1906	62
1907	62
1908	60
1909	61
1910	60
1911	60
1912	58
1913	56
1914	55
1915	55
1916	55
1917	55
1918	54
1919	54
1920	54
1921	53
1922	53
1923	53
1924	53
1925	53
1926	53
1927	54
1928	54
1929	56
1930	57
1931	57
1932	56
1933	56
1934	57
1935	57
1936	55
1937	54
1938	51
1939	50
1940	50
1941	50
1942	49
1943	48
1944	48
1945	49
1946	50
1947	49
1948	51
1949	51
1950	50
1951	50
1952	49
1953	47
1954	48
1955	47
1956	45
1957	45
1958	43
1959	45
1960	44
1961	44
1962	43
1963	43
1964	43
1965	43
1966	42
1967	42
1968	41
1969	41
1970	41
1971	41
1972	40
1973	40
1974	40
1975	40
1976	41
1977	40
1978	38
1979	38
1980	37
1981	36
1982	35
1983	35
1984	36
1985	36
1986	37
1987	37
1988	38
1989	38
1990	38
1991	39
1992	40
1993	40
1994	39
1995	40
1996	40
1997	41
1998	41
1999	40
2000	40
2001	39
2002	39
2003	39
2004	39
2005	38
2006	38
2007	38
2008	38
2009	37
2010	37
2011	37
2012	37
2013	37
2014	37
2015	38
2016	39
2017	40
2018	40
2019	40
2020	41
2021	40
2022	40
2023	40
2024	40
2025	41
2026	41
2027	43
2028	44
2029	44
2030	43
2031	43
2032	43
2033	43
2034	44
2035	44
2036	45
2037	47
2038	49
2039	49
2040	50
2041	50
2042	50
2043	50
2044	50
2045	53
2046	51
2047	52
2048	53
2049	53
2050	54
2051	57
2052	56
2053	55
2054	56
2055	57
2056	58
2057	58
2058	59
2059	61
2060	65
2061	65
2062	65
2063	63
2064	63
2065	63
2066	64
2067	64
2068	66
2069	67
2070	68
2071	68
2072	68
2073	68
2074	69
2075	68
2076	69
2077	69
2078	68
2079	69
2080	69
2081	68
2082	69
2083	69
2084	68
2085	69
2086	69
2087	68
2088	68
2089	68
2090	68
2091	69
2092	71
2093	72
2094	72
2095	72
2096	71
2097	71
2098	69
2099	69
2100	68
2101	66
2102	67
2103	65
2104	65
2105	66
2106	66
2107	64
2108	63
2109	63
2110	62
2111	62
2112	62
2113	62
2114	61
2115	60
2116	60
2117	59
2118	59
2119	60
2120	60
2121	60
2122	59
2123	58
2124	57
2125	55
2126	53
2127	52
2128	51
2129	50
2130	51
2131	52
2132	52
2133	52
2134	51
2135	52
2136	52
2137	52
2138	54
2139	51
2140	52
2141	52
2142	53
2143	53
2144	53
2145	53
2146	53
2147	53
2148	53
2149	53
2150	51
2151	48
2152	46
2153	45
2154	44
2155	43
2156	44
2157	44
2158	45
2159	46
2160	45
2161	44
2162	44
2163	45
2164	45
2165	46
2166	45
2167	44
2168	45
2169	44
2170	43
2171	43
2172	43
2173	44
2174	44
2175	44
2176	45
2177	46
2178	46
2179	46
2180	46
2181	46
2182	46
2183	46
2184	46
2185	47
2186	47
2187	47
2188	47
2189	47
2190	47
2191	49
2192	49
2193	50
2194	50
2195	49
2196	50
2197	50
2198	49
2199	49
2200	47
2201	48
2202	48
2203	48
2204	50
2205	49
2206	49
2207	49
2208	48
2209	48
2210	46
2211	45
2212	47
2213	47
2214	45
2215	44
2216	43
2217	43
2218	42
2219	43
2220	44
2221	43
2222	43
2223	43
2224	44
2225	44
2226	45
2227	45
2228	44
2229	44
2230	45
2231	45
2232	45
2233	44
2234	44
2235	45
2236	44
2237	44
2238	45
2239	45
2240	45
2241	45
2242	45
2243	47
2244	46
2245	46
2246	47
2247	48
2248	48
2249	47
2250	47
2251	48
2252	47
2253	46
2254	46
2255	46
2256	46
2257	48
2258	50
2259	50
2260	49
2261	50
2262	51
2263	51
2264	52
2265	52
2266	52
2267	52
2268	52
2269	53
2270	53
2271	56
2272	58
2273	57
2274	58
2275	58
2276	57
2277	57
2278	57
2279	58
2280	59
2281	61
2282	62
2283	63
2284	62
2285	63
2286	61
2287	61
2288	63
2289	64
2290	63
2291	64
2292	64
2293	63
2294	65
2295	64
2296	63
2297	63
2298	63
2299	63
2300	62
2301	63
2302	62
2303	61
2304	61
2305	61
2306	60
2307	59
2308	58
2309	58
2310	58
2311	59
2312	58
2313	59
2314	56
2315	56
2316	57
2317	57
2318	54
2319	55
2320	55
2321	56
2322	57
2323	57
2324	57
2325	58
2326	55
2327	56
2328	56
2329	56
2330	56
2331	55
2332	55
2333	57
2334	59
2335	60
2336	60
2337	61
2338	63
2339	63
2340	62
2341	60
2342	60
2343	60
2344	58
2345	57
2346	57
2347	58
2348	57
2349	59
2350	58
2351	58
2352	57
2353	58
2354	56
2355	56
2356	57
2357	57
2358	59
2359	63
2360	65
2361	65
2362	65
2363	66
2364	66
2365	67
2366	69
2367	69
2368	68
2369	68
2370	67
2371	66
2372	65
2373	66
2374	66
2375	67
2376	67
2377	68
2378	68
2379	69
2380	71
2381	71
2382	70
2383	71
2384	70
2385	70
2386	70
2387	70
2388	71
2389	72
2390	72
2391	71
2392	69
2393	70
2394	70
2395	68
2396	68
2397	66
2398	67
2399	67
2400	66
2401	67
2402	66
2403	66
2404	65
2405	66
2406	65
2407	66
2408	66
2409	67
2410	65
2411	64
2412	63
2413	64
2414	64
2415	64
2416	62
2417	62
2418	62
2419	62
2420	62
2421	59
2422	59
2423	59
2424	60
2425	61
2426	60
2427	61
2428	60
2429	59
2430	59
2431	60
2432	63
2433	64
2434	65
2435	65
2436	64
2437	65
2438	65
2439	66
2440	67
2441	66
2442	66
2443	65
2444	65
2445	66
2446	65
2447	65
2448	65
2449	64
2450	65
2451	65
2452	65
2453	65
2454	66
2455	67
2456	66
2457	66
2458	66
2459	66
2460	64
2461	63
2462	63
2463	61
2464	61
2465	59
2466	59
2467	59
2468	60
2469	60
2470	60
2471	59
2472	59
2473	59
2474	60
2475	60
2476	62
2477	64
2478	64
2479	62
2480	61
2481	62
2482	60
2483	61
2484	59
2485	60
2486	60
2487	61
2488	59
2489	59
2490	59
2491	59
2492	61
2493	61
2494	63
2495	64
2496	62
2497	60
2498	60
2499	60
2500	61
2501	61
2502	60
2503	60
2504	60
2505	60
2506	60
2507	60
2508	61
2509	60
2510	57
2511	56
2512	57
2513	57
2514	55
2515	56
2516	56
2517	56
2518	56
2519	56
2520	57
2521	57
2522	58
2523	58
2524	59
2525	60
2526	60
2527	61
2528	61
2529	60
2530	61
2531	62
2532	62
2533	64
2534	64
2535	64
2536	64
2537	63
2538	64
2539	64
2540	65
2541	65
2542	66
2543	66
2544	66
2545	66
2546	65
2547	64
2548	64
2549	62
2550	62
2551	63
2552	62
2553	61
2554	60
2555	60
2556	60
2557	59
2558	59
2559	58
2560	58
2561	60
2562	60
2563	63
2564	63
2565	65
2566	65
2567	63
2568	64
2569	65
2570	65
2571	64
2572	64
2573	64
2574	65
2575	67
2576	65
2577	65
2578	65
2579	64
2580	65
2581	64
2582	64
2583	64
2584	62
2585	63
2586	64
2587	61
2588	60
2589	60
2590	60
2591	60
2592	59
2593	59
2594	60
2595	58
2596	58
2597	58
2598	60
2599	62
2600	63
2601	63
2602	62
2603	62
2604	63
2605	63
2606	63
2607	63
2608	63
2609	63
2610	61
2611	60
2612	62
2613	61
2614	61
2615	60
2616	62
2617	62
2618	63
2619	61
2620	61
2621	60
2622	61
2623	63
2624	62
2625	61
2626	62
2627	61
2628	62
2629	61
2630	58
2631	59
2632	60
2633	60
2634	60
2635	60
2636	58
2637	60
2638	61
2639	61
2640	62
2641	62
2642	62
2643	64
2644	62
2645	62
2646	59
2647	58
2648	56
2649	55
2650	55
2651	52
2652	54
2653	53
2654	55
2655	56
2656	55
2657	55
2658	55
2659	55
2660	55
2661	56
2662	56
2663	56
2664	56
2665	56
2666	55
2667	57
2668	57
2669	58
2670	57
2671	57
2672	56
2673	56
2674	56
2675	55
2676	55
2677	54
2678	55
2679	57
2680	56
2681	57
2682	60
2683	59
2684	59
2685	59
2686	58
2687	58
2688	58
2689	58
2690	58
2691	57
2692	57
2693	56
2694	56
2695	56
2696	56
2697	56
2698	55
2699	55
2700	57
2701	59
2702	59
2703	59
2704	61
2705	60
2706	60
2707	58
2708	58
2709	58
2710	60
2711	59
2712	57
2713	56
2714	55
2715	55
2716	54
2717	52
2718	52
2719	54
2720	52
2721	52
2722	53
2723	52
2724	53
2725	52
2726	52
2727	53
2728	56
2729	56
2730	56
2731	55
2732	56
2733	56
2734	54
2735	55
2736	56
2737	56
2738	56
2739	59
2740	59
2741	61
2742	60
2743	59
2744	61
2745	62
2746	63
2747	62
2748	62
2749	63
2750	61
2751	61
2752	59
2753	61
2754	60
2755	60
2756	60
2757	60
2758	61
2759	61
2760	61
2761	61
2762	61
2763	63
2764	64
2765	62
2766	61
2767	60
2768	60
2769	61
2770	60
2771	59
2772	59
2773	61
2774	62
2775	62
2776	62
2777	63
2778	62
2779	63
2780	62
2781	61
2782	61
2783	60
2784	59
2785	58
2786	59
2787	59
2788	57
2789	56
2790	55
2791	56
2792	56
2793	54
2794	55
2795	53
2796	54
2797	52
2798	51
2799	50
2800	49
2801	47
2802	47
2803	47
2804	46
2805	47
2806	47
2807	48
2808	48
2809	49
2810	47
2811	48
2812	46
2813	48
2814	49
2815	47
2816	49
2817	51
2818	51
2819	50
2820	51
2821	52
2822	51
2823	52
2824	52
2825	53
2826	53
2827	57
2828	56
2829	56
2830	57
2831	57
2832	58
2833	58
2834	57
2835	57
2836	57
2837	57
2838	57
2839	58
2840	58
2841	59
2842	58
2843	59
2844	57
2845	57
2846	57
2847	56
2848	56
2849	57
2850	58
2851	58
2852	59
2853	59
2854	60
2855	60
2856	60
2857	59
2858	60
2859	61
2860	62
2861	63
2862	64
2863	64
2864	62
2865	61
2866	60
2867	58
2868	58
2869	59
2870	59
2871	57
2872	57
2873	57
2874	58
2875	56
2876	55
2877	53
2878	54
2879	54
2880	56
2881	55
2882	55
2883	55
2884	53
2885	51
2886	53
2887	52
2888	52
2889	53
2890	53
2891	53
2892	53
2893	53
2894	51
2895	47
2896	45
2897	45
2898	45
2899	45
2900	45
2901	45
2902	43
2903	45
2904	45
2905	46
2906	46
2907	46
2908	49
2909	51
2910	51
2911	51
2912	51
2913	51
2914	52
2915	52
2916	51
2917	51
2918	52
2919	51
2920	50
2921	51
2922	50
2923	50
2924	49
2925	49
2926	51
2927	51
2928	51
2929	52
2930	53
2931	53
2932	54
2933	53
2934	54
2935	54
2936	55
2937	55
2938	54
2939	53
2940	53
2941	55
2942	56
2943	57
2944	56
2945	55
2946	56
2947	55
2948	56
2949	58
2950	59
2951	59
2952	59
2953	61
2954	60
2955	63
2956	65
2957	63
2958	61
2959	60
2960	60
2961	59
2962	59
2963	58
2964	59
2965	59
2966	59
2967	59
2968	60
2969	61
2970	63
2971	62
2972	62
2973	60
2974	63
2975	61
2976	62
2977	64
2978	65
2979	64
2980	65
2981	66
2982	67
2983	65
2984	66
2985	66
2986	66
2987	68
2988	68
2989	68
2990	68
2991	68
2992	68
2993	68
2994	70
2995	70
2996	72
2997	72
2998	73
2999	72
3000	72
3001	71
3002	72
3003	72
3004	71
3005	73
3006	71
3007	71
3008	71
3009	71
3010	66
3011	67
3012	67
3013	66
3014	66
3015	65
3016	66
3017	64
3018	64
3019	63
3020	62
3021	62
3022	62
3023	62
3024	63
3025	63
3026	62
3027	62
3028	63
3029	61
3030	61
3031	60
3032	61
3033	64
3034	64
3035	65
3036	64
3037	64
3038	64
3039	64
3040	63
3041	65
3042	64
3043	64
3044	63
3045	62
3046	61
3047	59
3048	58
3049	59
3050	60
3051	61
3052	62
3053	60
3054	61
3055	61
3056	60
3057	60
3058	59
3059	58
3060	58
3061	58
3062	58
3063	58
3064	58
3065	58
3066	58
3067	56
3068	56
3069	56
3070	54
3071	55
3072	54
3073	55
3074	55
3075	54
3076	52
3077	53
3078	52
3079	51
3080	51
3081	51
3082	52
3083	53
3084	55
3085	55
3086	55
3087	56
3088	57
3089	59
3090	60
3091	60
3092	60
3093	60
3094	60
3095	62
3096	64
3097	64
3098	63
3099	65
3100	63
3101	63
3102	64
3103	65
3104	67
3105	68
3106	66
3107	67
3108	66
3109	66
3110	67
3111	66
3112	66
3113	68
3114	67
3115	67
3116	68
3117	69
3118	69
3119	68
3120	67
3121	67
3122	67
3123	67
3124	66
3125	66
3126	65
3127	64
3128	62
3129	60
3130	60
3131	59
3132	59
3133	60
3134	60
3135	59
3136	59
3137	58
3138	58
3139	58
3140	58
3141	58
3142	60
3143	62
3144	65
3145	65
3146	65
3147	66
3148	71
3149	70
3150	69
3151	69
3152	68
3153	66
3154	67
3155	68
3156	68
3157	69
3158	70
3159	69
3160	70
3161	71
3162	71
3163	73
3164	75
3165	76
3166	77
3167	78
3168	78
3169	75
3170	77
3171	78
3172	77
3173	78
3174	78
3175	79
3176	78
3177	80
3178	80
3179	79
3180	80
3181	80
3182	80
3183	79
3184	77
3185	78
3186	77
3187	78
3188	76
3189	77
3190	76
3191	75
3192	77
3193	77
3194	78
3195	77
3196	76
3197	76
3198	77
3199	77
3200	78
3201	78
3202	78
3203	76
3204	76
3205	74
3206	74
3207	74
3208	77
3209	76
3210	78
3211	75
3212	77
3213	78
3214	78
3215	79
3216	79
3217	81
3218	80
3219	78
3220	78
3221	78
3222	78
3223	77
3224	77
3225	77
3226	77
3227	76
3228	77
3229	77
3230	77
3231	76
3232	76
3233	77
3234	77
3235	78
3236	78
3237	77
3238	76
3239	78
3240	76
3241	77
3242	78
3243	77
3244	77
3245	76
3246	75
3247	74
3248	75
3249	74
3250	73
3251	72
3252	73
3253	73
3254	72
3255	72
3256	70
3257	69
3258	69
3259	68
3260	66
3261	66
3262	66
3263	66
3264	67
3265	68
3266	68
3267	68
3268	67
3269	67
3270	67
3271	66
3272	66
3273	65
3274	67
3275	69
3276	68
3277	67
3278	67
3279	66
3280	67
3281	67
3282	67
3283	68
3284	69
3285	69
3286	70
3287	71
3288	73
3289	73
3290	75
3291	75
3292	77
3293	75
3294	75
3295	75
3296	75
3297	76
3298	75
3299	75
3300	75
3301	75
3302	75
3303	77
3304	77
3305	78
3306	79
3307	80
3308	80
3309	79
3310	79
3311	79
3312	81
3313	82
3314	83
3315	84
3316	84
3317	82
3318	82
3319	84
3320	85
3321	85
3322	82
3323	84
3324	85
3325	85
3326	85
3327	84
3328	83
3329	85
3330	83
3331	80
3332	80
3333	80
3334	80
3335	81
3336	80
3337	80
3338	78
3339	78
3340	79
3341	79
3342	79
3343	81
3344	79
3345	79
3346	80
3347	81
3348	81
3349	77
3350	78
3351	78
3352	79
3353	81
3354	81
3355	80
3356	81
3357	81
3358	81
3359	82
3360	81
3361	79
3362	78
3363	76
3364	75
3365	74
3366	74
3367	75
3368	75
3369	76
3370	75
3371	75
3372	75
3373	75
3374	74
3375	75
3376	75
3377	75
3378	76
3379	77
3380	75
3381	76
3382	77
3383	78
3384	79
3385	80
3386	80
3387	80
3388	78
3389	79
3390	79
3391	78
3392	78
3393	78
3394	79
3395	77
3396	74
3397	72
3398	74
3399	74
3400	75
3401	75
3402	74
3403	75
3404	76
3405	76
3406	78
3407	77
3408	76
3409	77
3410	77
3411	77
3412	75
3413	76
3414	73
3415	72
3416	71
3417	69
3418	68
3419	67
3420	67
3421	67
3422	67
3423	67
3424	67
3425	68
3426	68
3427	69
3428	68
3429	67
3430	67
3431	67
3432	67
3433	67
3434	66
3435	64
3436	65
3437	65
3438	65
3439	66
3440	66
3441	63
3442	64
3443	64
3444	63
3445	64
3446	62
3447	61
3448	61
3449	61
3450	61
3451	61
3452	61
3453	61
3454	62
3455	62
3456	61
3457	62
3458	61
3459	61
3460	61
3461	62
3462	64
3463	64
3464	63
3465	66
3466	66
3467	65
3468	64
3469	64
3470	60
3471	60
3472	60
3473	58
3474	59
3475	59
3476	58
3477	58
3478	59
3479	58
3480	59
3481	59
3482	60
3483	58
3484	57
3485	57
3486	57
3487	55
3488	55
3489	52
3490	53
3491	55
3492	56
3493	56
3494	55
3495	54
3496	55
3497	55
3498	55
3499	56
3500	58
3501	59
3502	58
3503	59
3504	61
3505	60
3506	60
3507	60
3508	61
3509	63
3510	62
3511	62
3512	62
3513	63
3514	62
3515	62
3516	61
3517	59
3518	57
3519	56
3520	55
3521	56
3522	54
3523	54
3524	52
3525	51
3526	51
3527	51
3528	51
3529	51
3530	51
3531	51
3532	48
3533	47
3534	46
3535	47
3536	48
3537	48
3538	48
3539	48
3540	48
3541	48
3542	48
3543	48
3544	48
3545	50
3546	50
3547	53
3548	54
3549	54
3550	53
3551	54
3552	55
3553	57
3554	58
3555	58
3556	59
3557	59
3558	59
3559	59
3560	59
3561	59
3562	57
3563	57
3564	56
3565	55
3566	56
3567	56
3568	55
3569	57
3570	58
3571	56
3572	55
3573	54
3574	55
3575	54
3576	54
3577	54
3578	52
3579	51
3580	51
3581	50
3582	51
3583	48
3584	48
3585	49
3586	48
3587	49
3588	50
3589	50
3590	50
3591	52
3592	52
3593	52
3594	54
3595	53
3596	56
3597	56
3598	57
3599	60
3600	60
3601	60
3602	60
3603	62
3604	63
3605	63
3606	62
3607	62
3608	62
3609	62
3610	66
3611	67
3612	68
3613	68
3614	68
3615	67
3616	67
3617	67
3618	67
3619	66
3620	65
3621	65
3622	63
3623	61
3624	62
3625	60
3626	60
3627	60
3628	59
3629	59
3630	59
3631	58
3632	58
3633	57
3634	57
3635	57
3636	57
3637	56
3638	55
3639	56
3640	56
3641	56
3642	57
3643	58
3644	59
3645	59
3646	58
3647	59
3648	61
3649	61
3650	62
3651	61
3652	61
3653	60
3654	59
3655	60
3656	59
3657	59
3658	59
3659	61
3660	61
3661	62
3662	63
3663	63
3664	64
3665	65
3666	64
3667	64
3668	65
3669	64
3670	64
3671	63
3672	64
3673	64
3674	64
3675	64
3676	64
3677	63
3678	61
3679	60
3680	60
3681	59
3682	59
3683	59
3684	58
3685	57
3686	57
3687	58
3688	58
3689	59
3690	58
3691	58
3692	58
3693	59
3694	59
3695	60
3696	60
3697	60
3698	59
3699	58
3700	59
3701	59
3702	60
3703	60
3704	59
3705	59
3706	59
3707	60
3708	60
3709	61
3710	60
3711	59
3712	60
3713	60
3714	60
3715	58
3716	58
3717	56
3718	55
3719	56
3720	58
3721	57
3722	59
3723	59
3724	60
3725	60
3726	59
3727	59
3728	59
3729	60
3730	60
3731	62
3732	62
3733	61
3734	64
3735	64
3736	62
3737	61
3738	61
3739	62
3740	62
3741	61
3742	61
3743	60
3744	59
3745	58
3746	57
3747	57
3748	57
3749	57
3750	57
3751	58
3752	57
3753	58
3754	58
3755	59
3756	58
3757	57
3758	57
3759	56
3760	59
3761	58
3762	59
3763	58
3764	58
3765	57
3766	58
3767	59
3768	59
3769	57
3770	56
3771	54
3772	55
3773	55
3774	56
3775	57
3776	58
3777	59
3778	60
3779	62
3780	62
3781	61
3782	62
3783	62
3784	62
3785	63
3786	63
3787	63
3788	64
3789	65
3790	65
3791	65
3792	64
3793	64
3794	64
3795	62
3796	64
3797	62
3798	61
3799	61
3800	61
3801	60
3802	59
3803	61
3804	60
3805	58
3806	57
3807	59
3808	59
3809	59
3810	59
3811	60
3812	61
3813	60
3814	60
3815	59
3816	59
3817	59
3818	59
3819	59
3820	64
3821	65
3822	66
3823	65
3824	65
3825	65
3826	66
3827	65
3828	64
3829	62
3830	63
3831	64
3832	64
3833	63
3834	63
3835	62
3836	59
3837	61
3838	61
3839	60
3840	60
3841	61
3842	61
3843	62
3844	61
3845	57
3846	56
3847	56
3848	56
3849	57
3850	56
3851	55
3852	56
3853	56
3854	56
3855	55
3856	52
3857	52
3858	52
3859	53
3860	53
3861	53
3862	54
3863	53
3864	53
3865	53
3866	53
3867	56
3868	56
3869	55
3870	53
3871	54
3872	54
3873	54
3874	55
3875	55
3876	54
3877	54
3878	55
3879	55
3880	53
3881	54
3882	54
3883	56
3884	57
3885	57
3886	56
3887	56
3888	58
3889	62
3890	60
3891	60
3892	60
3893	60
3894	60
3895	62
3896	62
3897	62
3898	62
3899	61
3900	61
3901	61
3902	62
3903	60
3904	60
3905	58
3906	60
3907	60
3908	60
3909	59
3910	57
3911	55
3912	57
3913	59
3914	60
3915	60
3916	60
3917	60
3918	59
3919	61
3920	62
3921	62
3922	63
3923	63
3924	62
3925	62
3926	63
3927	62
3928	63
3929	63
3930	63
3931	63
3932	63
3933	65
3934	66
3935	65
3936	65
3937	66
3938	67
3939	67
3940	67
3941	67
3942	69
3943	67
3944	67
3945	68
3946	67
3947	67
3948	68
3949	68
3950	69
3951	70
3952	70
3953	68
3954	69
3955	69
3956	69
3957	68
3958	68
3959	69
3960	70
3961	72
3962	73
3963	74
3964	75
3965	76
3966	77
3967	77
3968	78
3969	77
3970	78
3971	78
3972	78
3973	77
3974	77
3975	75
3976	72
3977	72
3978	71
3979	70
3980	70
3981	70
3982	68
3983	69
3984	69
3985	69
3986	71
3987	70
3988	71
3989	74
3990	76
3991	76
3992	79
3993	79
3994	80
3995	80
3996	82
3997	83
3998	84
3999	83
4000	81
4001	78
4002	80
4003	78
4004	78
4005	78
4006	77
4007	75
4008	74
4009	74
4010	73
4011	72
4012	75
4013	74
4014	75
4015	75
4016	74
4017	73
4018	73
4019	73
4020	74
4021	72
4022	75
4023	73
4024	73
4025	74
4026	73
4027	73
4028	72
4029	72
4030	71
4031	70
4032	69
4033	68
4034	66
4035	65
4036	63
4037	64
4038	65
4039	65
4040	66
4041	67
4042	66
4043	67
4044	68
4045	68
4046	69
4047	69
4048	70
4049	71
4050	73
4051	74
4052	73
4053	74
4054	73
4055	72
4056	72
4057	71
4058	70
4059	69
4060	66
4061	65
4062	64
4063	63
4064	63
4065	64
4066	65
4067	64
4068	64
4069	65
4070	65
4071	64
4072	64
4073	65
4074	65
4075	65
4076	63
4077	61
4078	63
4079	62
4080	63
4081	62
4082	61
4083	61
4084	60
4085	59
4086	59
4087	59
4088	59
4089	61
4090	63
4091	63
4092	62
4093	64
4094	61
4095	61
4096	59
4097	59
4098	58
4099	59
4100	59
4101	59
4102	59
4103	59
4104	59
4105	61
4106	62
4107	62
4108	61
4109	60
4110	58
4111	58
4112	59
4113	58
4114	55
4115	55
4116	54
4117	53
4118	52
4119	53
4120	53
4121	52
4122	52
4123	52
4124	52
4125	52
4126	52
4127	53
4128	55
4129	57
4130	57
4131	57
4132	58
4133	57
4134	56
4135	56
4136	57
4137	56
4138	56
4139	56
4140	55
4141	56
4142	54
4143	53
4144	54
4145	53
4146	53
4147	53
4148	51
4149	50
4150	49
4151	48
4152	46
4153	47
4154	47
4155	47
4156	46
4157	46
4158	48
4159	49
4160	49
4161	47
4162	48
4163	48
4164	48
4165	48
4166	48
4167	47
4168	46
4169	47
4170	47
4171	46
4172	47
4173	48
4174	48
4175	47
4176	45
4177	45
4178	46
4179	47
4180	48
4181	46
4182	45
4183	45
4184	45
4185	45
4186	46
4187	47
4188	47
4189	48
4190	48
4191	49
4192	49
4193	49
4194	48
4195	48
4196	49
4197	51
4198	50
4199	50
4200	49
4201	48
4202	48
4203	48
4204	47
4205	48
4206	47
4207	49
4208	50
4209	51
4210	48
4211	48
4212	47
4213	47
4214	47
4215	48
4216	48
4217	47
4218	47
4219	48
4220	49
4221	48
4222	49
4223	49
4224	48
4225	47
4226	46
4227	45
4228	44
4229	45
4230	44
4231	43
4232	42
4233	42
4234	41
4235	41
4236	39
4237	40
4238	40
4239	39
4240	39
4241	39
4242	40
4243	41
4244	42
4245	44
4246	44
4247	43
4248	45
4249	46
4250	46
4251	45
4252	45
4253	44
4254	43
4255	45
4256	45
4257	46
4258	46
4259	46
4260	46
4261	46
4262	45
4263	44
4264	44
4265	45
4266	46
4267	47
4268	48
4269	47
4270	50
4271	51
4272	51
4273	52
4274	52
4275	54
4276	54
4277	54
4278	54
4279	54
4280	54
4281	52
4282	51
4283	51
4284	50
4285	52
4286	54
4287	55
4288	55
4289	56
4290	53
4291	55
4292	55
4293	54
4294	54
4295	54
4296	55
4297	54
4298	55
4299	57
4300	58
4301	59
4302	58
4303	57
4304	58
4305	57
4306	57
4307	55
4308	54
4309	53
4310	53
4311	55
4312	55
4313	56
4314	56
4315	55
4316	56
4317	56
4318	57
4319	57
4320	57
4321	56
4322	58
4323	58
4324	58
4325	58
4326	57
4327	57
4328	58
4329	57
4330	56
4331	54
4332	55
4333	54
4334	55
4335	56
4336	54
4337	53
4338	55
4339	56
4340	58
4341	58
4342	57
4343	57
4344	57
4345	59
4346	59
4347	62
4348	61
4349	62
4350	62
4351	61
4352	61
4353	62
4354	61
4355	62
4356	63
4357	64
4358	64
4359	66
4360	66
4361	66
4362	65
4363	64
4364	66
4365	64
4366	64
4367	63
4368	62
4369	61
4370	61
4371	61
4372	61
4373	62
4374	64
4375	65
4376	66
4377	67
4378	68
4379	67
4380	65
4381	65
4382	66
4383	66
4384	64
4385	65
4386	65
4387	62
4388	61
4389	61
4390	61
4391	59
4392	59
4393	59
4394	59
4395	59
4396	59
4397	58
4398	58
4399	59
4400	59
4401	61
4402	61
4403	61
4404	61
4405	61
4406	62
4407	62
4408	62
4409	63
4410	63
4411	64
4412	62
4413	63
4414	63
4415	63
4416	64
4417	65
4418	66
4419	65
4420	66
4421	64
4422	65
4423	65
4424	65
4425	65
4426	64
4427	64
4428	63
4429	63
4430	64
4431	64
4432	64
4433	64
4434	63
4435	62
4436	64
4437	64
4438	63
4439	63
4440	63
4441	64
4442	64
4443	66
4444	66
4445	64
4446	64
4447	64
4448	63
4449	64
4450	62
4451	61
4452	62
4453	62
4454	62
4455	62
4456	63
4457	63
4458	62
4459	62
4460	61
4461	61
4462	61
4463	60
4464	62
4465	62
4466	61
4467	61
4468	60
4469	60
4470	58
4471	58
4472	58
4473	58
4474	58
4475	59
4476	59
4477	56
4478	56
4479	56
4480	56
4481	56
4482	55
4483	55
4484	55
4485	55
4486	56
4487	56
4488	55
4489	56
4490	57
4491	57
4492	57
4493	56
4494	56
4495	55
4496	56
4497	55
4498	54
4499	55
4500	55
4501	55
4502	56
4503	56
4504	53
4505	54
4506	54
4507	55
4508	54
4509	55
4510	54
4511	53
4512	52
4513	51
4514	51
4515	51
4516	50
4517	49
4518	51
4519	51
4520	51
4521	51
4522	51
4523	51
4524	52
4525	52
4526	53
4527	52
4528	53
4529	53
4530	55
4531	53
4532	54
4533	55
4534	54
4535	53
4536	53
4537	54
4538	56
4539	56
4540	56
4541	55
4542	53
4543	55
4544	55
4545	55
4546	57
4547	55
4548	55
4549	54
4550	55
4551	53
4552	53
4553	54
4554	54
4555	54
4556	53
4557	53
4558	53
4559	51
4560	51
4561	53
4562	54
4563	55
4564	52
4565	52
4566	53
4567	53
4568	52
4569	52
4570	54
4571	55
4572	54
4573	54
4574	53
4575	52
4576	52
4577	50
4578	50
4579	49
4580	49
4581	50
4582	49
4583	49
4584	47
4585	47
4586	48
4587	49
4588	47
4589	45
4590	45
4591	44
4592	43
4593	42
4594	41
4595	41
4596	40
4597	40
4598	40
4599	40
4600	40
4601	41
4602	42
4603	44
4604	44
4605	46
4606	47
4607	47
4608	48
4609	47
4610	48
4611	47
4612	47
4613	47
4614	47
4615	48
4616	50
4617	48
4618	46
4619	45
4620	46
4621	45
4622	45
4623	46
4624	46
4625	46
4626	46
4627	45
4628	44
4629	45
4630	45
4631	45
4632	47
4633	48
4634	49
4635	49
4636	48
4637	48
4638	49
4639	49
4640	50
4641	51
4642	51
4643	50
4644	50
4645	49
4646	49
4647	50
4648	50
4649	49
4650	47
4651	45
4652	46
4653	44
4654	46
4655	46
4656	46
4657	46
4658	45
4659	43
4660	44
4661	44
4662	45
4663	44
4664	45
4665	43
4666	40
4667	41
4668	40
4669	39
4670	39
4671	41
4672	41
4673	41
4674	41
4675	41
4676	41
4677	40
4678	39
4679	39
4680	39
4681	37
4682	35
4683	35
4684	33
4685	33
4686	33
4687	32
4688	31
4689	31
4690	32
4691	31
4692	31
4693	31
4694	31
4695	31
4696	31
4697	29
4698	28
4699	28
4700	28
4701	27
4702	26
4703	25
4704	26
4705	26
4706	25
4707	26
4708	27
4709	26
4710	25
4711	25
4712	25
4713	26
4714	26
4715	26
4716	25
4717	25
4718	24
4719	24
4720	22
4721	23
4722	23
4723	23
4724	24
4725	23
4726	20
4727	19
4728	19
4729	20
4730	21
4731	21
4732	21
4733	21
4734	21
4735	19
4736	19
4737	20
4738	20
4739	19
4740	19
4741	20
4742	22
4743	22
4744	20
4745	19
4746	19
4747	19
4748	20
4749	20
4750	20
4751	19
4752	19
4753	20
4754	20
4755	20
4756	20
4757	21
4758	20
4759	20
4760	19
4761	21
4762	22
4763	23
4764	24
4765	24
4766	24
4767	25
4768	25
4769	25
4770	25
4771	23
4772	25
4773	25
4774	25
4775	24
4776	24
4777	25
4778	24
4779	23
4780	23
4781	25
4782	25
4783	25
4784	25
4785	25
4786	25
4787	24
4788	24
4789	23
4790	23
4791	23
4792	23
4793	23
4794	22
4795	23
4796	23
4797	23
4798	22
4799	22
4800	22
4801	22
4802	23
4803	24
4804	26
4805	27
4806	29
4807	30
4808	29
4809	29
4810	29
4811	28
4812	27
4813	26
4814	26
4815	25
4816	26
4817	26
4818	25
4819	26
4820	27
4821	28
4822	28
4823	28
4824	28
4825	28
4826	28
4827	28
4828	28
4829	26
4830	27
4831	27
4832	27
4833	27
4834	25
4835	25
4836	26
4837	27
4838	26
4839	26
4840	26
4841	27
4842	26
4843	25
4844	25
4845	25
4846	24
4847	23
4848	23
4849	25
4850	27
4851	26
4852	27
4853	27
4854	27
4855	27
4856	27
4857	27
4858	28
4859	27
4860	25
4861	25
4862	25
4863	25
4864	27
4865	27
4866	27
4867	27
4868	28
4869	29
4870	29
4871	29
4872	30
4873	29
4874	29
4875	30
4876	32
4877	32
4878	32
4879	31
4880	30
4881	30
4882	31
4883	30
4884	31
4885	33
4886	33
4887	33
4888	33
4889	33
4890	33
4891	35
4892	36
4893	37
4894	38
4895	39
4896	39
4897	39
4898	39
4899	40
4900	41
4901	41
4902	41
4903	42
4904	42
4905	42
4906	41
4907	41
4908	41
4909	42
4910	42
4911	42
4912	42
4913	42
4914	41
4915	41
4916	41
4917	42
4918	42
4919	42
4920	42
4921	43
4922	43
4923	43
4924	42
4925	43
4926	42
4927	42
4928	43
4929	45
4930	45
4931	45
4932	44
4933	44
4934	46
4935	45
4936	45
4937	46
4938	47
4939	47
4940	50
4941	51
4942	51
4943	50
4944	47
4945	47
4946	48
4947	46
4948	46
4949	45
4950	46
4951	46
4952	47
4953	47
4954	47
4955	48
4956	49
4957	49
4958	49
4959	49
4960	50
4961	49
4962	49
4963	48
4964	48
4965	48
4966	49
4967	50
4968	51
4969	51
4970	51
4971	51
4972	51
4973	52
4974	51
4975	51
4976	52
4977	52
4978	53
4979	52
4980	51
4981	50
4982	50
4983	50
4984	50
4985	50
4986	49
4987	49
4988	49
4989	49
4990	49
4991	50
4992	51
4993	51
4994	53
4995	54
4996	54
4997	54
4998	55
4999	55
5000	55
5001	55
5002	56
5003	58
5004	58
5005	60
5006	58
5007	58
5008	59
5009	60
5010	61
5011	61
5012	61
5013	59
5014	58
5015	57
5016	57
5017	58
5018	57
5019	58
5020	57
5021	58
5022	59
5023	60
5024	61
5025	62
5026	61
5027	63
5028	63
5029	64
5030	63
5031	64
5032	62
5033	63
5034	64
5035	62
5036	61
5037	60
5038	61
5039	60
5040	59
5041	57
5042	58
5043	59
5044	58
5045	58
5046	59
5047	60
5048	58
5049	56
5050	56
5051	56
5052	56
5053	58
5054	59
5055	60
5056	61
5057	62
5058	62
5059	63
5060	62
5061	64
5062	64
5063	64
5064	62
5065	63
5066	63
5067	63
5068	62
5069	60
5070	60
5071	60
5072	61
5073	61
5074	60
5075	60
5076	59
5077	60
5078	61
5079	60
5080	60
5081	62
5082	63
5083	64
5084	65
5085	65
5086	63
5087	63
5088	63
5089	63
5090	62
5091	62
5092	61
5093	61
5094	60
5095	60
5096	60
5097	57
5098	58
5099	58
5100	57
5101	56
5102	54
5103	54
5104	53
5105	52
5106	51
5107	52
5108	52
5109	52
5110	52
5111	53
5112	55
5113	54
5114	54
5115	56
5116	55
5117	54
5118	51
5119	51
5120	52
5121	52
5122	53
5123	51
5124	50
5125	50
5126	48
5127	50
5128	50
5129	48
5130	46
5131	46
5132	47
5133	46
5134	47
5135	47
5136	48
5137	50
5138	51
5139	52
5140	55
5141	56
5142	55
5143	55
5144	55
5145	54
5146	54
5147	54
5148	54
5149	53
5150	52
5151	52
5152	52
5153	54
5154	54
5155	54
5156	54
5157	54
5158	55
5159	54
5160	52
5161	52
5162	51
5163	50
5164	48
5165	47
5166	47
5167	48
5168	49
5169	50
5170	50
5171	51
5172	52
5173	52
5174	52
5175	52
5176	52
5177	53
5178	52
5179	51
5180	50
5181	50
5182	49
5183	48
5184	47
5185	47
5186	47
5187	46
5188	45
5189	45
5190	46
5191	46
5192	46
5193	46
5194	46
5195	46
5196	46
5197	47
5198	46
5199	47
5200	47
5201	48
5202	47
5203	47
5204	46
5205	47
5206	46
5207	47
5208	47
5209	46
5210	43
5211	41
5212	42
5213	43
5214	43
5215	44
5216	44
5217	43
5218	42
5219	41
5220	41
5221	42
5222	39
5223	40
5224	41
5225	40
5226	41
5227	40
5228	40
5229	40
5230	41
5231	43
5232	42
5233	42
5234	43
5235	43
5236	41
5237	40
5238	38
5239	39
5240	38
5241	37
5242	38
5243	40
5244	41
5245	43
5246	45
5247	45
5248	45
5249	44
5250	45
5251	45
5252	45
5253	46
5254	46
5255	44
5256	44
5257	44
5258	44
5259	45
5260	45
5261	47
5262	46
5263	47
5264	46
5265	45
5266	46
5267	46
5268	46
5269	46
5270	45
5271	47
5272	48
5273	47
5274	48
5275	49
5276	50
5277	49
5278	50
5279	49
5280	49
5281	48
5282	47
5283	47
5284	47
5285	47
5286	47
5287	48
5288	47
5289	47
5290	47
5291	46
5292	47
5293	47
5294	46
5295	48
5296	49
5297	50
5298	49
5299	51
5300	50
5301	49
5302	52
5303	51
5304	51
5305	52
5306	51
5307	50
5308	51
5309	50
5310	50
5311	47
5312	46
5313	45
5314	44
5315	44
5316	45
5317	45
5318	45
5319	44
5320	45
5321	45
5322	45
5323	44
5324	44
5325	45
5326	43
5327	43
5328	44
5329	42
5330	42
5331	41
5332	41
5333	41
5334	44
5335	43
5336	44
5337	43
5338	44
5339	44
5340	44
5341	45
5342	44
5343	45
5344	44
5345	43
5346	44
5347	45
5348	45
5349	44
5350	43
5351	43
5352	44
5353	44
5354	44
5355	43
5356	41
5357	41
5358	40
5359	39
5360	40
5361	40
5362	41
5363	42
5364	42
5365	43
5366	42
5367	40
5368	40
5369	39
5370	39
5371	41
5372	39
5373	39
5374	37
5375	37
5376	37
5377	37
5378	36
5379	34
5380	32
5381	32
5382	32
5383	34
5384	33
5385	33
5386	33
5387	33
5388	34
5389	34
5390	35
5391	34
5392	35
5393	35
5394	35
5395	36
5396	35
5397	36
5398	35
5399	35
5400	35
5401	34
5402	34
5403	34
5404	34
5405	35
5406	35
5407	35
5408	35
5409	35
5410	36
5411	37
5412	36
5413	36
5414	35
5415	35
5416	36
5417	35
5418	35
5419	35
5420	36
5421	36
5422	36
5423	38
5424	38
5425	38
5426	40
5427	40
5428	40
5429	39
5430	38
5431	40
5432	40
5433	41
5434	41
5435	41
5436	41
5437	42
5438	42
5439	43
5440	43
5441	42
5442	42
5443	41
5444	41
5445	40
5446	38
5447	38
5448	39
5449	38
5450	38
5451	38
5452	38
5453	37
5454	37
5455	36
5456	37
5457	37
5458	37
5459	35
5460	36
5461	36
5462	35
5463	38
5464	37
5465	38
5466	38
5467	38
5468	38
5469	39
5470	39
5471	37
5472	37
5473	38
5474	37
5475	40
5476	42
5477	42
5478	42
5479	42
5480	42
5481	42
5482	42
5483	42
5484	40
5485	39
5486	38
5487	37
5488	37
5489	36
5490	37
5491	37
5492	37
5493	38
5494	38
5495	38
5496	38
5497	38
5498	37
5499	36
5500	36
5501	37
5502	38
5503	38
5504	38
5505	38
5506	39
5507	38
5508	38
5509	38
5510	36
5511	35
5512	35
5513	36
5514	35
5515	35
5516	34
5517	34
5518	33
5519	33
5520	31
5521	31
5522	30
5523	30
5524	30
5525	29
5526	30
5527	32
5528	32
5529	32
5530	31
5531	31
5532	31
5533	32
5534	32
5535	32
5536	32
5537	32
5538	32
5539	32
5540	31
5541	31
5542	29
5543	29
5544	28
5545	28
5546	29
5547	29
5548	27
5549	27
5550	26
5551	26
5552	24
5553	23
5554	23
5555	24
5556	26
5557	25
5558	25
5559	25
5560	26
5561	27
5562	28
5563	28
5564	29
5565	29
5566	29
5567	29
5568	27
5569	28
5570	27
5571	27
5572	27
5573	27
5574	26
5575	26
5576	26
5577	27
5578	27
5579	27
5580	28
5581	29
5582	29
5583	31
5584	31
5585	32
5586	32
5587	31
5588	30
5589	30
5590	31
5591	31
5592	31
5593	33
5594	33
5595	33
5596	33
5597	33
5598	33
5599	34
5600	34
5601	35
5602	35
5603	35
5604	35
5605	35
5606	35
5607	34
5608	35
5609	35
5610	35
5611	37
5612	37
5613	38
5614	39
5615	40
5616	40
5617	41
5618	42
5619	43
5620	43
5621	43
5622	42
5623	42
5624	40
5625	39
5626	40
5627	40
5628	40
5629	40
5630	39
5631	41
5632	42
5633	41
5634	40
5635	40
5636	42
5637	42
5638	43
5639	44
5640	44
5641	45
5642	43
5643	42
5644	40
5645	41
5646	41
5647	40
5648	40
5649	42
5650	41
5651	41
5652	41
5653	42
5654	42
5655	42
5656	42
5657	44
5658	44
5659	44
5660	45
5661	46
5662	46
5663	46
5664	43
5665	43
5666	42
5667	42
5668	43
5669	42
5670	41
5671	41
5672	41
5673	42
5674	43
5675	43
5676	44
5677	44
5678	44
5679	43
5680	42
5681	43
5682	43
5683	42
5684	42
5685	44
5686	44
5687	45
5688	45
5689	45
5690	46
5691	44
5692	44
5693	45
5694	45
5695	45
5696	45
5697	46
5698	46
5699	45
5700	47
5701	48
5702	48
5703	49
5704	47
5705	48
5706	47
5707	47
5708	47
5709	47
5710	46
5711	47
5712	49
5713	50
5714	49
5715	48
5716	47
5717	48
5718	48
5719	47
5720	48
5721	50
5722	51
5723	52
5724	52
5725	53
5726	52
5727	53
5728	54
5729	55
5730	55
5731	57
5732	58
5733	58
5734	57
5735	56
5736	56
5737	55
5738	55
5739	54
5740	53
5741	53
5742	52
5743	53
5744	53
5745	54
5746	54
5747	54
5748	55
5749	53
5750	54
5751	53
5752	54
5753	54
5754	53
5755	51
5756	52
5757	53
5758	54
5759	53
5760	53
5761	54
5762	53
5763	53
5764	54
5765	54
5766	53
5767	54
5768	52
5769	51
5770	51
5771	51
5772	49
5773	49
5774	49
5775	48
5776	47
5777	46
5778	46
5779	45
5780	46
5781	45
5782	44
5783	44
5784	44
5785	44
5786	44
5787	45
5788	44
5789	44
5790	43
5791	43
5792	43
5793	41
5794	40
5795	38
5796	37
5797	36
5798	34
5799	34
5800	35
5801	34
5802	32
5803	30
5804	27
5805	27
5806	27
5807	27
5808	26
5809	27
5810	27
5811	27
5812	27
5813	27
5814	27
5815	27
5816	26
5817	26
5818	27
5819	27
5820	26
5821	26
5822	25
5823	26
5824	24
5825	24
5826	23
5827	23
5828	23
5829	24
5830	24
5831	24
5832	23
5833	24
5834	24
5835	24
5836	24
5837	24
5838	24
5839	25
5840	25
5841	24
5842	25
5843	25
5844	24
5845	24
5846	25
5847	26
5848	25
5849	25
5850	25
5851	26
5852	26
5853	26
5854	25
5855	24
5856	24
5857	23
5858	23
5859	23
5860	24
5861	24
5862	25
5863	27
5864	27
5865	27
5866	27
5867	26
5868	27
5869	27
5870	27
5871	27
5872	26
5873	26
5874	27
5875	27
5876	27
5877	28
5878	27
5879	27
5880	26
5881	26
5882	26
5883	27
5884	27
5885	27
5886	27
5887	27
5888	27
5889	26
5890	26
5891	25
5892	25
5893	23
5894	24
5895	25
5896	25
5897	24
5898	25
5899	25
5900	25
5901	25
5902	25
5903	25
5904	25
5905	25
5906	24
5907	26
5908	25
5909	26
5910	25
5911	25
5912	26
5913	27
5914	28
5915	28
5916	28
5917	28
5918	29
5919	31
5920	31
5921	31
5922	30
5923	31
5924	31
5925	30
5926	30
5927	29
5928	29
5929	28
5930	28
5931	29
5932	28
5933	28
5934	27
5935	28
5936	27
5937	27
5938	26
5939	26
5940	26
5941	26
5942	26
5943	26
5944	25
5945	25
5946	25
5947	23
5948	23
5949	23
5950	21
5951	21
5952	20
5953	20
5954	20
5955	20
5956	21
5957	21
5958	19
5959	19
5960	20
5961	18
5962	18
5963	18
5964	18
5965	17
5966	17
5967	17
5968	16
5969	17
5970	17
5971	17
5972	17
5973	18
5974	18
5975	18
5976	19
5977	19
5978	19
5979	18
5980	17
5981	17
5982	17
5983	16
5984	16
5985	17
5986	17
5987	18
5988	18
5989	18
5990	18
5991	19
5992	20
5993	20
5994	22
5995	21
5996	21
5997	22
5998	22
5999	23
6000	24
6001	24
6002	24
6003	24
6004	25
6005	25
6006	26
6007	26
6008	27
6009	26
6010	27
6011	27
6012	24
6013	23
6014	24
6015	25
6016	24
6017	24
6018	23
6019	23
6020	22
6021	23
6022	24
6023	23
6024	23
6025	24
6026	23
6027	23
6028	23
6029	23
6030	22
6031	24
6032	24
6033	24
6034	27
6035	27
6036	27
6037	30
6038	30
6039	30
6040	30
6041	30
6042	31
6043	31
6044	32
6045	32
6046	31
6047	32
6048	32
6049	31
6050	30
6051	31
6052	31
6053	31
6054	31
6055	33
6056	33
6057	33
6058	33
6059	31
6060	31
6061	33
6062	33
6063	33
6064	33
6065	33
6066	33
6067	34
6068	34
6069	33
6070	33
6071	33
6072	34
6073	34
6074	34
6075	34
6076	33
6077	32
6078	31
6079	31
6080	30
6081	30
6082	30
6083	30
6084	29
6085	30
6086	28
6087	28
6088	29
6089	30
6090	29
6091	30
6092	29
6093	29
6094	31
6095	31
6096	32
6097	31
6098	31
6099	30
6100	30
6101	30
6102	30
6103	30
6104	29
6105	28
6106	29
6107	28
6108	28
6109	27
6110	25
6111	24
6112	24
6113	25
6114	25
6115	24
6116	23
6117	23
6118	23
6119	24
6120	23
6121	23
6122	24
6123	23
6124	25
6125	26
6126	27
6127	27
6128	27
6129	27
6130	27
6131	29
6132	29
6133	29
6134	28
6135	28
6136	28
6137	28
6138	30
6139	30
6140	31
6141	32
6142	32
6143	31
6144	30
6145	29
6146	28
6147	28
6148	27
6149	26
6150	26
6151	26
6152	26
6153	26
6154	27
6155	27
6156	26
6157	26
6158	25
6159	25
6160	25
6161	24
6162	24
6163	24
6164	25
6165	25
6166	23
6167	22
6168	23
6169	24
6170	25
6171	25
6172	25
6173	25
6174	25
6175	25
6176	25
6177	25
6178	25
6179	25
6180	25
6181	25
6182	24
6183	24
6184	25
6185	26
6186	28
6187	27
6188	27
6189	27
6190	27
6191	27
6192	27
6193	27
6194	29
6195	28
6196	27
6197	27
6198	27
6199	28
6200	28
6201	28
6202	29
6203	29
6204	30
6205	30
6206	30
6207	30
6208	31
6209	30
6210	32
6211	33
6212	33
6213	32
6214	31
6215	31
6216	31
6217	32
6218	32
6219	32
6220	31
6221	31
6222	31
6223	29
6224	28
6225	28
6226	27
6227	26
6228	26
6229	27
6230	26
6231	24
6232	25
6233	25
6234	25
6235	25
6236	26
6237	26
6238	27
6239	27
6240	28
6241	28
6242	28
6243	29
6244	29
6245	30
6246	29
6247	29
6248	29
6249	30
6250	30
6251	31
6252	30
6253	31
6254	30
6255	30
6256	30
6257	30
6258	29
6259	30
6260	30
6261	29
6262	29
6263	27
6264	28
6265	28
6266	28
6267	28
6268	27
6269	26
6270	25
6271	25
6272	25
6273	26
6274	25
6275	25
6276	25
6277	24
6278	22
6279	22
6280	22
6281	21
6282	21
6283	20
6284	19
6285	19
6286	20
6287	20
6288	20
6289	20
6290	19
6291	19
6292	19
6293	19
6294	19
6295	19
6296	19
6297	19
6298	20
6299	20
6300	20
6301	20
6302	20
6303	20
6304	19
6305	19
6306	19
6307	19
6308	16
6309	16
6310	16
6311	17
6312	17
6313	17
6314	17
6315	16
6316	15
6317	14
6318	13
6319	13
6320	14
6321	14
6322	14
6323	15
6324	16
6325	16
6326	15
6327	15
6328	16
6329	16
6330	16
6331	16
6332	16
6333	16
6334	16
6335	15
6336	14
6337	13
6338	13
6339	13
6340	13
6341	13
6342	14
6343	14
6344	14
6345	13
6346	13
6347	14
6348	15
6349	15
6350	16
6351	17
6352	18
6353	18
6354	19
6355	20
6356	20
6357	20
6358	20
6359	20
6360	21
6361	21
6362	21
6363	20
6364	20
6365	19
6366	19
6367	19
6368	19
6369	19
6370	19
6371	19
6372	19
6373	19
6374	19
6375	20
6376	20
6377	20
6378	21
6379	21
6380	21
6381	21
6382	21
6383	21
6384	22
6385	23
6386	23
6387	24
6388	23
6389	23
6390	22
6391	22
6392	22
6393	21
6394	22
6395	23
6396	24
6397	25
6398	25
6399	26
6400	27
6401	27
6402	26
6403	27
6404	27
6405	27
6406	26
6407	27
6408	29
6409	30
6410	30
6411	32
6412	32
6413	31
6414	31
6415	30
6416	30
6417	30
6418	29
6419	29
6420	28
6421	27
6422	26
6423	25
6424	25
6425	25
6426	24
6427	24
6428	23
6429	23
6430	24
6431	24
6432	24
6433	25
6434	25
6435	25
6436	27
6437	27
6438	28
6439	28
6440	27
6441	28
6442	28
6443	28
6444	28
6445	27
6446	27
6447	26
6448	26
6449	27
6450	28
6451	27
6452	27
6453	28
6454	27
6455	26
6456	28
6457	29
6458	29
6459	29
6460	30
6461	30
6462	30
6463	29
6464	28
6465	28
6466	27
6467	27
6468	26
6469	27
6470	26
6471	26
6472	26
6473	25
6474	25
6475	26
6476	24
6477	25
6478	26
6479	27
6480	26
6481	27
6482	26
6483	26
6484	27
6485	28
6486	28
6487	27
6488	26
6489	27
6490	28
6491	29
6492	30
6493	31
6494	33
6495	33
6496	34
6497	34
6498	35
6499	36
6500	36
6501	36
6502	36
6503	36
6504	34
6505	34
6506	35
6507	36
6508	38
6509	39
6510	39
6511	40
6512	40
6513	39
6514	41
6515	41
6516	42
6517	42
6518	42
6519	41
6520	42
6521	42
6522	43
6523	43
6524	43
6525	43
6526	42
6527	43
6528	45
6529	45
6530	46
6531	49
6532	49
6533	51
6534	50
6535	50
6536	51
6537	50
6538	50
6539	50
6540	50
6541	51
6542	51
6543	50
6544	50
6545	48
6546	50
6547	50
6548	46
6549	46
6550	46
6551	46
6552	45
6553	45
6554	46
6555	46
6556	46
6557	46
6558	45
6559	45
6560	42
6561	40
6562	40
6563	40
6564	40
6565	40
6566	38
6567	37
6568	37
6569	35
6570	34
6571	33
6572	32
6573	32
6574	33
6575	32
6576	32
6577	31
6578	31
6579	32
6580	32
6581	34
6582	35
6583	35
6584	35
6585	35
6586	35
6587	33
6588	33
6589	32
6590	31
6591	32
6592	32
6593	31
6594	31
6595	31
6596	30
6597	28
6598	28
6599	27
6600	25
6601	25
6602	26
6603	26
6604	26
6605	27
6606	27
6607	28
6608	29
6609	30
6610	30
6611	30
6612	29
6613	29
6614	29
6615	30
6616	31
6617	31
6618	30
6619	30
6620	31
6621	30
6622	29
6623	31
6624	31
6625	31
6626	31
6627	31
6628	31
6629	31
6630	31
6631	32
6632	33
6633	33
6634	33
6635	33
6636	34
6637	34
6638	33
6639	34
6640	35
6641	35
6642	36
6643	36
6644	35
6645	35
6646	35
6647	35
6648	35
6649	35
6650	35
6651	35
6652	35
6653	35
6654	34
6655	33
6656	33
6657	32
6658	32
6659	32
6660	32
6661	32
6662	31
6663	31
6664	31
6665	31
6666	31
6667	31
6668	31
6669	31
6670	29
6671	30
6672	31
6673	32
6674	32
6675	33
6676	33
6677	33
6678	34
6679	34
6680	34
6681	36
6682	36
6683	36
6684	35
6685	36
6686	36
6687	37
6688	38
6689	38
6690	39
6691	39
6692	40
6693	41
6694	41
6695	42
6696	44
6697	44
6698	43
6699	44
6700	43
6701	43
6702	42
6703	42
6704	43
6705	44
6706	44
6707	44
6708	43
6709	42
6710	41
6711	41
6712	41
6713	41
6714	42
6715	42
6716	43
6717	43
6718	43
6719	43
6720	42
6721	42
6722	42
6723	42
6724	42
6725	42
6726	41
6727	41
6728	41
6729	42
6730	42
6731	42
6732	41
6733	41
6734	41
6735	41
6736	41
6737	40
6738	40
6739	40
6740	38
6741	38
6742	38
6743	37
6744	36
6745	35
6746	34
6747	34
6748	32
6749	32
6750	31
6751	31
6752	30
6753	31
6754	29
6755	29
6756	28
6757	28
6758	29
6759	29
6760	29
6761	31
6762	30
6763	30
6764	30
6765	30
6766	31
6767	31
6768	30
6769	30
6770	31
6771	31
6772	30
6773	30
6774	30
6775	30
6776	28
6777	29
6778	31
6779	32
6780	33
6781	33
6782	33
6783	34
6784	34
6785	35
6786	36
6787	35
6788	35
6789	35
6790	35
6791	34
6792	32
6793	33
6794	33
6795	33
6796	34
6797	34
6798	34
6799	34
6800	34
6801	34
6802	34
6803	35
6804	35
6805	35
6806	36
6807	36
6808	36
6809	35
6810	35
6811	36
6812	36
6813	36
6814	34
6815	34
6816	34
6817	34
6818	34
6819	34
6820	34
6821	32
6822	32
6823	32
6824	32
6825	32
6826	31
6827	31
6828	31
6829	31
6830	31
6831	31
6832	34
6833	33
6834	34
6835	34
6836	35
6837	36
6838	36
6839	37
6840	38
6841	37
6842	38
6843	38
6844	39
6845	40
6846	39
6847	39
6848	40
6849	40
6850	40
6851	40
6852	39
6853	37
6854	36
6855	36
6856	36
6857	36
6858	37
6859	38
6860	38
6861	38
6862	37
6863	37
6864	37
6865	38
6866	38
6867	38
6868	39
6869	39
6870	39
6871	39
6872	40
6873	40
6874	40
6875	40
6876	40
6877	39
6878	39
6879	38
6880	38
6881	39
6882	38
6883	38
6884	39
6885	39
6886	40
6887	39
6888	39
6889	38
6890	39
6891	38
6892	37
6893	37
6894	36
6895	35
6896	35
6897	36
6898	34
6899	34
6900	34
6901	34
6902	35
6903	35
6904	36
6905	36
6906	35
6907	37
6908	37
6909	35
6910	34
6911	34
6912	33
6913	33
6914	33
6915	32
6916	32
6917	32
6918	33
6919	33
6920	33
6921	33
6922	35
6923	36
6924	36
6925	37
6926	38
6927	38
6928	40
6929	41
6930	41
6931	42
6932	43
6933	43
6934	44
6935	45
6936	46
6937	46
6938	47
6939	48
6940	48
6941	49
6942	52
6943	53
6944	54
6945	54
6946	55
6947	56
6948	57
6949	58
6950	58
6951	59
6952	59
6953	60
6954	59
6955	58
6956	58
6957	60
6958	59
6959	59
6960	58
6961	58
6962	57
6963	58
6964	57
6965	57
6966	56
6967	55
6968	54
6969	53
6970	52
6971	50
6972	50
6973	51
6974	51
6975	50
6976	50
6977	50
6978	49
6979	49
6980	48
6981	49
6982	49
6983	49
6984	50
6985	50
6986	51
6987	51
6988	51
6989	50
6990	50
6991	50
6992	50
6993	49
6994	50
6995	48
6996	50
6997	52
6998	51
6999	52
7000	52
7001	52
7002	53
7003	54
7004	53
7005	53
7006	53
7007	52
7008	51
7009	50
7010	49
7011	47
7012	47
7013	47
7014	47
7015	48
7016	49
7017	50
7018	50
7019	52
7020	51
7021	51
7022	50
7023	50
7024	51
7025	50
7026	51
7027	52
7028	53
7029	53
7030	53
7031	54
7032	55
7033	55
7034	56
7035	56
7036	57
7037	57
7038	57
7039	57
7040	56
7041	56
7042	56
7043	56
7044	55
7045	55
7046	55
7047	54
7048	54
7049	55
7050	54
7051	54
7052	53
7053	53
7054	54
7055	54
7056	53
7057	51
7058	51
7059	50
7060	51
7061	50
7062	50
7063	51
7064	51
7065	53
7066	53
7067	53
7068	53
7069	52
7070	54
7071	54
7072	52
7073	53
7074	54
7075	54
7076	53
7077	54
7078	53
7079	54
7080	55
7081	54
7082	53
7083	52
7084	51
7085	51
7086	50
7087	50
7088	49
7089	50
7090	50
7091	50
7092	49
7093	48
7094	46
7095	46
7096	46
7097	47
7098	47
7099	47
7100	46
7101	46
7102	45
7103	43
7104	42
7105	42
7106	43
7107	43
7108	43
7109	41
7110	41
7111	41
7112	40
7113	40
7114	41
7115	41
7116	41
7117	42
7118	42
7119	43
7120	43
7121	42
7122	42
7123	42
7124	41
7125	42
7126	41
7127	41
7128	40
7129	40
7130	41
7131	40
7132	40
7133	40
7134	40
7135	40
7136	41
7137	42
7138	41
7139	42
7140	43
7141	44
7142	45
7143	45
7144	46
7145	46
7146	46
7147	48
7148	48
7149	49
7150	50
7151	50
7152	51
7153	51
7154	51
7155	52
7156	52
7157	53
7158	52
7159	52
7160	55
7161	56
7162	56
7163	57
7164	57
7165	56
7166	56
7167	57
7168	57
7169	56
7170	56
7171	55
7172	54
7173	54
7174	53
7175	52
7176	52
7177	52
7178	51
7179	49
7180	49
7181	48
7182	48
7183	48
7184	47
7185	47
7186	47
7187	48
7188	48
7189	48
7190	48
7191	48
7192	47
7193	48
7194	49
7195	49
7196	48
7197	50
7198	51
7199	51
7200	51
7201	50
7202	49
7203	49
7204	47
7205	47
7206	46
7207	46
7208	45
7209	45
7210	45
7211	45
7212	45
7213	44
7214	44
7215	42
7216	42
7217	42
7218	43
7219	44
7220	44
7221	44
7222	44
7223	45
7224	46
7225	47
7226	48
7227	48
7228	49
7229	49
7230	49
7231	49
7232	50
7233	51
7234	51
7235	49
7236	48
7237	48
7238	47
7239	48
7240	49
7241	49
7242	49
7243	49
7244	50
7245	49
7246	50
7247	48
7248	47
7249	47
7250	45
7251	43
7252	43
7253	41
7254	41
7255	41
7256	41
7257	41
7258	39
7259	41
7260	40
7261	41
7262	43
7263	41
7264	41
7265	40
7266	39
7267	39
7268	39
7269	38
7270	38
7271	38
7272	37
7273	37
7274	37
7275	37
7276	36
7277	36
7278	35
7279	34
7280	34
7281	34
7282	34
7283	34
7284	34
7285	33
7286	33
7287	32
7288	33
7289	32
7290	31
7291	31
7292	31
7293	31
7294	31
7295	31
7296	30
7297	30
7298	29
7299	27
7300	27
7301	26
7302	25
7303	24
7304	22
7305	21
7306	21
7307	22
7308	23
7309	23
7310	24
7311	24
7312	24
7313	24
7314	24
7315	24
7316	24
7317	23
7318	22
7319	20
7320	20
7321	19
7322	19
7323	19
7324	20
7325	20
7326	19
7327	19
7328	18
7329	18
7330	19
7331	18
7332	17
7333	18
7334	18
7335	16
7336	16
7337	16
7338	17
7339	16
7340	16
7341	16
7342	16
7343	16
7344	16
7345	16
7346	16
7347	16
7348	16
7349	16
7350	16
7351	16
7352	16
7353	16
7354	15
7355	13
7356	14
7357	14
7358	15
7359	16
7360	16
7361	17
7362	17
7363	17
7364	17
7365	18
7366	18
7367	19
7368	19
7369	18
7370	18
7371	19
7372	19
7373	19
7374	19
7375	19
7376	19
7377	19
7378	18
7379	18
7380	18
7381	18
7382	18
7383	18
7384	18
7385	18
7386	18
7387	18
7388	18
7389	18
7390	19
7391	18
7392	18
7393	18
7394	17
7395	17
7396	17
7397	17
7398	18
7399	17
7400	17
7401	17
7402	17
7403	15
7404	16
7405	16
7406	16
7407	16
7408	16
7409	16
7410	16
7411	16
7412	16
7413	16
7414	16
7415	16
7416	16
7417	16
7418	16
7419	16
7420	15
7421	15
7422	15
7423	15
7424	15
7425	14
7426	15
7427	15
7428	15
7429	15
7430	15
7431	15
7432	14
7433	14
7434	14
7435	14
7436	14
7437	14
7438	14
7439	14
7440	14
7441	13
7442	13
7443	13
7444	13
7445	13
7446	13
7447	13
7448	13
7449	14
7450	14
7451	13
7452	12
7453	12
7454	11
7455	11
7456	11
7457	11
7458	11
7459	10
7460	10
7461	11
7462	9
7463	9
7464	9
7465	9
7466	9
7467	9
7468	9
7469	9
7470	9
7471	8
7472	7
7473	7
7474	7
7475	7
7476	7
7477	7
7478	7
7479	6
7480	5
7481	5
7482	5
7483	5
7484	5
7485	5
7486	5
7487	5
7488	5
7489	5
7490	5
7491	5
7492	5
7493	5
7494	5
7495	5
7496	5
7497	5
7498	5
7499	5
7500	5
7501	5
7502	5
7503	5
7504	5
7505	5
7506	5
7507	5
7508	5
7509	5
7510	4
7511	4
7512	4
7513	4
7514	4
7515	4
7516	4
7517	4
7518	4
7519	4
7520	4
7521	4
7522	4
7523	4
7524	4
7525	5
7526	5
7527	5
7528	5
7529	5
7530	4
7531	3
7532	3
7533	3
7534	3
7535	3
7536	2
7537	2
7538	1
7539	1
7540	1
7541	1
7542	1
7543	1
7544	1
7545	1
7546	1
7547	1
7548	1
7549	1
7550	1
7551	1
7552	1
7553	1
7554	1
7555	1
7556	1
7557	1
7558	1
7559	1
7560	1
7561	1
7562	1
7563	1
7564	1
7565	1
7566	1
7567	1
7568	1
7569	1
7570	1
7571	1
7572	1
7573	1
7574	1
7575	1
7576	1
7577	1
7578	1
7579	1
7580	1
7581	1
7582	1
7583	1
7584	1
7585	1
7586	1
7587	1
7588	1
7589	1
7590	1
7591	1
7592	1
7593	1
7594	1
7595	2
7596	2
7597	2
7598	2
7599	2
7600	2
7601	2
7602	2
7603	2
7604	2
7605	1
7606	1
7607	1
7608	1
7609	1
7610	0
7611	0
7612	0
7613	0
7614	0
7615	0
7616	0
7617	0
7618	0
7619	0
7620	0
7621	0
7622	0
7623	0
7624	0
7625	0
7626	0
7627	0
7628	0
7629	0
7630	0
7631	0
7632	0
7633	0
7634	0
7635	0
7636	0
7637	0
7638	0
7639	0
7640	0
7641	0
7642	0
7643	0
7644	0
7645	0
7646	0
7647	0
7648	0
7649	0
7650	0
7651	0
7652	0
7653	0
7654	0
7655	0
7656	0
7657	0
7658	0
7659	0
7660	0
7661	0
7662	0
7663	0
7664	0
7665	0
7666	0
7667	1
7668	1
7669	1
7670	1
7671	1
7672	1
7673	1
7674	1
7675	1
7676	1
7677	1
7678	1
7679	1
7680	1
7681	1
7682	1
7683	1
7684	1
7685	1
7686	1
7687	1
7688	1
7689	1
7690	1
7691	1
7692	1
7693	1
7694	1
7695	1
7696	1
7697	1
7698	1
7699	1
7700	1
7701	1
7702	1
7703	1
7704	1
7705	1
7706	1
7707	1
7708	1
7709	1
7710	1
7711	1
7712	1
7713	1
7714	1
7715	1
7716	1
7717	1
7718	1
7719	1
7720	1
7721	1
7722	1
7723	1
7724	1
7725	1
7726	1
7727	1
7728	1
7729	1
7730	1
7731	1
7732	1
7733	1
7734	1
7735	1
7736	1
7737	0
7738	0
7739	0
7740	0
7741	0
7742	0
7743	0
7744	0
7745	0
7746	0
7747	0
7748	0
7749	0
7750	0
7751	0
7752	0
7753	0
7754	0
7755	0
7756	0
7757	0
7758	0
7759	0
7760	0
7761	0
7762	0
7763	0
7764	0
7765	0
7766	0
7767	0
7768	0
7769	0
7770	0
7771	0
7772	0
7773	0
7774	0
7775	0
7776	0
7777	0
7778	0
7779	0
7780	0
7781	0
7782	0
7783	0
7784	0
7785	0
7786	0
7787	0
7788	0
7789	0
7790	0
7791	0
7792	0
7793	0
7794	0
7795	0
7796	0
7797	0
7798	0
7799	0
7800	0
7801	0
7802	1
7803	1
7804	1
7805	1
7806	1
7807	1
7808	1
7809	1
7810	1
7811	1
7812	1
7813	1
7814	1
7815	1
7816	0
7817	0
7818	0
7819	0
7820	0
7821	0
7822	0
7823	0
7824	0
7825	0
7826	0
7827	0
7828	0
7829	0
7830	0
7831	0
7832	0
7833	0
7834	0
7835	0
7836	0
7837	0
7838	0
7839	0
7840	0
7841	0
7842	0
7843	0
7844	0
7845	0
7846	0
7847	0
7848	0
7849	0
7850	0
7851	0
7852	0
7853	0
7854	0
7855	0
7856	0
7857	0
7858	0
7859	0
7860	0
7861	0
7862	0
7863	0
7864	0
7865	0
7866	0
7867	0
7868	0
7869	0
7870	0
7871	0
7872	0
7873	0
7874	0
7875	0
7876	0
7877	0
7878	0
7879	0
7880	0
7881	0
7882	0
7883	0
7884	0
7885	0
7886	0
7887	0
7888	0
7889	0
7890	0
7891	0
7892	0
7893	0
7894	0
7895	0
7896	0
7897	0
7898	0
7899	0
7900	0
7901	0
7902	0
7903	0
7904	0
7905	0
7906	0
7907	0
7908	0
7909	0
7910	0
7911	0
7912	0
7913	0
7914	0
7915	0
7916	0
7917	0
7918	0
7919	0
7920	0
7921	0
7922	0
7923	0
7924	0
7925	0
7926	0
7927	0
7928	0
7929	0
7930	0
7931	0
7932	0
7933	0
7934	0
7935	0
7936	0
7937	0
7938	0
7939	0
7940	0
7941	0
7942	0
7943	0
7944	0
7945	0
7946	0
7947	0
7948	0
7949	0
7950	0
7951	0
7952	0
7953	0
7954	0
7955	0
7956	0
7957	0
7958	0
7959	0
7960	0
7961	0
7962	0
7963	0
7964	0
7965	0
7966	0
7967	0
7968	0
7969	0
7970	0
7971	0
7972	0
7973	0
7974	0
7975	0
7976	0
7977	0
7978	0
7979	0
7980	0
7981	0
7982	0
7983	0
7984	0
7985	0
7986	0
7987	0
7988	0
7989	0
7990	0
7991	0
7992	0
7993	0
7994	0
7995	0
7996	0
7997	0
7998	0
7999	0
8000	0
8001	0
8002	0
8003	0
8004	0
8005	0
8006	0
8007	0
8008	0
8009	0
8010	0
8011	0
8012	0
8013	0
8014	0
8015	0
8016	0
8017	0
8018	0
8019	0
8020	0
8021	0
8022	0
8023	0
8024	0
8025	0
8026	0
8027	0
8028	0
8029	0
8030	0
8031	0
8032	0
8033	0
8034	0
8035	0
8036	0
8037	0
8038	0
8039	0
8040	0
8041	0
8042	0
8043	0
8044	0
8045	0
8046	0
8047	0
8048	0
8049	0
8050	0
8051	0
8052	0
8053	0
8054	0
8055	0
8056	0
8057	0
8058	0
8059	0
8060	0
8061	0
8062	0
8063	0
8064	0
8065	0
8066	0
8067	0
8068	0
8069	0
8070	0
8071	0
8072	0
8073	0
8074	0
8075	0
8076	0
8077	0
8078	0
8079	0
8080	0
8081	0
8082	0
8083	0
8084	0
8085	0
8086	0
8087	0
8088	0
8089	0
8090	0
8091	0
8092	0
8093	0
8094	0
8095	0
8096	0
8097	0
8098	0
8099	0
8100	0
8101	0
8102	0
8103	0
8104	0
8105	0
8106	0
8107	0
8108	0
8109	0
8110	0
8111	0
8112	0
8113	0
8114	0
8115	0
8116	0
8117	0
8118	0
8119	0
8120	0
8121	0
8122	0
8123	0
8124	0
8125	0
8126	0
8127	0
8128	0
8129	0
8130	0
8131	0
8132	0
8133	0
8134	0
8135	0
8136	0
8137	0
8138	0
8139	0
8140	0
8141	0
8142	0
8143	0
8144	0
8145	0
8146	0
8147	0
8148	0
8149	0
8150	0
8151	0
8152	0
8153	0
8154	0
8155	0
8156	0
8157	0
8158	0
8159	0
8160	0
8161	0
8162	0
8163	0
8164	0
8165	0
8166	0
8167	0
8168	0
8169	0
8170	0
8171	0
8172	0
8173	0
8174	0
8175	0
8176	0
8177	0
8178	0
8179	0
8180	0
8181	0
8182	0
8183	0
8184	0
8185	0
8186	0
8187	0
8188	0
8189	0
8190	0
8191	0
8192	0
8193	0
8194	0
8195	0
8196	0
8197	0
8198	0
8199	0
8200	0
8201	0
8202	0
