1	0
2	0
3	0
4	0
5	0
6	0
7	0
8	0
9	0
10	0
11	0
12	0
13	0
14	0
15	0
16	0
17	0
18	0
19	0
20	0
21	0
22	0
23	0
24	0
25	0
26	0
27	0
28	0
29	0
30	0
31	0
32	0
33	0
34	0
35	0
36	0
37	0
38	0
39	0
40	0
41	0
42	0
43	0
44	1
45	1
46	2
47	2
48	2
49	2
50	2
51	2
52	2
53	2
54	2
55	2
56	2
57	2
58	2
59	2
60	2
61	2
62	2
63	2
64	2
65	2
66	2
67	2
68	2
69	2
70	2
71	2
72	2
73	2
74	2
75	2
76	2
77	2
78	2
79	2
80	2
81	2
82	2
83	2
84	2
85	2
86	2
87	2
88	2
89	2
90	2
91	2
92	2
93	2
94	2
95	2
96	2
97	2
98	2
99	2
100	2
101	2
102	2
103	2
104	2
105	2
106	2
107	2
108	2
109	2
110	2
111	2
112	2
113	2
114	3
115	3
116	3
117	3
118	3
119	3
120	3
121	3
122	3
123	3
124	3
125	3
126	3
127	2
128	2
129	2
130	2
131	2
132	2
133	2
134	2
135	2
136	2
137	2
138	2
139	2
140	2
141	2
142	2
143	2
144	2
145	2
146	2
147	2
148	2
149	3
150	3
151	3
152	3
153	3
154	3
155	3
156	3
157	3
158	3
159	3
160	4
161	4
162	4
163	4
164	4
165	4
166	4
167	4
168	4
169	5
170	5
171	5
172	5
173	5
174	5
175	5
176	5
177	5
178	5
179	5
180	5
181	5
182	6
183	6
184	6
185	6
186	6
187	6
188	6
189	6
190	6
191	5
192	4
193	4
194	4
195	5
196	5
197	5
198	5
199	5
200	5
201	5
202	5
203	5
204	6
205	6
206	6
207	6
208	6
209	6
210	6
211	6
212	6
213	6
214	6
215	6
216	6
217	6
218	5
219	5
220	5
221	5
222	5
223	5
224	6
225	6
226	6
227	6
228	6
229	6
230	6
231	6
232	6
233	6
234	6
235	6
236	6
237	7
238	7
239	7
240	7
241	7
242	7
243	7
244	7
245	7
246	7
247	7
248	8
249	8
250	8
251	8
252	8
253	9
254	9
255	9
256	8
257	8
258	8
259	8
260	8
261	8
262	8
263	8
264	8
265	9
266	9
267	9
268	9
269	9
270	9
271	9
272	9
273	9
274	9
275	9
276	9
277	9
278	9
279	9
280	8
281	8
282	8
283	8
284	8
285	8
286	8
287	8
288	8
289	8
290	8
291	8
292	7
293	7
294	7
295	7
296	6
297	6
298	6
299	6
300	6
301	6
302	6
303	6
304	7
305	7
306	7
307	7
308	7
309	7
310	7
311	7
312	7
313	7
314	7
315	7
316	7
317	7
318	7
319	7
320	7
321	7
322	7
323	7
324	7
325	7
326	7
327	7
328	7
329	7
330	7
331	7
332	7
333	7
334	7
335	7
336	7
337	7
338	7
339	7
340	6
341	6
342	6
343	6
344	6
345	7
346	7
347	7
348	6
349	6
350	6
351	6
352	6
353	6
354	6
355	6
356	7
357	7
358	7
359	7
360	7
361	8
362	8
363	8
364	8
365	8
366	8
367	8
368	8
369	8
370	8
371	8
372	8
373	7
374	7
375	7
376	7
377	7
378	7
379	7
380	7
381	7
382	7
383	7
384	7
385	7
386	7
387	7
388	7
389	7
390	8
391	8
392	7
393	7
394	7
395	7
396	7
397	7
398	7
399	7
400	7
401	7
402	7
403	7
404	8
405	8
406	8
407	8
408	8
409	8
410	8
411	7
412	7
413	7
414	7
415	7
416	7
417	7
418	7
419	7
420	7
421	7
422	7
423	7
424	7
425	7
426	7
427	8
428	8
429	8
430	8
431	7
432	7
433	7
434	7
435	7
436	7
437	7
438	7
439	7
440	7
441	7
442	7
443	7
444	7
445	7
446	7
447	7
448	7
449	7
450	7
451	6
452	6
453	6
454	5
455	5
456	6
457	7
458	7
459	7
460	7
461	7
462	7
463	7
464	7
465	7
466	7
467	7
468	7
469	6
470	6
471	6
472	6
473	6
474	6
475	6
476	6
477	6
478	6
479	6
480	6
481	6
482	6
483	6
484	6
485	6
486	6
487	6
488	6
489	6
490	6
491	6
492	7
493	7
494	7
495	7
496	7
497	7
498	7
499	7
500	7
501	7
502	7
503	7
504	7
505	7
506	7
507	7
508	7
509	7
510	7
511	7
512	7
513	8
514	8
515	8
516	8
517	8
518	8
519	9
520	10
521	10
522	10
523	10
524	10
525	10
526	10
527	10
528	10
529	10
530	10
531	9
532	9
533	9
534	9
535	9
536	9
537	9
538	9
539	9
540	9
541	9
542	9
543	10
544	10
545	11
546	11
547	11
548	11
549	11
550	11
551	11
552	12
553	12
554	13
555	13
556	13
557	13
558	13
559	13
560	13
561	13
562	13
563	13
564	13
565	13
566	13
567	13
568	14
569	14
570	14
571	14
572	14
573	14
574	14
575	14
576	14
577	14
578	14
579	14
580	14
581	13
582	13
583	13
584	13
585	13
586	13
587	13
588	13
589	13
590	13
591	13
592	13
593	12
594	12
595	11
596	11
597	11
598	11
599	11
600	11
601	11
602	11
603	12
604	12
605	13
606	13
607	13
608	13
609	13
610	12
611	12
612	12
613	12
614	12
615	12
616	12
617	12
618	11
619	11
620	11
621	10
622	10
623	10
624	10
625	10
626	10
627	10
628	10
629	10
630	10
631	10
632	10
633	10
634	10
635	10
636	10
637	10
638	10
639	10
640	10
641	11
642	10
643	10
644	10
645	10
646	10
647	10
648	10
649	10
650	10
651	10
652	10
653	10
654	10
655	10
656	11
657	11
658	11
659	9
660	10
661	10
662	9
663	9
664	9
665	9
666	10
667	9
668	9
669	9
670	9
671	9
672	9
673	9
674	9
675	9
676	9
677	9
678	9
679	9
680	9
681	9
682	9
683	10
684	11
685	11
686	11
687	11
688	11
689	12
690	9
691	8
692	8
693	8
694	8
695	9
696	9
697	10
698	10
699	10
700	10
701	10
702	10
703	10
704	10
705	10
706	10
707	10
708	10
709	9
710	9
711	9
712	9
713	10
714	10
715	10
716	11
717	10
718	11
719	11
720	11
721	10
722	10
723	11
724	11
725	11
726	10
727	10
728	10
729	10
730	10
731	10
732	10
733	10
734	10
735	10
736	10
737	10
738	10
739	10
740	10
741	10
742	10
743	10
744	10
745	10
746	10
747	10
748	10
749	10
750	10
751	10
752	10
753	10
754	10
755	10
756	10
757	10
758	10
759	11
760	11
761	11
762	11
763	12
764	13
765	13
766	13
767	13
768	13
769	14
770	14
771	14
772	14
773	14
774	14
775	14
776	14
777	14
778	14
779	14
780	13
781	13
782	13
783	13
784	13
785	13
786	13
787	13
788	13
789	13
790	13
791	13
792	13
793	13
794	13
795	13
796	14
797	14
798	15
799	15
800	15
801	15
802	16
803	16
804	16
805	16
806	16
807	16
808	16
809	16
810	17
811	17
812	17
813	17
814	17
815	17
816	17
817	17
818	17
819	18
820	18
821	16
822	16
823	16
824	16
825	16
826	16
827	16
828	16
829	16
830	16
831	16
832	16
833	16
834	16
835	15
836	15
837	15
838	15
839	15
840	15
841	15
842	16
843	16
844	16
845	16
846	16
847	15
848	15
849	14
850	14
851	14
852	14
853	14
854	14
855	14
856	14
857	14
858	14
859	14
860	14
861	14
862	14
863	14
864	14
865	14
866	14
867	15
868	15
869	14
870	14
871	14
872	14
873	14
874	14
875	14
876	14
877	14
878	14
879	14
880	14
881	14
882	14
883	14
884	14
885	14
886	14
887	14
888	13
889	13
890	13
891	13
892	13
893	13
894	13
895	13
896	13
897	13
898	13
899	13
900	13
901	13
902	12
903	12
904	12
905	12
906	13
907	13
908	13
909	13
910	13
911	13
912	13
913	13
914	13
915	13
916	13
917	13
918	12
919	12
920	12
921	12
922	12
923	12
924	12
925	12
926	12
927	12
928	12
929	12
930	12
931	12
932	12
933	12
934	12
935	12
936	12
937	12
938	12
939	12
940	12
941	12
942	12
943	12
944	12
945	12
946	12
947	12
948	12
949	12
950	12
951	12
952	12
953	12
954	12
955	12
956	12
957	12
958	12
959	12
960	12
961	12
962	12
963	12
964	12
965	12
966	12
967	12
968	11
969	11
970	11
971	10
972	10
973	10
974	10
975	10
976	10
977	10
978	10
979	10
980	10
981	10
982	10
983	10
984	10
985	10
986	10
987	10
988	10
989	10
990	10
991	10
992	10
993	10
994	9
995	9
996	8
997	8
998	8
999	8
1000	7
1001	7
1002	7
1003	7
1004	7
1005	8
1006	9
1007	10
1008	9
1009	9
1010	9
1011	9
1012	9
1013	9
1014	9
1015	9
1016	9
1017	9
1018	10
1019	10
1020	10
1021	10
1022	10
1023	10
1024	9
1025	9
1026	9
1027	9
1028	9
1029	9
1030	9
1031	9
1032	9
1033	9
1034	9
1035	9
1036	8
1037	8
1038	8
1039	8
1040	8
1041	8
1042	8
1043	7
1044	5
1045	5
1046	5
1047	5
1048	5
1049	5
1050	5
1051	5
1052	5
1053	5
1054	5
1055	5
1056	5
1057	5
1058	6
1059	6
1060	6
1061	6
1062	6
1063	6
1064	6
1065	6
1066	6
1067	5
1068	5
1069	5
1070	6
1071	6
1072	6
1073	6
1074	6
1075	6
1076	6
1077	6
1078	6
1079	5
1080	5
1081	5
1082	6
1083	6
1084	6
1085	6
1086	6
1087	6
1088	6
1089	6
1090	7
1091	7
1092	7
1093	7
1094	6
1095	6
1096	6
1097	6
1098	6
1099	5
1100	5
1101	5
1102	5
1103	5
1104	5
1105	5
1106	5
1107	5
1108	5
1109	5
1110	4
1111	4
1112	4
1113	4
1114	4
1115	4
1116	4
1117	4
1118	4
1119	4
1120	4
1121	4
1122	4
1123	5
1124	5
1125	5
1126	5
1127	5
1128	5
1129	5
1130	5
1131	5
1132	5
1133	5
1134	5
1135	5
1136	5
1137	5
1138	5
1139	5
1140	5
1141	5
1142	5
1143	5
1144	5
1145	5
1146	5
1147	5
1148	5
1149	6
1150	6
1151	7
1152	7
1153	8
1154	8
1155	8
1156	8
1157	8
1158	8
1159	8
1160	8
1161	8
1162	8
1163	8
1164	8
1165	8
1166	8
1167	8
1168	8
1169	8
1170	9
1171	9
1172	9
1173	9
1174	9
1175	9
1176	9
1177	9
1178	9
1179	9
1180	9
1181	9
1182	9
1183	9
1184	9
1185	9
1186	9
1187	9
1188	9
1189	9
1190	9
1191	9
1192	9
1193	9
1194	9
1195	9
1196	9
1197	8
1198	8
1199	8
1200	8
1201	8
1202	8
1203	8
1204	8
1205	8
1206	8
1207	8
1208	8
1209	8
1210	8
1211	8
1212	8
1213	9
1214	9
1215	9
1216	9
1217	9
1218	9
1219	9
1220	10
1221	9
1222	8
1223	8
1224	8
1225	8
1226	8
1227	8
1228	8
1229	8
1230	8
1231	8
1232	8
1233	8
1234	8
1235	8
1236	8
1237	8
1238	8
1239	8
1240	8
1241	8
1242	8
1243	8
1244	8
1245	7
1246	8
1247	9
1248	9
1249	9
1250	9
1251	9
1252	9
1253	8
1254	8
1255	8
1256	8
1257	8
1258	8
1259	8
1260	8
1261	8
1262	8
1263	8
1264	8
1265	9
1266	9
1267	9
1268	9
1269	9
1270	9
1271	8
1272	8
1273	8
1274	8
1275	8
1276	8
1277	8
1278	8
1279	8
1280	8
1281	8
1282	8
1283	8
1284	8
1285	8
1286	8
1287	8
1288	8
1289	8
1290	8
1291	8
1292	8
1293	8
1294	8
1295	8
1296	8
1297	7
1298	7
1299	7
1300	7
1301	7
1302	7
1303	7
1304	7
1305	7
1306	7
1307	7
1308	6
1309	6
1310	6
1311	5
1312	5
1313	5
1314	5
1315	5
1316	5
1317	5
1318	5
1319	6
1320	6
1321	6
1322	6
1323	6
1324	6
1325	6
1326	6
1327	6
1328	6
1329	6
1330	6
1331	6
1332	6
1333	7
1334	7
1335	7
1336	7
1337	7
1338	7
1339	6
1340	6
1341	6
1342	6
1343	6
1344	6
1345	6
1346	6
1347	6
1348	6
1349	7
1350	7
1351	7
1352	7
1353	7
1354	7
1355	7
1356	7
1357	8
1358	8
1359	8
1360	8
1361	8
1362	8
1363	8
1364	8
1365	8
1366	8
1367	8
1368	8
1369	9
1370	9
1371	9
1372	9
1373	9
1374	9
1375	9
1376	9
1377	9
1378	9
1379	9
1380	9
1381	9
1382	9
1383	9
1384	10
1385	11
1386	11
1387	11
1388	11
1389	11
1390	11
1391	11
1392	11
1393	11
1394	11
1395	11
1396	12
1397	12
1398	12
1399	12
1400	12
1401	12
1402	12
1403	12
1404	12
1405	12
1406	12
1407	12
1408	12
1409	12
1410	12
1411	12
1412	12
1413	12
1414	11
1415	11
1416	11
1417	11
1418	11
1419	11
1420	11
1421	11
1422	11
1423	11
1424	11
1425	11
1426	12
1427	13
1428	13
1429	13
1430	13
1431	13
1432	13
1433	13
1434	13
1435	13
1436	13
1437	14
1438	13
1439	12
1440	12
1441	12
1442	12
1443	12
1444	12
1445	13
1446	13
1447	13
1448	13
1449	13
1450	13
1451	13
1452	13
1453	13
1454	13
1455	13
1456	13
1457	13
1458	13
1459	13
1460	13
1461	14
1462	14
1463	14
1464	14
1465	14
1466	14
1467	14
1468	14
1469	15
1470	16
1471	16
1472	17
1473	18
1474	18
1475	18
1476	18
1477	18
1478	18
1479	18
1480	18
1481	18
1482	18
1483	18
1484	18
1485	18
1486	18
1487	18
1488	17
1489	17
1490	17
1491	17
1492	18
1493	18
1494	18
1495	18
1496	18
1497	19
1498	19
1499	19
1500	19
1501	19
1502	19
1503	19
1504	19
1505	19
1506	19
1507	19
1508	19
1509	19
1510	19
1511	19
1512	18
1513	18
1514	17
1515	17
1516	17
1517	17
1518	17
1519	17
1520	17
1521	17
1522	17
1523	17
1524	17
1525	15
1526	15
1527	15
1528	16
1529	16
1530	15
1531	15
1532	15
1533	15
1534	15
1535	15
1536	15
1537	15
1538	16
1539	16
1540	15
1541	15
1542	15
1543	15
1544	15
1545	14
1546	14
1547	15
1548	14
1549	12
1550	12
1551	12
1552	12
1553	12
1554	12
1555	12
1556	12
1557	12
1558	12
1559	12
1560	12
1561	12
1562	12
1563	12
1564	12
1565	12
1566	12
1567	13
1568	13
1569	13
1570	14
1571	14
1572	14
1573	14
1574	14
1575	14
1576	14
1577	14
1578	14
1579	14
1580	14
1581	14
1582	14
1583	15
1584	16
1585	16
1586	16
1587	16
1588	16
1589	15
1590	15
1591	15
1592	15
1593	15
1594	15
1595	15
1596	15
1597	15
1598	15
1599	14
1600	14
1601	13
1602	13
1603	12
1604	11
1605	11
1606	11
1607	11
1608	11
1609	10
1610	10
1611	10
1612	10
1613	10
1614	10
1615	10
1616	10
1617	10
1618	10
1619	10
1620	10
1621	10
1622	10
1623	10
1624	10
1625	9
1626	8
1627	8
1628	8
1629	7
1630	7
1631	7
1632	7
1633	7
1634	7
1635	7
1636	8
1637	9
1638	10
1639	10
1640	10
1641	11
1642	11
1643	11
1644	11
1645	11
1646	11
1647	11
1648	10
1649	10
1650	10
1651	10
1652	10
1653	10
1654	10
1655	10
1656	10
1657	10
1658	10
1659	10
1660	10
1661	10
1662	10
1663	8
1664	8
1665	8
1666	9
1667	9
1668	8
1669	8
1670	7
1671	7
1672	7
1673	7
1674	7
1675	7
1676	7
1677	7
1678	7
1679	7
1680	7
1681	7
1682	7
1683	7
1684	7
1685	7
1686	7
1687	6
1688	6
1689	6
1690	6
1691	6
1692	6
1693	6
1694	5
1695	5
1696	5
1697	5
1698	5
1699	5
1700	5
1701	5
1702	5
1703	5
1704	5
1705	5
1706	5
1707	5
1708	5
1709	5
1710	5
1711	5
1712	5
1713	5
1714	5
1715	6
1716	6
1717	6
1718	6
1719	6
1720	6
1721	6
1722	6
1723	6
1724	6
1725	6
1726	6
1727	6
1728	6
1729	6
1730	6
1731	6
1732	6
1733	6
1734	6
1735	6
1736	6
1737	6
1738	6
1739	6
1740	6
1741	6
1742	6
1743	6
1744	5
1745	4
1746	4
1747	4
1748	4
1749	4
1750	4
1751	4
1752	4
1753	4
1754	4
1755	4
1756	4
1757	5
1758	5
1759	5
1760	5
1761	5
1762	5
1763	4
1764	4
1765	4
1766	4
1767	4
1768	4
1769	5
1770	5
1771	5
1772	5
1773	6
1774	6
1775	6
1776	6
1777	6
1778	7
1779	8
1780	8
1781	8
1782	9
1783	9
1784	9
1785	9
1786	9
1787	9
1788	9
1789	9
1790	11
1791	11
1792	11
1793	11
1794	12
1795	12
1796	12
1797	12
1798	12
1799	12
1800	12
1801	12
1802	12
1803	12
1804	12
1805	12
1806	12
1807	12
1808	12
1809	12
1810	12
1811	12
1812	13
1813	13
1814	13
1815	13
1816	13
1817	13
1818	13
1819	13
1820	13
1821	13
1822	13
1823	13
1824	13
1825	13
1826	13
1827	13
1828	13
1829	13
1830	13
1831	13
1832	14
1833	14
1834	14
1835	14
1836	14
1837	14
1838	14
1839	14
1840	14
1841	14
1842	14
1843	14
1844	14
1845	14
1846	14
1847	14
1848	14
1849	14
1850	14
1851	14
1852	14
1853	14
1854	14
1855	14
1856	14
1857	14
1858	14
1859	14
1860	14
1861	14
1862	16
1863	16
1864	16
1865	16
1866	16
1867	15
1868	15
1869	15
1870	15
1871	16
1872	17
1873	17
1874	16
1875	16
1876	16
1877	16
1878	16
1879	16
1880	16
1881	16
1882	16
1883	16
1884	16
1885	16
1886	16
1887	16
1888	16
1889	16
1890	16
1891	16
1892	16
1893	16
1894	15
1895	15
1896	15
1897	16
1898	16
1899	15
1900	14
1901	13
1902	13
1903	13
1904	14
1905	14
1906	14
1907	14
1908	14
1909	14
1910	14
1911	14
1912	14
1913	15
1914	15
1915	15
1916	15
1917	15
1918	16
1919	16
1920	17
1921	17
1922	17
1923	17
1924	17
1925	17
1926	17
1927	16
1928	16
1929	15
1930	15
1931	16
1932	16
1933	16
1934	16
1935	16
1936	16
1937	16
1938	16
1939	17
1940	17
1941	17
1942	17
1943	17
1944	17
1945	17
1946	17
1947	17
1948	16
1949	15
1950	15
1951	15
1952	14
1953	14
1954	14
1955	14
1956	13
1957	13
1958	13
1959	12
1960	12
1961	12
1962	12
1963	12
1964	11
1965	11
1966	12
1967	12
1968	12
1969	12
1970	11
1971	12
1972	12
1973	12
1974	12
1975	12
1976	12
1977	12
1978	12
1979	12
1980	12
1981	12
1982	12
1983	12
1984	14
1985	14
1986	14
1987	14
1988	15
1989	15
1990	15
1991	15
1992	15
1993	15
1994	17
1995	17
1996	17
1997	17
1998	17
1999	17
2000	17
2001	17
2002	17
2003	18
2004	18
2005	19
2006	19
2007	19
2008	20
2009	20
2010	20
2011	20
2012	20
2013	20
2014	21
2015	22
2016	22
2017	22
2018	21
2019	22
2020	22
2021	22
2022	22
2023	20
2024	20
2025	20
2026	20
2027	20
2028	20
2029	20
2030	20
2031	20
2032	20
2033	20
2034	20
2035	20
2036	20
2037	19
2038	19
2039	20
2040	19
2041	19
2042	18
2043	18
2044	18
2045	17
2046	17
2047	18
2048	17
2049	17
2050	17
2051	17
2052	17
2053	17
2054	17
2055	17
2056	17
2057	17
2058	18
2059	18
2060	18
2061	18
2062	18
2063	18
2064	18
2065	18
2066	18
2067	18
2068	18
2069	19
2070	19
2071	19
2072	19
2073	19
2074	20
2075	21
2076	21
2077	20
2078	20
2079	20
2080	18
2081	18
2082	19
2083	19
2084	18
2085	18
2086	18
2087	19
2088	19
2089	20
2090	20
2091	19
2092	19
2093	19
2094	19
2095	19
2096	19
2097	18
2098	18
2099	16
2100	16
2101	16
2102	16
2103	16
2104	16
2105	16
2106	16
2107	16
2108	17
2109	17
2110	16
2111	16
2112	16
2113	16
2114	16
2115	16
2116	17
2117	16
2118	16
2119	15
2120	15
2121	15
2122	16
2123	16
2124	16
2125	16
2126	15
2127	16
2128	17
2129	17
2130	17
2131	17
2132	19
2133	19
2134	19
2135	19
2136	18
2137	18
2138	18
2139	18
2140	18
2141	18
2142	19
2143	18
2144	19
2145	18
2146	18
2147	18
2148	19
2149	19
2150	19
2151	18
2152	18
2153	18
2154	18
2155	18
2156	17
2157	17
2158	17
2159	17
2160	16
2161	16
2162	16
2163	16
2164	18
2165	18
2166	18
2167	18
2168	18
2169	18
2170	18
2171	18
2172	17
2173	17
2174	16
2175	15
2176	16
2177	16
2178	16
2179	16
2180	16
2181	16
2182	16
2183	16
2184	17
2185	18
2186	18
2187	18
2188	18
2189	18
2190	18
2191	18
2192	18
2193	19
2194	19
2195	19
2196	19
2197	19
2198	19
2199	19
2200	19
2201	19
2202	19
2203	19
2204	19
2205	18
2206	18
2207	18
2208	19
2209	19
2210	20
2211	20
2212	21
2213	21
2214	20
2215	20
2216	20
2217	20
2218	20
2219	20
2220	19
2221	19
2222	18
2223	18
2224	19
2225	19
2226	19
2227	19
2228	20
2229	20
2230	20
2231	20
2232	20
2233	20
2234	20
2235	20
2236	20
2237	20
2238	20
2239	20
2240	20
2241	20
2242	20
2243	20
2244	20
2245	21
2246	21
2247	21
2248	21
2249	21
2250	21
2251	20
2252	20
2253	20
2254	20
2255	20
2256	20
2257	20
2258	19
2259	19
2260	19
2261	19
2262	19
2263	19
2264	19
2265	19
2266	19
2267	19
2268	19
2269	19
2270	18
2271	18
2272	17
2273	18
2274	19
2275	19
2276	19
2277	19
2278	19
2279	19
2280	18
2281	17
2282	18
2283	18
2284	18
2285	17
2286	17
2287	17
2288	17
2289	18
2290	18
2291	18
2292	18
2293	18
2294	18
2295	17
2296	17
2297	16
2298	16
2299	16
2300	16
2301	17
2302	17
2303	17
2304	17
2305	17
2306	17
2307	17
2308	17
2309	17
2310	17
2311	17
2312	17
2313	17
2314	17
2315	17
2316	17
2317	17
2318	16
2319	15
2320	16
2321	16
2322	16
2323	16
2324	16
2325	16
2326	16
2327	16
2328	16
2329	16
2330	16
2331	16
2332	17
2333	18
2334	18
2335	18
2336	18
2337	18
2338	18
2339	18
2340	18
2341	18
2342	18
2343	18
2344	17
2345	17
2346	18
2347	18
2348	18
2349	18
2350	18
2351	18
2352	18
2353	18
2354	18
2355	19
2356	19
2357	19
2358	19
2359	18
2360	19
2361	19
2362	19
2363	18
2364	18
2365	17
2366	17
2367	18
2368	18
2369	18
2370	19
2371	19
2372	19
2373	19
2374	19
2375	19
2376	18
2377	18
2378	19
2379	19
2380	19
2381	19
2382	19
2383	19
2384	19
2385	19
2386	19
2387	19
2388	18
2389	18
2390	18
2391	17
2392	17
2393	17
2394	17
2395	17
2396	17
2397	17
2398	17
2399	17
2400	16
2401	16
2402	16
2403	16
2404	16
2405	17
2406	18
2407	18
2408	18
2409	18
2410	17
2411	17
2412	17
2413	17
2414	17
2415	17
2416	17
2417	17
2418	17
2419	17
2420	17
2421	17
2422	17
2423	18
2424	17
2425	15
2426	15
2427	15
2428	15
2429	15
2430	15
2431	16
2432	17
2433	17
2434	17
2435	17
2436	16
2437	16
2438	16
2439	16
2440	16
2441	16
2442	16
2443	16
2444	17
2445	17
2446	17
2447	17
2448	17
2449	16
2450	16
2451	16
2452	16
2453	17
2454	17
2455	17
2456	17
2457	16
2458	16
2459	16
2460	16
2461	16
2462	17
2463	17
2464	19
2465	18
2466	19
2467	19
2468	19
2469	19
2470	19
2471	19
2472	19
2473	19
2474	19
2475	18
2476	18
2477	18
2478	18
2479	18
2480	18
2481	18
2482	18
2483	18
2484	18
2485	18
2486	18
2487	17
2488	17
2489	17
2490	17
2491	17
2492	17
2493	17
2494	17
2495	17
2496	17
2497	15
2498	15
2499	14
2500	14
2501	14
2502	14
2503	13
2504	13
2505	15
2506	15
2507	15
2508	15
2509	15
2510	16
2511	15
2512	15
2513	15
2514	15
2515	14
2516	14
2517	14
2518	15
2519	15
2520	15
2521	16
2522	16
2523	17
2524	18
2525	17
2526	17
2527	18
2528	19
2529	19
2530	20
2531	20
2532	20
2533	20
2534	20
2535	20
2536	20
2537	20
2538	20
2539	20
2540	21
2541	21
2542	22
2543	22
2544	22
2545	22
2546	22
2547	22
2548	22
2549	22
2550	22
2551	22
2552	22
2553	22
2554	22
2555	22
2556	22
2557	22
2558	22
2559	22
2560	21
2561	21
2562	21
2563	21
2564	21
2565	21
2566	23
2567	23
2568	23
2569	23
2570	23
2571	23
2572	23
2573	23
2574	23
2575	23
2576	23
2577	23
2578	23
2579	23
2580	24
2581	24
2582	22
2583	22
2584	22
2585	23
2586	23
2587	23
2588	23
2589	23
2590	22
2591	23
2592	23
2593	23
2594	23
2595	24
2596	25
2597	25
2598	25
2599	25
2600	25
2601	26
2602	26
2603	26
2604	27
2605	27
2606	26
2607	26
2608	26
2609	26
2610	27
2611	27
2612	27
2613	27
2614	27
2615	28
2616	28
2617	28
2618	27
2619	27
2620	27
2621	27
2622	27
2623	27
2624	28
2625	28
2626	28
2627	28
2628	28
2629	28
2630	28
2631	28
2632	29
2633	29
2634	30
2635	30
2636	30
2637	30
2638	30
2639	30
2640	31
2641	31
2642	32
2643	32
2644	32
2645	32
2646	32
2647	32
2648	32
2649	33
2650	32
2651	32
2652	32
2653	32
2654	32
2655	32
2656	32
2657	32
2658	32
2659	33
2660	33
2661	34
2662	34
2663	33
2664	33
2665	32
2666	32
2667	34
2668	34
2669	33
2670	34
2671	33
2672	33
2673	32
2674	31
2675	31
2676	31
2677	31
2678	31
2679	31
2680	31
2681	31
2682	31
2683	31
2684	31
2685	31
2686	29
2687	28
2688	28
2689	28
2690	28
2691	28
2692	28
2693	28
2694	28
2695	28
2696	28
2697	28
2698	28
2699	28
2700	29
2701	29
2702	29
2703	29
2704	29
2705	28
2706	28
2707	28
2708	28
2709	28
2710	27
2711	27
2712	27
2713	27
2714	27
2715	27
2716	28
2717	26
2718	26
2719	25
2720	25
2721	25
2722	26
2723	25
2724	25
2725	25
2726	28
2727	28
2728	29
2729	28
2730	28
2731	29
2732	29
2733	28
2734	28
2735	28
2736	27
2737	27
2738	27
2739	27
2740	27
2741	27
2742	27
2743	27
2744	26
2745	26
2746	26
2747	25
2748	24
2749	24
2750	24
2751	24
2752	24
2753	24
2754	24
2755	25
2756	26
2757	26
2758	26
2759	28
2760	28
2761	28
2762	28
2763	28
2764	27
2765	26
2766	26
2767	26
2768	26
2769	25
2770	24
2771	24
2772	24
2773	24
2774	24
2775	24
2776	24
2777	24
2778	24
2779	25
2780	25
2781	25
2782	25
2783	25
2784	25
2785	25
2786	25
2787	25
2788	25
2789	25
2790	25
2791	25
2792	25
2793	25
2794	25
2795	25
2796	25
2797	25
2798	25
2799	24
2800	24
2801	25
2802	25
2803	25
2804	25
2805	26
2806	27
2807	28
2808	28
2809	28
2810	28
2811	28
2812	29
2813	30
2814	29
2815	29
2816	29
2817	29
2818	29
2819	28
2820	27
2821	28
2822	28
2823	28
2824	28
2825	28
2826	27
2827	26
2828	26
2829	26
2830	24
2831	23
2832	23
2833	23
2834	23
2835	23
2836	25
2837	25
2838	25
2839	25
2840	25
2841	24
2842	23
2843	23
2844	23
2845	23
2846	23
2847	23
2848	24
2849	24
2850	24
2851	24
2852	24
2853	23
2854	23
2855	23
2856	22
2857	21
2858	21
2859	21
2860	21
2861	21
2862	21
2863	21
2864	21
2865	21
2866	21
2867	21
2868	21
2869	22
2870	22
2871	22
2872	22
2873	22
2874	22
2875	23
2876	23
2877	23
2878	23
2879	22
2880	22
2881	22
2882	22
2883	22
2884	22
2885	22
2886	23
2887	24
2888	24
2889	24
2890	24
2891	24
2892	24
2893	24
2894	24
2895	25
2896	25
2897	26
2898	26
2899	26
2900	25
2901	26
2902	26
2903	25
2904	25
2905	25
2906	26
2907	26
2908	26
2909	26
2910	26
2911	26
2912	26
2913	26
2914	26
2915	26
2916	25
2917	25
2918	24
2919	24
2920	24
2921	24
2922	24
2923	24
2924	23
2925	23
2926	23
2927	22
2928	23
2929	23
2930	23
2931	23
2932	24
2933	25
2934	24
2935	25
2936	25
2937	25
2938	25
2939	25
2940	25
2941	25
2942	25
2943	25
2944	25
2945	25
2946	24
2947	24
2948	24
2949	23
2950	24
2951	24
2952	24
2953	23
2954	23
2955	24
2956	24
2957	24
2958	24
2959	25
2960	25
2961	25
2962	25
2963	25
2964	25
2965	25
2966	25
2967	26
2968	27
2969	27
2970	27
2971	28
2972	28
2973	28
2974	29
2975	29
2976	29
2977	28
2978	28
2979	28
2980	28
2981	28
2982	28
2983	28
2984	27
2985	27
2986	25
2987	25
2988	25
2989	25
2990	25
2991	25
2992	26
2993	27
2994	27
2995	27
2996	27
2997	27
2998	27
2999	27
3000	28
3001	29
3002	29
3003	29
3004	28
3005	28
3006	28
3007	28
3008	29
3009	29
3010	29
3011	29
3012	28
3013	28
3014	28
3015	28
3016	28
3017	28
3018	28
3019	28
3020	28
3021	28
3022	28
3023	28
3024	28
3025	28
3026	28
3027	28
3028	28
3029	29
3030	29
3031	29
3032	29
3033	29
3034	29
3035	29
3036	30
3037	30
3038	30
3039	30
3040	30
3041	30
3042	29
3043	29
3044	29
3045	29
3046	29
3047	29
3048	29
3049	29
3050	29
3051	30
3052	30
3053	30
3054	31
3055	31
3056	31
3057	31
3058	31
3059	31
3060	31
3061	31
3062	31
3063	31
3064	31
3065	31
3066	30
3067	29
3068	29
3069	29
3070	29
3071	28
3072	28
3073	28
3074	26
3075	26
3076	26
3077	26
3078	26
3079	26
3080	26
3081	26
3082	25
3083	25
3084	23
3085	23
3086	23
3087	23
3088	23
3089	23
3090	23
3091	23
3092	22
3093	22
3094	21
3095	21
3096	21
3097	21
3098	21
3099	21
3100	22
3101	23
3102	23
3103	23
3104	24
3105	23
3106	23
3107	23
3108	22
3109	24
3110	25
3111	25
3112	25
3113	25
3114	25
3115	25
3116	25
3117	25
3118	25
3119	25
3120	26
3121	26
3122	26
3123	26
3124	25
3125	25
3126	25
3127	25
3128	25
3129	25
3130	25
3131	25
3132	25
3133	25
3134	25
3135	24
3136	25
3137	25
3138	25
3139	25
3140	25
3141	25
3142	25
3143	25
3144	24
3145	25
3146	25
3147	25
3148	25
3149	25
3150	25
3151	25
3152	25
3153	25
3154	25
3155	26
3156	27
3157	25
3158	25
3159	25
3160	26
3161	26
3162	27
3163	27
3164	26
3165	26
3166	26
3167	26
3168	26
3169	25
3170	25
3171	23
3172	24
3173	24
3174	24
3175	24
3176	24
3177	24
3178	24
3179	24
3180	24
3181	25
3182	26
3183	26
3184	26
3185	26
3186	27
3187	27
3188	26
3189	26
3190	26
3191	26
3192	26
3193	26
3194	26
3195	27
3196	27
3197	27
3198	28
3199	28
3200	28
3201	28
3202	28
3203	29
3204	29
3205	28
3206	28
3207	29
3208	29
3209	29
3210	29
3211	29
3212	29
3213	29
3214	30
3215	30
3216	29
3217	29
3218	29
3219	29
3220	29
3221	29
3222	29
3223	29
3224	28
3225	28
3226	27
3227	26
3228	27
3229	26
3230	26
3231	26
3232	25
3233	26
3234	26
3235	26
3236	26
3237	26
3238	27
3239	27
3240	27
3241	27
3242	27
3243	27
3244	27
3245	27
3246	27
3247	27
3248	27
3249	27
3250	28
3251	28
3252	29
3253	29
3254	30
3255	31
3256	32
3257	33
3258	34
3259	35
3260	35
3261	35
3262	36
3263	37
3264	37
3265	39
3266	39
3267	39
3268	38
3269	37
3270	39
3271	39
3272	38
3273	38
3274	38
3275	38
3276	38
3277	38
3278	39
3279	40
3280	40
3281	42
3282	42
3283	42
3284	42
3285	42
3286	44
3287	44
3288	43
3289	43
3290	43
3291	43
3292	43
3293	43
3294	43
3295	43
3296	44
3297	44
3298	44
3299	44
3300	44
3301	44
3302	44
3303	44
3304	44
3305	44
3306	41
3307	39
3308	40
3309	39
3310	39
3311	39
3312	38
3313	37
3314	37
3315	38
3316	38
3317	38
3318	38
3319	38
3320	38
3321	38
3322	38
3323	37
3324	37
3325	37
3326	37
3327	37
3328	37
3329	37
3330	37
3331	37
3332	38
3333	38
3334	38
3335	38
3336	38
3337	38
3338	38
3339	39
3340	39
3341	39
3342	39
3343	39
3344	39
3345	38
3346	38
3347	38
3348	38
3349	39
3350	40
3351	41
3352	41
3353	41
3354	41
3355	41
3356	41
3357	41
3358	40
3359	41
3360	41
3361	40
3362	42
3363	42
3364	42
3365	41
3366	41
3367	42
3368	41
3369	41
3370	40
3371	40
3372	40
3373	40
3374	40
3375	40
3376	40
3377	41
3378	41
3379	40
3380	40
3381	40
3382	40
3383	40
3384	40
3385	39
3386	39
3387	40
3388	41
3389	41
3390	40
3391	40
3392	40
3393	40
3394	40
3395	40
3396	40
3397	40
3398	40
3399	40
3400	40
3401	40
3402	39
3403	38
3404	38
3405	38
3406	37
3407	37
3408	36
3409	36
3410	36
3411	37
3412	37
3413	37
3414	37
3415	37
3416	37
3417	38
3418	37
3419	36
3420	34
3421	35
3422	36
3423	36
3424	36
3425	35
3426	35
3427	35
3428	35
3429	35
3430	35
3431	36
3432	37
3433	38
3434	39
3435	40
3436	40
3437	41
3438	41
3439	42
3440	42
3441	42
3442	43
3443	41
3444	42
3445	42
3446	42
3447	43
3448	43
3449	44
3450	45
3451	46
3452	47
3453	48
3454	48
3455	47
3456	47
3457	47
3458	47
3459	47
3460	46
3461	46
3462	47
3463	47
3464	47
3465	47
3466	47
3467	46
3468	46
3469	45
3470	44
3471	44
3472	44
3473	44
3474	42
3475	42
3476	40
3477	39
3478	39
3479	37
3480	36
3481	36
3482	36
3483	36
3484	36
3485	37
3486	37
3487	37
3488	38
3489	38
3490	38
3491	38
3492	38
3493	38
3494	37
3495	37
3496	37
3497	37
3498	37
3499	37
3500	36
3501	36
3502	35
3503	35
3504	35
3505	35
3506	35
3507	36
3508	37
3509	37
3510	37
3511	37
3512	38
3513	38
3514	39
3515	40
3516	41
3517	41
3518	41
3519	40
3520	41
3521	41
3522	42
3523	43
3524	44
3525	45
3526	46
3527	47
3528	49
3529	49
3530	49
3531	50
3532	50
3533	50
3534	50
3535	52
3536	52
3537	52
3538	52
3539	52
3540	52
3541	52
3542	52
3543	51
3544	51
3545	50
3546	50
3547	50
3548	50
3549	49
3550	49
3551	49
3552	48
3553	48
3554	48
3555	48
3556	49
3557	49
3558	49
3559	49
3560	49
3561	50
3562	51
3563	51
3564	51
3565	51
3566	51
3567	51
3568	51
3569	51
3570	51
3571	51
3572	50
3573	50
3574	50
3575	49
3576	48
3577	49
3578	48
3579	47
3580	47
3581	47
3582	47
3583	48
3584	48
3585	48
3586	49
3587	49
3588	48
3589	47
3590	47
3591	46
3592	46
3593	46
3594	46
3595	46
3596	46
3597	47
3598	47
3599	48
3600	49
3601	50
3602	51
3603	51
3604	51
3605	51
3606	51
3607	51
3608	52
3609	52
3610	53
3611	53
3612	53
3613	53
3614	53
3615	53
3616	53
3617	54
3618	53
3619	53
3620	53
3621	53
3622	55
3623	56
3624	56
3625	56
3626	56
3627	56
3628	56
3629	56
3630	55
3631	55
3632	54
3633	55
3634	54
3635	54
3636	54
3637	52
3638	51
3639	50
3640	51
3641	52
3642	51
3643	51
3644	51
3645	49
3646	48
3647	47
3648	47
3649	47
3650	46
3651	46
3652	46
3653	46
3654	46
3655	46
3656	45
3657	45
3658	45
3659	44
3660	44
3661	43
3662	44
3663	44
3664	45
3665	45
3666	46
3667	45
3668	45
3669	44
3670	44
3671	44
3672	44
3673	44
3674	44
3675	44
3676	44
3677	45
3678	46
3679	47
3680	47
3681	47
3682	47
3683	47
3684	47
3685	48
3686	48
3687	48
3688	48
3689	48
3690	48
3691	48
3692	48
3693	48
3694	48
3695	48
3696	48
3697	48
3698	48
3699	49
3700	51
3701	51
3702	50
3703	49
3704	48
3705	47
3706	46
3707	45
3708	44
3709	44
3710	44
3711	43
3712	43
3713	41
3714	40
3715	38
3716	38
3717	38
3718	37
3719	37
3720	36
3721	36
3722	36
3723	35
3724	34
3725	34
3726	35
3727	34
3728	34
3729	34
3730	34
3731	34
3732	33
3733	33
3734	32
3735	32
3736	32
3737	32
3738	31
3739	31
3740	31
3741	31
3742	32
3743	32
3744	32
3745	32
3746	32
3747	32
3748	32
3749	32
3750	33
3751	32
3752	32
3753	31
3754	31
3755	31
3756	31
3757	31
3758	32
3759	31
3760	31
3761	31
3762	31
3763	32
3764	31
3765	32
3766	32
3767	32
3768	33
3769	33
3770	33
3771	33
3772	34
3773	34
3774	34
3775	34
3776	34
3777	34
3778	34
3779	34
3780	37
3781	37
3782	36
3783	36
3784	36
3785	36
3786	36
3787	35
3788	35
3789	35
3790	34
3791	34
3792	34
3793	34
3794	33
3795	33
3796	32
3797	32
3798	31
3799	30
3800	31
3801	30
3802	30
3803	30
3804	30
3805	30
3806	30
3807	30
3808	30
3809	30
3810	30
3811	31
3812	33
3813	34
3814	36
3815	36
3816	36
3817	36
3818	35
3819	35
3820	34
3821	35
3822	35
3823	35
3824	35
3825	35
3826	35
3827	35
3828	35
3829	36
3830	36
3831	37
3832	37
3833	37
3834	36
3835	36
3836	36
3837	35
3838	35
3839	34
3840	34
3841	34
3842	34
3843	34
3844	34
3845	34
3846	34
3847	34
3848	34
3849	33
3850	34
3851	33
3852	33
3853	33
3854	33
3855	33
3856	33
3857	33
3858	33
3859	32
3860	31
3861	31
3862	31
3863	31
3864	31
3865	31
3866	31
3867	31
3868	31
3869	30
3870	32
3871	32
3872	32
3873	32
3874	32
3875	32
3876	31
3877	30
3878	29
3879	29
3880	30
3881	30
3882	29
3883	29
3884	28
3885	28
3886	28
3887	28
3888	28
3889	28
3890	28
3891	28
3892	30
3893	29
3894	29
3895	30
3896	29
3897	29
3898	29
3899	28
3900	29
3901	28
3902	28
3903	28
3904	29
3905	29
3906	29
3907	29
3908	29
3909	29
3910	29
3911	29
3912	28
3913	28
3914	27
3915	27
3916	28
3917	28
3918	27
3919	26
3920	25
3921	25
3922	25
3923	25
3924	25
3925	24
3926	24
3927	23
3928	24
3929	24
3930	25
3931	25
3932	26
3933	24
3934	24
3935	24
3936	24
3937	24
3938	24
3939	24
3940	23
3941	23
3942	23
3943	23
3944	24
3945	24
3946	23
3947	22
3948	23
3949	23
3950	23
3951	23
3952	23
3953	23
3954	22
3955	22
3956	23
3957	23
3958	23
3959	23
3960	23
3961	24
3962	25
3963	25
3964	24
3965	24
3966	24
3967	24
3968	24
3969	24
3970	24
3971	24
3972	24
3973	24
3974	24
3975	24
3976	24
3977	23
3978	23
3979	23
3980	23
3981	23
3982	24
3983	23
3984	23
3985	23
3986	23
3987	23
3988	23
3989	23
3990	23
3991	23
3992	23
3993	23
3994	23
3995	23
3996	23
3997	22
3998	22
3999	22
4000	22
4001	21
4002	21
4003	21
4004	21
4005	20
4006	20
4007	20
4008	20
4009	21
4010	21
4011	21
4012	22
4013	22
4014	22
4015	23
4016	23
4017	24
4018	24
4019	24
4020	24
4021	25
4022	25
4023	24
4024	24
4025	25
4026	26
4027	26
4028	26
4029	26
4030	27
4031	26
4032	26
4033	26
4034	26
4035	26
4036	26
4037	26
4038	26
4039	24
4040	23
4041	22
4042	22
4043	22
4044	21
4045	21
4046	21
4047	21
4048	21
4049	20
4050	19
4051	19
4052	19
4053	19
4054	20
4055	20
4056	20
4057	20
4058	20
4059	20
4060	19
4061	19
4062	19
4063	19
4064	20
4065	21
4066	21
4067	21
4068	21
4069	21
4070	21
4071	21
4072	21
4073	21
4074	21
4075	21
4076	21
4077	21
4078	21
4079	22
4080	22
4081	22
4082	22
4083	22
4084	22
4085	22
4086	23
4087	23
4088	23
4089	23
4090	23
4091	22
4092	21
4093	21
4094	21
4095	21
4096	21
4097	21
4098	21
4099	21
4100	21
4101	21
4102	21
4103	21
4104	20
4105	20
4106	19
4107	18
4108	18
4109	18
4110	18
4111	17
4112	16
4113	16
4114	16
4115	16
4116	16
4117	17
4118	17
4119	17
4120	17
4121	17
4122	17
4123	16
4124	16
4125	16
4126	16
4127	16
4128	16
4129	16
4130	17
4131	17
4132	16
4133	16
4134	16
4135	16
4136	16
4137	16
4138	16
4139	16
4140	16
4141	16
4142	16
4143	17
4144	17
4145	17
4146	17
4147	17
4148	16
4149	16
4150	16
4151	16
4152	16
4153	16
4154	16
4155	16
4156	16
4157	16
4158	16
4159	17
4160	16
4161	16
4162	17
4163	18
4164	19
4165	20
4166	20
4167	21
4168	21
4169	21
4170	21
4171	21
4172	21
4173	21
4174	21
4175	21
4176	20
4177	20
4178	20
4179	20
4180	20
4181	21
4182	21
4183	21
4184	22
4185	22
4186	22
4187	22
4188	23
4189	23
4190	24
4191	24
4192	23
4193	24
4194	24
4195	23
4196	23
4197	23
4198	22
4199	22
4200	22
4201	21
4202	21
4203	22
4204	23
4205	23
4206	23
4207	23
4208	24
4209	24
4210	24
4211	24
4212	24
4213	24
4214	24
4215	24
4216	23
4217	23
4218	23
4219	23
4220	23
4221	23
4222	23
4223	23
4224	24
4225	24
4226	24
4227	23
4228	23
4229	23
4230	23
4231	24
4232	25
4233	25
4234	25
4235	25
4236	25
4237	25
4238	26
4239	26
4240	26
4241	26
4242	26
4243	26
4244	26
4245	26
4246	26
4247	26
4248	26
4249	26
4250	26
4251	27
4252	28
4253	28
4254	28
4255	29
4256	29
4257	29
4258	29
4259	29
4260	28
4261	28
4262	28
4263	28
4264	27
4265	27
4266	27
4267	26
4268	25
4269	25
4270	25
4271	25
4272	26
4273	24
4274	24
4275	24
4276	24
4277	24
4278	24
4279	25
4280	25
4281	24
4282	24
4283	25
4284	25
4285	26
4286	25
4287	25
4288	25
4289	25
4290	25
4291	26
4292	26
4293	26
4294	26
4295	25
4296	25
4297	25
4298	25
4299	25
4300	24
4301	24
4302	24
4303	24
4304	24
4305	24
4306	25
4307	25
4308	26
4309	26
4310	26
4311	25
4312	25
4313	25
4314	26
4315	26
4316	26
4317	26
4318	26
4319	27
4320	27
4321	27
4322	27
4323	27
4324	28
4325	28
4326	28
4327	28
4328	28
4329	28
4330	27
4331	27
4332	26
4333	26
4334	26
4335	26
4336	26
4337	26
4338	25
4339	25
4340	25
4341	25
4342	24
4343	23
4344	23
4345	23
4346	23
4347	22
4348	22
4349	21
4350	21
4351	20
4352	19
4353	19
4354	19
4355	19
4356	19
4357	19
4358	19
4359	19
4360	19
4361	19
4362	19
4363	19
4364	19
4365	20
4366	20
4367	20
4368	20
4369	20
4370	21
4371	22
4372	23
4373	24
4374	24
4375	24
4376	24
4377	24
4378	24
4379	25
4380	27
4381	27
4382	27
4383	27
4384	27
4385	28
4386	27
4387	27
4388	27
4389	27
4390	27
4391	27
4392	26
4393	25
4394	25
4395	24
4396	24
4397	24
4398	24
4399	24
4400	23
4401	23
4402	23
4403	23
4404	23
4405	24
4406	24
4407	24
4408	24
4409	24
4410	25
4411	25
4412	25
4413	25
4414	25
4415	25
4416	25
4417	25
4418	25
4419	26
4420	25
4421	24
4422	24
4423	24
4424	25
4425	25
4426	24
4427	24
4428	23
4429	22
4430	22
4431	22
4432	21
4433	20
4434	20
4435	20
4436	20
4437	21
4438	22
4439	22
4440	23
4441	23
4442	23
4443	23
4444	23
4445	22
4446	22
4447	21
4448	21
4449	21
4450	21
4451	21
4452	21
4453	22
4454	22
4455	22
4456	23
4457	23
4458	22
4459	21
4460	22
4461	22
4462	22
4463	22
4464	22
4465	22
4466	22
4467	22
4468	22
4469	22
4470	22
4471	22
4472	22
4473	22
4474	22
4475	23
4476	22
4477	22
4478	22
4479	23
4480	23
4481	23
4482	23
4483	23
4484	22
4485	23
4486	23
4487	23
4488	23
4489	23
4490	23
4491	23
4492	23
4493	23
4494	23
4495	23
4496	23
4497	23
4498	23
4499	23
4500	24
4501	24
4502	24
4503	24
4504	25
4505	25
4506	25
4507	25
4508	25
4509	26
4510	27
4511	27
4512	27
4513	27
4514	27
4515	27
4516	27
4517	27
4518	28
4519	28
4520	28
4521	28
4522	28
4523	29
4524	29
4525	29
4526	29
4527	30
4528	30
4529	31
4530	31
4531	31
4532	32
4533	32
4534	32
4535	31
4536	31
4537	31
4538	31
4539	31
4540	31
4541	30
4542	30
4543	29
4544	29
4545	30
4546	30
4547	29
4548	28
4549	28
4550	29
4551	29
4552	29
4553	29
4554	28
4555	28
4556	27
4557	28
4558	27
4559	27
4560	27
4561	27
4562	27
4563	26
4564	26
4565	25
4566	25
4567	26
4568	26
4569	26
4570	26
4571	25
4572	25
4573	24
4574	24
4575	24
4576	24
4577	24
4578	24
4579	24
4580	24
4581	23
4582	24
4583	24
4584	24
4585	24
4586	23
4587	22
4588	22
4589	21
4590	21
4591	22
4592	22
4593	21
4594	21
4595	21
4596	21
4597	21
4598	21
4599	23
4600	22
4601	22
4602	21
4603	20
4604	20
4605	20
4606	20
4607	20
4608	20
4609	20
4610	20
4611	20
4612	20
4613	20
4614	21
4615	20
4616	20
4617	20
4618	20
4619	20
4620	20
4621	20
4622	19
4623	19
4624	19
4625	19
4626	19
4627	19
4628	19
4629	19
4630	19
4631	19
4632	18
4633	18
4634	18
4635	18
4636	18
4637	17
4638	17
4639	17
4640	17
4641	17
4642	17
4643	17
4644	17
4645	18
4646	18
4647	18
4648	17
4649	17
4650	18
4651	18
4652	19
4653	19
4654	19
4655	19
4656	19
4657	19
4658	17
4659	17
4660	17
4661	17
4662	17
4663	17
4664	16
4665	16
4666	16
4667	16
4668	15
4669	14
4670	15
4671	15
4672	15
4673	15
4674	16
4675	15
4676	15
4677	15
4678	15
4679	15
4680	15
4681	15
4682	15
4683	15
4684	16
4685	16
4686	16
4687	16
4688	16
4689	16
4690	16
4691	16
4692	16
4693	16
4694	16
4695	16
4696	16
4697	16
4698	16
4699	16
4700	16
4701	16
4702	17
4703	17
4704	17
4705	17
4706	17
4707	17
4708	17
4709	17
4710	17
4711	17
4712	17
4713	17
4714	18
4715	18
4716	18
4717	18
4718	18
4719	19
4720	20
4721	20
4722	20
4723	20
4724	20
4725	20
4726	21
4727	21
4728	21
4729	21
4730	21
4731	21
4732	22
4733	22
4734	22
4735	22
4736	22
4737	22
4738	22
4739	21
4740	21
4741	21
4742	21
4743	21
4744	21
4745	22
4746	21
4747	21
4748	21
4749	22
4750	22
4751	22
4752	22
4753	21
4754	21
4755	21
4756	21
4757	21
4758	20
4759	18
4760	19
4761	20
4762	20
4763	20
4764	19
4765	19
4766	19
4767	19
4768	19
4769	20
4770	20
4771	20
4772	20
4773	20
4774	20
4775	20
4776	20
4777	20
4778	21
4779	21
4780	21
4781	21
4782	21
4783	21
4784	20
4785	20
4786	19
4787	19
4788	19
4789	20
4790	20
4791	19
4792	19
4793	20
4794	20
4795	19
4796	17
4797	17
4798	17
4799	17
4800	17
4801	18
4802	18
4803	18
4804	18
4805	18
4806	19
4807	18
4808	18
4809	18
4810	18
4811	18
4812	18
4813	18
4814	18
4815	19
4816	19
4817	19
4818	18
4819	18
4820	18
4821	18
4822	17
4823	17
4824	16
4825	16
4826	18
4827	18
4828	19
4829	19
4830	19
4831	19
4832	19
4833	19
4834	19
4835	19
4836	19
4837	18
4838	18
4839	18
4840	18
4841	18
4842	18
4843	19
4844	20
4845	21
4846	21
4847	22
4848	23
4849	24
4850	25
4851	25
4852	25
4853	25
4854	25
4855	25
4856	25
4857	25
4858	25
4859	25
4860	25
4861	25
4862	24
4863	25
4864	25
4865	27
4866	27
4867	27
4868	27
4869	27
4870	27
4871	27
4872	27
4873	27
4874	27
4875	28
4876	28
4877	28
4878	28
4879	28
4880	28
4881	29
4882	29
4883	29
4884	28
4885	27
4886	27
4887	27
4888	27
4889	27
4890	27
4891	27
4892	27
4893	27
4894	27
4895	27
4896	26
4897	26
4898	26
4899	26
4900	26
4901	26
4902	27
4903	27
4904	27
4905	27
4906	28
4907	28
4908	28
4909	28
4910	28
4911	28
4912	28
4913	28
4914	28
4915	28
4916	28
4917	28
4918	29
4919	29
4920	29
4921	29
4922	29
4923	31
4924	31
4925	32
4926	34
4927	34
4928	34
4929	32
4930	31
4931	31
4932	31
4933	32
4934	32
4935	32
4936	32
4937	32
4938	32
4939	32
4940	32
4941	32
4942	33
4943	33
4944	33
4945	33
4946	34
4947	34
4948	34
4949	35
4950	35
4951	35
4952	35
4953	35
4954	35
4955	35
4956	35
4957	35
4958	35
4959	35
4960	35
4961	35
4962	35
4963	35
4964	34
4965	33
4966	33
4967	33
4968	34
4969	34
4970	34
4971	34
4972	35
4973	35
4974	35
4975	35
4976	35
4977	35
4978	35
4979	35
4980	35
4981	36
4982	36
4983	35
4984	35
4985	36
4986	36
4987	36
4988	36
4989	36
4990	36
4991	36
4992	36
4993	35
4994	35
4995	35
4996	34
4997	33
4998	34
4999	35
5000	35
5001	35
5002	36
5003	36
5004	36
5005	37
5006	38
5007	38
5008	38
5009	38
5010	39
5011	39
5012	39
5013	40
5014	40
5015	40
5016	40
5017	40
5018	40
5019	40
5020	40
5021	42
5022	42
5023	43
5024	43
5025	42
5026	41
5027	41
5028	40
5029	40
5030	40
5031	40
5032	41
5033	41
5034	42
5035	43
5036	44
5037	45
5038	46
5039	47
5040	47
5041	46
5042	47
5043	47
5044	47
5045	48
5046	48
5047	48
5048	48
5049	48
5050	48
5051	48
5052	48
5053	48
5054	48
5055	48
5056	48
5057	48
5058	48
5059	48
5060	48
5061	48
5062	48
5063	48
5064	48
5065	47
5066	48
5067	48
5068	48
5069	49
5070	50
5071	49
5072	47
5073	47
5074	48
5075	47
5076	48
5077	47
5078	47
5079	48
5080	48
5081	50
5082	50
5083	50
5084	50
5085	50
5086	49
5087	49
5088	48
5089	48
5090	47
5091	48
5092	49
5093	49
5094	49
5095	49
5096	50
5097	49
5098	50
5099	49
5100	49
5101	48
5102	49
5103	49
5104	49
5105	49
5106	48
5107	48
5108	48
5109	49
5110	48
5111	48
5112	48
5113	48
5114	49
5115	50
5116	50
5117	52
5118	53
5119	53
5120	53
5121	54
5122	54
5123	54
5124	54
5125	54
5126	54
5127	54
5128	54
5129	54
5130	54
5131	54
5132	55
5133	57
5134	58
5135	59
5136	61
5137	61
5138	63
5139	63
5140	64
5141	67
5142	68
5143	68
5144	68
5145	66
5146	66
5147	66
5148	66
5149	64
5150	65
5151	64
5152	65
5153	64
5154	64
5155	65
5156	66
5157	67
5158	67
5159	68
5160	68
5161	68
5162	68
5163	69
5164	69
5165	70
5166	69
5167	68
5168	69
5169	69
5170	70
5171	70
5172	70
5173	70
5174	69
5175	68
5176	70
5177	70
5178	70
5179	70
5180	70
5181	71
5182	71
5183	71
5184	71
5185	71
5186	72
5187	74
5188	74
5189	74
5190	74
5191	74
5192	74
5193	75
5194	75
5195	76
5196	75
5197	75
5198	74
5199	74
5200	76
5201	76
5202	76
5203	76
5204	76
5205	75
5206	75
5207	75
5208	75
5209	77
5210	78
5211	80
5212	81
5213	83
5214	83
5215	84
5216	84
5217	83
5218	83
5219	82
5220	83
5221	83
5222	83
5223	82
5224	82
5225	82
5226	82
5227	80
5228	80
5229	79
5230	79
5231	79
5232	78
5233	79
5234	79
5235	79
5236	79
5237	79
5238	78
5239	77
5240	78
5241	78
5242	78
5243	79
5244	79
5245	78
5246	77
5247	76
5248	76
5249	76
5250	75
5251	76
5252	76
5253	76
5254	76
5255	75
5256	76
5257	75
5258	74
5259	74
5260	74
5261	75
5262	75
5263	76
5264	76
5265	76
5266	76
5267	76
5268	75
5269	75
5270	75
5271	74
5272	76
5273	77
5274	77
5275	79
5276	79
5277	80
5278	81
5279	81
5280	81
5281	82
5282	81
5283	82
5284	82
5285	82
5286	83
5287	83
5288	84
5289	84
5290	85
5291	85
5292	85
5293	85
5294	87
5295	87
5296	88
5297	87
5298	87
5299	87
5300	90
5301	91
5302	92
5303	93
5304	94
5305	93
5306	93
5307	92
5308	92
5309	91
5310	90
5311	89
5312	89
5313	88
5314	86
5315	85
5316	84
5317	84
5318	84
5319	84
5320	83
5321	82
5322	83
5323	82
5324	82
5325	81
5326	81
5327	82
5328	81
5329	81
5330	82
5331	81
5332	82
5333	83
5334	80
5335	80
5336	80
5337	80
5338	80
5339	82
5340	82
5341	79
5342	81
5343	78
5344	78
5345	78
5346	77
5347	76
5348	76
5349	76
5350	75
5351	74
5352	74
5353	73
5354	74
5355	74
5356	74
5357	74
5358	74
5359	75
5360	73
5361	73
5362	73
5363	74
5364	74
5365	73
5366	73
5367	74
5368	74
5369	74
5370	72
5371	72
5372	71
5373	71
5374	71
5375	71
5376	72
5377	71
5378	71
5379	71
5380	71
5381	71
5382	71
5383	71
5384	70
5385	71
5386	71
5387	71
5388	71
5389	71
5390	71
5391	71
5392	71
5393	71
5394	70
5395	69
5396	68
5397	69
5398	67
5399	66
5400	66
5401	65
5402	66
5403	65
5404	65
5405	65
5406	65
5407	66
5408	66
5409	66
5410	66
5411	67
5412	66
5413	64
5414	66
5415	66
5416	66
5417	65
5418	65
5419	63
5420	63
5421	64
5422	66
5423	66
5424	67
5425	68
5426	67
5427	67
5428	67
5429	67
5430	67
5431	67
5432	66
5433	65
5434	65
5435	65
5436	65
5437	65
5438	65
5439	64
5440	64
5441	64
5442	65
5443	65
5444	66
5445	67
5446	67
5447	66
5448	67
5449	67
5450	67
5451	68
5452	69
5453	70
5454	70
5455	70
5456	71
5457	71
5458	72
5459	72
5460	72
5461	72
5462	71
5463	71
5464	71
5465	71
5466	70
5467	69
5468	69
5469	69
5470	69
5471	70
5472	70
5473	69
5474	71
5475	71
5476	71
5477	71
5478	71
5479	71
5480	71
5481	72
5482	70
5483	68
5484	68
5485	69
5486	69
5487	70
5488	69
5489	70
5490	70
5491	71
5492	71
5493	69
5494	69
5495	68
5496	68
5497	68
5498	68
5499	66
5500	67
5501	67
5502	67
5503	66
5504	67
5505	66
5506	66
5507	66
5508	67
5509	67
5510	67
5511	66
5512	65
5513	65
5514	65
5515	65
5516	65
5517	66
5518	68
5519	68
5520	68
5521	68
5522	67
5523	67
5524	67
5525	67
5526	67
5527	66
5528	65
5529	64
5530	64
5531	63
5532	62
5533	62
5534	63
5535	63
5536	64
5537	65
5538	65
5539	64
5540	64
5541	65
5542	65
5543	65
5544	64
5545	65
5546	65
5547	63
5548	62
5549	61
5550	61
5551	59
5552	59
5553	60
5554	60
5555	60
5556	59
5557	59
5558	58
5559	56
5560	56
5561	56
5562	56
5563	58
5564	58
5565	59
5566	58
5567	57
5568	57
5569	56
5570	56
5571	55
5572	55
5573	55
5574	55
5575	54
5576	53
5577	53
5578	53
5579	52
5580	52
5581	50
5582	50
5583	50
5584	50
5585	50
5586	51
5587	51
5588	51
5589	51
5590	51
5591	51
5592	49
5593	48
5594	47
5595	46
5596	45
5597	45
5598	45
5599	45
5600	46
5601	46
5602	46
5603	47
5604	47
5605	47
5606	48
5607	49
5608	51
5609	51
5610	52
5611	53
5612	53
5613	53
5614	53
5615	53
5616	53
5617	53
5618	53
5619	54
5620	53
5621	52
5622	51
5623	50
5624	50
5625	49
5626	48
5627	48
5628	47
5629	47
5630	45
5631	45
5632	45
5633	44
5634	42
5635	42
5636	42
5637	42
5638	41
5639	41
5640	40
5641	38
5642	37
5643	37
5644	36
5645	36
5646	35
5647	36
5648	34
5649	34
5650	33
5651	32
5652	32
5653	33
5654	34
5655	34
5656	33
5657	33
5658	33
5659	33
5660	32
5661	32
5662	33
5663	33
5664	32
5665	32
5666	32
5667	33
5668	33
5669	32
5670	32
5671	32
5672	32
5673	32
5674	32
5675	32
5676	33
5677	33
5678	34
5679	33
5680	33
5681	33
5682	33
5683	33
5684	34
5685	34
5686	35
5687	35
5688	35
5689	35
5690	36
5691	35
5692	35
5693	36
5694	38
5695	38
5696	38
5697	40
5698	40
5699	41
5700	43
5701	43
5702	44
5703	43
5704	42
5705	41
5706	41
5707	40
5708	39
5709	39
5710	38
5711	39
5712	38
5713	37
5714	37
5715	36
5716	35
5717	34
5718	34
5719	33
5720	34
5721	34
5722	34
5723	34
5724	34
5725	35
5726	35
5727	33
5728	32
5729	34
5730	32
5731	33
5732	33
5733	33
5734	31
5735	30
5736	30
5737	29
5738	29
5739	28
5740	28
5741	29
5742	30
5743	30
5744	29
5745	30
5746	30
5747	30
5748	30
5749	30
5750	30
5751	30
5752	30
5753	30
5754	30
5755	30
5756	31
5757	32
5758	32
5759	33
5760	33
5761	34
5762	33
5763	32
5764	32
5765	32
5766	31
5767	32
5768	32
5769	33
5770	35
5771	36
5772	36
5773	36
5774	37
5775	37
5776	38
5777	38
5778	39
5779	40
5780	40
5781	40
5782	41
5783	40
5784	40
5785	40
5786	41
5787	40
5788	38
5789	37
5790	35
5791	34
5792	34
5793	34
5794	34
5795	33
5796	33
5797	32
5798	32
5799	31
5800	31
5801	29
5802	29
5803	28
5804	28
5805	28
5806	27
5807	26
5808	26
5809	25
5810	25
5811	24
5812	23
5813	23
5814	23
5815	23
5816	25
5817	25
5818	25
5819	25
5820	24
5821	24
5822	24
5823	25
5824	25
5825	25
5826	26
5827	26
5828	26
5829	26
5830	26
5831	26
5832	26
5833	27
5834	29
5835	29
5836	29
5837	29
5838	29
5839	30
5840	30
5841	30
5842	29
5843	29
5844	29
5845	28
5846	29
5847	29
5848	29
5849	27
5850	26
5851	27
5852	26
5853	26
5854	27
5855	27
5856	27
5857	27
5858	27
5859	27
5860	27
5861	26
5862	27
5863	28
5864	28
5865	28
5866	27
5867	27
5868	27
5869	26
5870	26
5871	26
5872	26
5873	26
5874	27
5875	27
5876	28
5877	29
5878	31
5879	31
5880	29
5881	30
5882	30
5883	29
5884	27
5885	27
5886	27
5887	27
5888	27
5889	27
5890	28
5891	29
5892	29
5893	29
5894	30
5895	30
5896	30
5897	30
5898	29
5899	31
5900	33
5901	33
5902	34
5903	34
5904	35
5905	35
5906	35
5907	35
5908	35
5909	35
5910	34
5911	35
5912	34
5913	34
5914	33
5915	33
5916	33
5917	33
5918	33
5919	33
5920	32
5921	30
5922	29
5923	29
5924	29
5925	29
5926	30
5927	30
5928	31
5929	32
5930	31
5931	31
5932	31
5933	31
5934	32
5935	31
5936	30
5937	29
5938	28
5939	28
5940	28
5941	28
5942	28
5943	29
5944	28
5945	28
5946	28
5947	27
5948	27
5949	27
5950	27
5951	28
5952	28
5953	29
5954	30
5955	30
5956	30
5957	31
5958	30
5959	31
5960	31
5961	32
5962	34
5963	34
5964	35
5965	36
5966	37
5967	38
5968	38
5969	39
5970	38
5971	38
5972	38
5973	38
5974	38
5975	38
5976	38
5977	36
5978	36
5979	36
5980	36
5981	34
5982	35
5983	34
5984	34
5985	34
5986	35
5987	35
5988	35
5989	34
5990	34
5991	34
5992	34
5993	34
5994	32
5995	32
5996	31
5997	32
5998	31
5999	31
6000	30
6001	29
6002	29
6003	29
6004	29
6005	29
6006	29
6007	29
6008	29
6009	30
6010	30
6011	29
6012	30
6013	31
6014	31
6015	31
6016	31
6017	30
6018	31
6019	31
6020	33
6021	33
6022	34
6023	36
6024	35
6025	36
6026	36
6027	37
6028	37
6029	36
6030	37
6031	37
6032	37
6033	37
6034	36
6035	36
6036	36
6037	37
6038	37
6039	38
6040	39
6041	38
6042	39
6043	39
6044	39
6045	39
6046	39
6047	39
6048	38
6049	38
6050	38
6051	38
6052	38
6053	38
6054	38
6055	36
6056	37
6057	36
6058	35
6059	33
6060	33
6061	33
6062	33
6063	32
6064	32
6065	32
6066	31
6067	31
6068	30
6069	28
6070	27
6071	27
6072	27
6073	27
6074	27
6075	27
6076	27
6077	26
6078	26
6079	25
6080	27
6081	27
6082	26
6083	26
6084	26
6085	27
6086	26
6087	26
6088	26
6089	26
6090	26
6091	26
6092	26
6093	26
6094	27
6095	27
6096	26
6097	26
6098	27
6099	28
6100	28
6101	28
6102	29
6103	29
6104	30
6105	30
6106	30
6107	30
6108	30
6109	30
6110	30
6111	30
6112	29
6113	29
6114	29
6115	29
6116	29
6117	31
6118	32
6119	32
6120	31
6121	32
6122	32
6123	32
6124	32
6125	32
6126	33
6127	33
6128	34
6129	35
6130	35
6131	36
6132	36
6133	36
6134	37
6135	36
6136	36
6137	37
6138	38
6139	38
6140	38
6141	39
6142	40
6143	40
6144	41
6145	43
6146	43
6147	44
6148	44
6149	46
6150	46
6151	47
6152	46
6153	46
6154	44
6155	44
6156	43
6157	42
6158	40
6159	40
6160	39
6161	39
6162	38
6163	39
6164	39
6165	38
6166	39
6167	39
6168	39
6169	39
6170	39
6171	39
6172	38
6173	37
6174	36
6175	35
6176	34
6177	34
6178	34
6179	34
6180	34
6181	33
6182	33
6183	33
6184	33
6185	32
6186	33
6187	33
6188	34
6189	34
6190	34
6191	35
6192	36
6193	36
6194	36
6195	36
6196	36
6197	37
6198	36
6199	35
6200	35
6201	35
6202	35
6203	35
6204	34
6205	34
6206	34
6207	34
6208	34
6209	33
6210	33
6211	32
6212	31
6213	30
6214	29
6215	29
6216	29
6217	29
6218	30
6219	30
6220	30
6221	31
6222	31
6223	30
6224	30
6225	31
6226	32
6227	32
6228	33
6229	33
6230	32
6231	32
6232	33
6233	33
6234	33
6235	34
6236	34
6237	34
6238	34
6239	34
6240	34
6241	34
6242	34
6243	34
6244	34
6245	34
6246	32
6247	32
6248	31
6249	33
6250	33
6251	32
6252	32
6253	32
6254	32
6255	34
6256	34
6257	34
6258	35
6259	35
6260	36
6261	36
6262	37
6263	37
6264	37
6265	37
6266	37
6267	38
6268	39
6269	40
6270	39
6271	40
6272	40
6273	39
6274	39
6275	39
6276	39
6277	40
6278	40
6279	40
6280	40
6281	41
6282	41
6283	41
6284	42
6285	43
6286	44
6287	44
6288	44
6289	44
6290	44
6291	44
6292	44
6293	43
6294	42
6295	42
6296	42
6297	41
6298	41
6299	41
6300	40
6301	40
6302	40
6303	40
6304	41
6305	41
6306	41
6307	41
6308	41
6309	41
6310	41
6311	40
6312	39
6313	38
6314	39
6315	38
6316	38
6317	37
6318	37
6319	37
6320	37
6321	37
6322	38
6323	38
6324	38
6325	39
6326	39
6327	38
6328	39
6329	39
6330	39
6331	39
6332	39
6333	39
6334	39
6335	39
6336	39
6337	39
6338	39
6339	40
6340	41
6341	42
6342	42
6343	40
6344	41
6345	40
6346	40
6347	40
6348	40
6349	41
6350	42
6351	43
6352	43
6353	43
6354	43
6355	43
6356	43
6357	43
6358	44
6359	44
6360	45
6361	45
6362	45
6363	45
6364	44
6365	44
6366	44
6367	45
6368	45
6369	45
6370	45
6371	45
6372	44
6373	45
6374	44
6375	44
6376	44
6377	45
6378	44
6379	44
6380	44
6381	44
6382	44
6383	44
6384	44
6385	45
6386	44
6387	45
6388	46
6389	47
6390	47
6391	47
6392	47
6393	47
6394	46
6395	46
6396	46
6397	46
6398	46
6399	46
6400	46
6401	46
6402	46
6403	46
6404	46
6405	47
6406	46
6407	46
6408	46
6409	46
6410	46
6411	46
6412	45
6413	44
6414	44
6415	45
6416	45
6417	45
6418	45
6419	45
6420	45
6421	46
6422	45
6423	44
6424	45
6425	44
6426	44
6427	44
6428	43
6429	43
6430	43
6431	43
6432	43
6433	43
6434	43
6435	42
6436	42
6437	43
6438	44
6439	44
6440	44
6441	45
6442	45
6443	45
6444	45
6445	46
6446	47
6447	47
6448	47
6449	47
6450	48
6451	49
6452	48
6453	50
6454	50
6455	50
6456	50
6457	50
6458	50
6459	51
6460	51
6461	52
6462	52
6463	52
6464	52
6465	53
6466	54
6467	54
6468	55
6469	55
6470	55
6471	56
6472	57
6473	57
6474	56
6475	56
6476	56
6477	56
6478	56
6479	56
6480	57
6481	57
6482	57
6483	57
6484	56
6485	56
6486	56
6487	56
6488	56
6489	56
6490	56
6491	55
6492	55
6493	54
6494	54
6495	54
6496	54
6497	54
6498	55
6499	55
6500	56
6501	56
6502	57
6503	56
6504	56
6505	56
6506	56
6507	56
6508	56
6509	55
6510	56
6511	54
6512	54
6513	52
6514	51
6515	51
6516	51
6517	51
6518	49
6519	49
6520	49
6521	49
6522	50
6523	51
6524	51
6525	51
6526	50
6527	50
6528	49
6529	49
6530	49
6531	48
6532	47
6533	47
6534	46
6535	46
6536	46
6537	46
6538	46
6539	46
6540	46
6541	46
6542	46
6543	46
6544	46
6545	46
6546	46
6547	46
6548	46
6549	45
6550	45
6551	45
6552	46
6553	46
6554	47
6555	47
6556	47
6557	47
6558	47
6559	47
6560	46
6561	46
6562	47
6563	46
6564	46
6565	46
6566	46
6567	46
6568	46
6569	45
6570	44
6571	44
6572	45
6573	44
6574	44
6575	44
6576	45
6577	45
6578	45
6579	45
6580	45
6581	44
6582	44
6583	44
6584	43
6585	44
6586	44
6587	44
6588	46
6589	45
6590	44
6591	45
6592	44
6593	44
6594	43
6595	43
6596	43
6597	44
6598	45
6599	45
6600	46
6601	46
6602	45
6603	45
6604	46
6605	47
6606	47
6607	50
6608	50
6609	50
6610	50
6611	50
6612	50
6613	49
6614	50
6615	50
6616	51
6617	52
6618	52
6619	53
6620	53
6621	53
6622	54
6623	53
6624	53
6625	53
6626	53
6627	53
6628	53
6629	53
6630	53
6631	53
6632	52
6633	52
6634	51
6635	50
6636	50
6637	50
6638	51
6639	51
6640	52
6641	52
6642	52
6643	54
6644	54
6645	54
6646	54
6647	54
6648	54
6649	54
6650	54
6651	54
6652	54
6653	54
6654	54
6655	54
6656	56
6657	55
6658	55
6659	54
6660	53
6661	53
6662	53
6663	54
6664	54
6665	53
6666	52
6667	52
6668	51
6669	51
6670	51
6671	50
6672	50
6673	49
6674	50
6675	50
6676	51
6677	50
6678	50
6679	50
6680	50
6681	49
6682	50
6683	51
6684	51
6685	51
6686	51
6687	51
6688	52
6689	52
6690	53
6691	53
6692	52
6693	52
6694	51
6695	51
6696	51
6697	52
6698	52
6699	53
6700	53
6701	53
6702	53
6703	52
6704	51
6705	50
6706	50
6707	50
6708	50
6709	50
6710	50
6711	51
6712	51
6713	51
6714	51
6715	51
6716	51
6717	51
6718	51
6719	52
6720	52
6721	52
6722	52
6723	52
6724	52
6725	52
6726	53
6727	53
6728	53
6729	53
6730	53
6731	53
6732	53
6733	53
6734	53
6735	53
6736	53
6737	53
6738	53
6739	53
6740	53
6741	52
6742	52
6743	52
6744	52
6745	53
6746	53
6747	54
6748	54
6749	55
6750	55
6751	55
6752	55
6753	55
6754	55
6755	55
6756	55
6757	55
6758	55
6759	54
6760	54
6761	54
6762	54
6763	54
6764	53
6765	53
6766	52
6767	52
6768	51
6769	51
6770	51
6771	50
6772	51
6773	50
6774	50
6775	49
6776	49
6777	49
6778	48
6779	48
6780	48
6781	49
6782	49
6783	48
6784	47
6785	47
6786	47
6787	45
6788	45
6789	45
6790	45
6791	45
6792	44
6793	45
6794	45
6795	45
6796	45
6797	45
6798	45
6799	44
6800	44
6801	43
6802	43
6803	43
6804	42
6805	43
6806	43
6807	42
6808	42
6809	41
6810	41
6811	39
6812	40
6813	40
6814	41
6815	42
6816	41
6817	41
6818	41
6819	41
6820	41
6821	41
6822	42
6823	43
6824	43
6825	43
6826	43
6827	43
6828	43
6829	42
6830	42
6831	42
6832	42
6833	42
6834	42
6835	42
6836	42
6837	42
6838	42
6839	42
6840	42
6841	42
6842	42
6843	41
6844	40
6845	41
6846	41
6847	41
6848	41
6849	41
6850	41
6851	41
6852	41
6853	41
6854	41
6855	41
6856	42
6857	42
6858	42
6859	41
6860	41
6861	41
6862	41
6863	41
6864	42
6865	43
6866	42
6867	42
6868	42
6869	42
6870	42
6871	41
6872	41
6873	40
6874	39
6875	39
6876	38
6877	38
6878	38
6879	38
6880	37
6881	38
6882	37
6883	36
6884	36
6885	35
6886	35
6887	34
6888	34
6889	34
6890	34
6891	33
6892	33
6893	32
6894	31
6895	32
6896	31
6897	32
6898	32
6899	32
6900	32
6901	32
6902	32
6903	32
6904	32
6905	32
6906	32
6907	31
6908	31
6909	31
6910	31
6911	31
6912	30
6913	30
6914	30
6915	30
6916	30
6917	30
6918	29
6919	29
6920	28
6921	28
6922	28
6923	28
6924	28
6925	28
6926	28
6927	28
6928	28
6929	29
6930	28
6931	27
6932	27
6933	27
6934	26
6935	26
6936	25
6937	26
6938	27
6939	27
6940	26
6941	25
6942	25
6943	25
6944	25
6945	25
6946	23
6947	24
6948	25
6949	25
6950	25
6951	25
6952	25
6953	25
6954	25
6955	25
6956	25
6957	26
6958	26
6959	26
6960	26
6961	26
6962	26
6963	27
6964	27
6965	27
6966	27
6967	26
6968	26
6969	26
6970	26
6971	26
6972	25
6973	24
6974	25
6975	24
6976	24
6977	24
6978	24
6979	24
6980	24
6981	23
6982	23
6983	23
6984	24
6985	24
6986	24
6987	24
6988	24
6989	24
6990	24
6991	24
6992	24
6993	25
6994	25
6995	25
6996	25
6997	25
6998	25
6999	25
7000	25
7001	26
7002	25
7003	25
7004	25
7005	25
7006	27
7007	27
7008	27
7009	27
7010	27
7011	27
7012	27
7013	27
7014	27
7015	27
7016	27
7017	27
7018	27
7019	27
7020	27
7021	28
7022	28
7023	28
7024	28
7025	28
7026	27
7027	27
7028	26
7029	26
7030	26
7031	25
7032	25
7033	24
7034	24
7035	23
7036	22
7037	22
7038	21
7039	22
7040	23
7041	22
7042	21
7043	21
7044	20
7045	18
7046	19
7047	19
7048	19
7049	20
7050	20
7051	20
7052	19
7053	19
7054	19
7055	20
7056	20
7057	20
7058	19
7059	19
7060	19
7061	19
7062	19
7063	18
7064	18
7065	18
7066	18
7067	17
7068	17
7069	17
7070	17
7071	17
7072	17
7073	17
7074	17
7075	17
7076	17
7077	17
7078	17
7079	17
7080	17
7081	17
7082	17
7083	17
7084	17
7085	17
7086	18
7087	18
7088	19
7089	19
7090	19
7091	19
7092	19
7093	19
7094	20
7095	20
7096	20
7097	20
7098	20
7099	20
7100	19
7101	18
7102	18
7103	18
7104	18
7105	18
7106	18
7107	18
7108	18
7109	18
7110	18
7111	18
7112	17
7113	18
7114	18
7115	18
7116	18
7117	18
7118	17
7119	18
7120	18
7121	18
7122	17
7123	18
7124	18
7125	18
7126	18
7127	18
7128	18
7129	18
7130	18
7131	18
7132	18
7133	18
7134	18
7135	18
7136	18
7137	18
7138	17
7139	17
7140	17
7141	17
7142	18
7143	18
7144	18
7145	18
7146	18
7147	18
7148	18
7149	18
7150	18
7151	19
7152	19
7153	19
7154	19
7155	19
7156	19
7157	19
7158	19
7159	19
7160	19
7161	20
7162	20
7163	20
7164	20
7165	20
7166	20
7167	20
7168	20
7169	21
7170	21
7171	22
7172	22
7173	22
7174	22
7175	22
7176	22
7177	22
7178	22
7179	22
7180	22
7181	22
7182	22
7183	21
7184	20
7185	20
7186	20
7187	20
7188	20
7189	20
7190	20
7191	20
7192	20
7193	20
7194	20
7195	20
7196	18
7197	18
7198	17
7199	17
7200	17
7201	17
7202	17
7203	16
7204	16
7205	14
7206	14
7207	14
7208	13
7209	13
7210	13
7211	12
7212	12
7213	12
7214	12
7215	12
7216	12
7217	12
7218	12
7219	12
7220	12
7221	12
7222	12
7223	12
7224	12
7225	12
7226	12
7227	12
7228	12
7229	12
7230	12
7231	12
7232	12
7233	12
7234	12
7235	12
7236	12
7237	12
7238	12
7239	12
7240	12
7241	12
7242	12
7243	12
7244	12
7245	12
7246	12
7247	12
7248	12
7249	12
7250	12
7251	12
7252	12
7253	12
7254	12
7255	12
7256	12
7257	12
7258	11
7259	11
7260	11
7261	11
7262	11
7263	10
7264	10
7265	10
7266	10
7267	10
7268	10
7269	10
7270	10
7271	10
7272	10
7273	10
7274	9
7275	9
7276	9
7277	8
7278	8
7279	8
7280	8
7281	8
7282	8
7283	8
7284	8
7285	8
7286	8
7287	8
7288	8
7289	8
7290	8
7291	8
7292	8
7293	8
7294	8
7295	8
7296	8
7297	8
7298	8
7299	8
7300	8
7301	8
7302	8
7303	8
7304	8
7305	8
7306	7
7307	7
7308	6
7309	6
7310	5
7311	4
7312	4
7313	4
7314	4
7315	4
7316	4
7317	4
7318	4
7319	4
7320	4
7321	4
7322	4
7323	4
7324	4
7325	4
7326	4
7327	4
7328	4
7329	4
7330	4
7331	4
7332	4
7333	4
7334	4
7335	4
7336	4
7337	4
7338	4
7339	5
7340	5
7341	5
7342	5
7343	5
7344	3
7345	3
7346	3
7347	3
7348	3
7349	3
7350	3
7351	3
7352	3
7353	3
7354	3
7355	3
7356	3
7357	3
7358	3
7359	3
7360	3
7361	3
7362	3
7363	3
7364	3
7365	3
7366	3
7367	3
7368	3
7369	3
7370	3
7371	3
7372	3
7373	3
7374	3
7375	3
7376	3
7377	3
7378	3
7379	2
7380	2
7381	2
7382	2
7383	2
7384	2
7385	2
7386	2
7387	2
7388	2
7389	2
7390	2
7391	2
7392	2
7393	2
7394	2
7395	2
7396	2
7397	2
7398	2
7399	2
7400	2
7401	2
7402	2
7403	2
7404	2
7405	2
7406	2
7407	2
7408	2
7409	2
7410	2
7411	2
7412	2
7413	2
7414	2
7415	2
7416	2
7417	2
7418	2
7419	2
7420	2
7421	2
7422	2
7423	2
7424	2
7425	2
7426	2
7427	2
7428	2
7429	2
7430	2
7431	2
7432	2
7433	2
7434	2
7435	2
7436	2
7437	2
7438	2
7439	2
7440	2
7441	2
7442	2
7443	2
7444	2
7445	2
7446	2
7447	2
7448	2
7449	2
7450	2
7451	2
7452	2
7453	2
7454	2
7455	2
7456	2
7457	1
7458	1
7459	1
7460	1
7461	1
7462	1
7463	1
7464	1
7465	1
7466	1
7467	1
7468	1
7469	1
7470	1
7471	1
7472	1
7473	1
7474	1
7475	1
7476	1
7477	1
7478	1
7479	1
7480	1
7481	1
7482	1
7483	1
7484	1
7485	1
7486	1
7487	1
7488	1
7489	1
7490	1
7491	1
7492	1
7493	1
7494	1
7495	1
7496	1
7497	1
7498	1
7499	1
7500	1
7501	1
7502	1
7503	1
7504	1
7505	1
7506	1
7507	1
7508	1
7509	1
7510	1
7511	1
7512	1
7513	1
7514	1
7515	1
7516	1
7517	1
7518	1
7519	1
7520	1
7521	1
7522	1
7523	1
7524	0
7525	0
7526	0
7527	0
7528	0
7529	0
7530	0
7531	0
7532	0
7533	0
7534	0
7535	0
7536	0
7537	0
7538	0
7539	0
7540	0
7541	0
7542	0
7543	0
7544	0
7545	0
7546	0
7547	0
7548	0
7549	0
7550	0
7551	0
7552	0
7553	0
7554	0
7555	0
7556	0
7557	0
7558	0
7559	0
7560	0
7561	0
7562	1
7563	1
7564	1
7565	1
7566	1
7567	1
7568	1
7569	1
7570	1
7571	1
7572	1
7573	1
7574	1
7575	1
7576	1
7577	1
7578	1
7579	1
7580	1
7581	1
7582	1
7583	1
7584	1
7585	1
7586	1
7587	1
7588	1
7589	1
7590	1
7591	1
7592	1
7593	1
7594	1
7595	1
7596	1
7597	1
7598	1
7599	1
7600	1
7601	1
7602	1
7603	1
7604	1
7605	1
7606	1
7607	1
7608	1
7609	1
7610	1
7611	1
7612	1
7613	0
7614	0
7615	0
7616	0
7617	0
7618	0
7619	0
7620	0
7621	0
7622	0
7623	0
7624	0
7625	0
7626	0
7627	0
7628	0
7629	0
7630	0
7631	0
7632	0
7633	0
7634	0
7635	0
7636	0
7637	0
7638	0
7639	0
7640	0
7641	0
7642	0
7643	0
7644	0
7645	0
7646	0
7647	0
7648	0
7649	0
7650	0
7651	0
7652	0
7653	0
7654	0
7655	0
7656	0
7657	0
7658	0
7659	0
7660	0
7661	0
7662	0
7663	0
7664	0
7665	0
7666	0
7667	0
7668	0
7669	0
7670	0
7671	0
7672	0
7673	0
7674	0
7675	0
7676	0
7677	0
7678	0
7679	0
7680	0
7681	0
7682	0
7683	0
7684	0
7685	0
7686	0
7687	0
7688	0
7689	0
7690	0
7691	0
7692	0
7693	0
7694	0
7695	0
7696	1
7697	1
7698	1
7699	1
7700	1
7701	1
7702	1
7703	1
7704	1
7705	1
7706	1
7707	1
7708	1
7709	1
7710	1
7711	1
7712	1
7713	1
7714	1
7715	1
7716	1
7717	1
7718	1
7719	1
7720	1
7721	1
7722	1
7723	1
7724	1
7725	1
7726	1
7727	1
7728	1
7729	1
7730	1
7731	1
7732	1
7733	1
7734	1
7735	1
7736	1
7737	1
7738	1
7739	1
7740	1
7741	1
7742	1
7743	1
7744	1
7745	1
7746	1
7747	1
7748	1
7749	1
7750	1
7751	1
7752	1
7753	1
7754	1
7755	1
7756	1
7757	1
7758	1
7759	1
7760	1
7761	1
7762	1
7763	1
7764	1
7765	1
7766	1
7767	1
7768	1
7769	1
7770	1
7771	1
7772	1
7773	1
7774	1
7775	1
7776	1
7777	1
7778	1
7779	1
7780	1
7781	1
7782	1
7783	1
7784	1
7785	1
7786	1
7787	1
7788	1
7789	1
7790	1
7791	1
7792	1
7793	1
7794	1
7795	1
7796	1
7797	1
7798	1
7799	1
7800	1
7801	1
7802	1
7803	1
7804	1
7805	1
7806	1
7807	1
7808	1
7809	1
7810	1
7811	1
7812	1
7813	1
7814	1
7815	1
7816	1
7817	1
7818	1
7819	1
7820	1
7821	1
7822	1
7823	1
7824	1
7825	1
7826	1
7827	1
7828	1
7829	1
7830	1
7831	1
7832	1
7833	1
7834	1
7835	1
7836	1
7837	1
7838	1
7839	1
7840	1
7841	1
7842	1
7843	1
7844	1
7845	1
7846	1
7847	1
7848	1
7849	1
7850	1
7851	1
7852	1
7853	1
7854	1
7855	1
7856	1
7857	1
7858	1
7859	1
7860	1
7861	1
7862	1
7863	1
7864	1
7865	1
7866	1
7867	1
7868	1
7869	1
7870	1
7871	1
7872	1
7873	1
7874	1
7875	1
7876	1
7877	1
7878	1
7879	1
7880	1
7881	1
7882	1
7883	1
7884	1
7885	1
7886	1
7887	1
7888	1
7889	1
7890	1
7891	1
7892	1
7893	1
7894	1
7895	1
7896	1
7897	1
7898	1
7899	1
7900	1
7901	1
7902	1
7903	1
7904	1
7905	1
7906	1
7907	1
7908	1
7909	1
7910	1
7911	1
7912	1
7913	1
7914	1
7915	1
7916	1
7917	1
7918	1
7919	1
7920	1
7921	1
7922	1
7923	1
7924	1
7925	1
7926	1
7927	1
7928	1
7929	1
7930	1
7931	1
7932	1
7933	1
7934	1
7935	1
7936	1
7937	1
7938	1
7939	1
7940	1
7941	1
7942	1
7943	1
7944	1
7945	1
7946	1
7947	1
7948	1
7949	1
7950	1
7951	1
7952	1
7953	1
7954	1
7955	1
7956	1
7957	1
7958	1
7959	1
7960	1
7961	1
7962	1
7963	1
7964	1
7965	1
7966	1
7967	1
7968	1
7969	1
7970	1
7971	1
7972	1
7973	1
7974	1
7975	1
7976	1
7977	1
7978	1
7979	1
7980	1
7981	1
7982	1
7983	1
7984	1
7985	1
7986	1
7987	1
7988	1
7989	1
7990	1
7991	1
7992	1
7993	1
7994	1
7995	1
7996	1
7997	1
7998	1
7999	1
8000	1
8001	1
8002	1
8003	1
8004	1
8005	1
8006	1
8007	1
8008	1
8009	1
8010	1
8011	1
8012	1
8013	1
8014	1
8015	1
8016	1
8017	1
8018	1
8019	1
8020	1
8021	1
8022	1
8023	1
8024	1
8025	1
8026	1
8027	1
8028	1
8029	1
8030	1
8031	1
8032	1
8033	1
8034	1
8035	1
8036	1
8037	1
8038	1
8039	1
8040	1
8041	1
8042	1
8043	1
8044	1
8045	1
8046	1
8047	1
8048	1
8049	1
8050	1
8051	1
8052	1
8053	1
8054	1
8055	1
8056	1
8057	1
8058	1
8059	1
8060	1
8061	1
8062	1
8063	1
8064	1
8065	1
8066	1
8067	1
8068	1
8069	1
8070	1
8071	1
8072	1
8073	1
8074	1
8075	1
8076	1
8077	1
8078	1
8079	1
8080	1
8081	1
8082	1
8083	1
8084	1
8085	1
8086	1
8087	1
8088	0
8089	0
8090	0
8091	0
8092	0
8093	0
8094	0
8095	0
8096	0
8097	0
8098	0
8099	0
8100	0
8101	0
8102	0
8103	0
8104	0
8105	0
8106	0
8107	0
8108	0
8109	0
8110	0
8111	0
8112	0
8113	0
8114	0
8115	0
8116	0
8117	0
8118	0
8119	0
8120	0
8121	0
8122	0
8123	0
8124	0
8125	0
8126	0
8127	0
8128	0
8129	0
8130	0
8131	0
8132	0
8133	0
8134	0
8135	0
8136	0
8137	0
8138	0
8139	0
8140	0
8141	0
8142	0
8143	0
8144	0
8145	0
8146	0
8147	0
8148	0
8149	0
8150	0
8151	0
8152	0
8153	0
8154	0
8155	0
8156	0
8157	0
8158	0
8159	0
8160	0
8161	0
8162	0
8163	0
8164	0
8165	0
8166	0
8167	0
8168	0
8169	0
8170	0
8171	0
8172	0
8173	0
8174	0
8175	0
8176	0
8177	0
8178	0
8179	0
8180	0
8181	0
8182	0
8183	0
8184	0
8185	0
8186	0
8187	0
8188	0
8189	0
8190	0
8191	0
8192	0
8193	0
8194	0
8195	0
8196	0
8197	0
8198	0
8199	0
8200	0
8201	0
8202	0
