1	0
2	0
3	0
4	0
5	0
6	0
7	0
8	0
9	0
10	0
11	0
12	0
13	0
14	0
15	0
16	0
17	0
18	0
19	0
20	0
21	0
22	0
23	0
24	0
25	0
26	0
27	0
28	0
29	0
30	0
31	0
32	0
33	0
34	0
35	0
36	0
37	0
38	0
39	0
40	0
41	0
42	0
43	0
44	0
45	0
46	0
47	0
48	0
49	0
50	0
51	0
52	0
53	0
54	0
55	0
56	0
57	0
58	0
59	0
60	0
61	0
62	0
63	0
64	0
65	1
66	1
67	1
68	1
69	1
70	1
71	1
72	1
73	2
74	2
75	2
76	2
77	2
78	2
79	2
80	2
81	2
82	2
83	2
84	2
85	2
86	2
87	2
88	2
89	2
90	2
91	2
92	2
93	2
94	2
95	3
96	3
97	3
98	3
99	3
100	3
101	3
102	3
103	3
104	3
105	3
106	3
107	3
108	3
109	3
110	3
111	3
112	3
113	3
114	2
115	2
116	2
117	2
118	2
119	2
120	3
121	3
122	4
123	4
124	4
125	4
126	5
127	5
128	5
129	5
130	5
131	5
132	6
133	6
134	6
135	6
136	6
137	6
138	6
139	6
140	6
141	5
142	5
143	5
144	5
145	5
146	5
147	5
148	5
149	5
150	5
151	5
152	5
153	5
154	5
155	5
156	5
157	5
158	5
159	5
160	6
161	6
162	6
163	6
164	6
165	6
166	6
167	6
168	6
169	6
170	6
171	6
172	6
173	6
174	6
175	6
176	6
177	6
178	6
179	5
180	5
181	5
182	5
183	5
184	5
185	4
186	4
187	4
188	4
189	4
190	4
191	4
192	4
193	4
194	5
195	5
196	6
197	6
198	6
199	6
200	6
201	6
202	6
203	6
204	6
205	6
206	6
207	6
208	6
209	6
210	6
211	6
212	6
213	6
214	6
215	6
216	6
217	6
218	6
219	6
220	6
221	6
222	6
223	6
224	6
225	6
226	7
227	7
228	7
229	7
230	7
231	7
232	8
233	8
234	8
235	8
236	8
237	7
238	7
239	7
240	7
241	7
242	7
243	7
244	8
245	8
246	8
247	8
248	7
249	7
250	6
251	6
252	6
253	5
254	5
255	5
256	5
257	5
258	5
259	5
260	5
261	5
262	5
263	5
264	5
265	4
266	4
267	4
268	4
269	5
270	5
271	5
272	5
273	5
274	5
275	5
276	5
277	5
278	5
279	5
280	5
281	6
282	6
283	6
284	7
285	7
286	7
287	7
288	6
289	6
290	6
291	6
292	6
293	6
294	6
295	7
296	7
297	8
298	8
299	8
300	8
301	9
302	9
303	9
304	9
305	9
306	9
307	9
308	9
309	9
310	9
311	10
312	10
313	10
314	10
315	10
316	10
317	11
318	11
319	11
320	11
321	11
322	11
323	11
324	11
325	11
326	11
327	11
328	11
329	11
330	12
331	12
332	12
333	12
334	12
335	12
336	13
337	13
338	13
339	13
340	13
341	13
342	13
343	13
344	13
345	13
346	13
347	13
348	13
349	13
350	14
351	15
352	15
353	15
354	15
355	15
356	15
357	15
358	15
359	15
360	15
361	14
362	14
363	14
364	14
365	14
366	14
367	14
368	14
369	14
370	17
371	17
372	17
373	17
374	17
375	17
376	17
377	17
378	17
379	17
380	17
381	16
382	16
383	16
384	16
385	16
386	16
387	16
388	16
389	16
390	16
391	16
392	16
393	16
394	16
395	16
396	16
397	16
398	16
399	16
400	17
401	17
402	17
403	17
404	17
405	17
406	17
407	17
408	17
409	17
410	17
411	17
412	17
413	17
414	17
415	17
416	17
417	19
418	20
419	20
420	20
421	20
422	20
423	21
424	21
425	21
426	21
427	21
428	21
429	21
430	21
431	20
432	20
433	19
434	19
435	19
436	19
437	19
438	19
439	19
440	19
441	19
442	19
443	19
444	20
445	20
446	20
447	20
448	20
449	20
450	20
451	20
452	21
453	21
454	22
455	22
456	22
457	22
458	22
459	22
460	23
461	23
462	23
463	23
464	23
465	23
466	23
467	23
468	24
469	24
470	24
471	24
472	24
473	24
474	24
475	24
476	24
477	24
478	24
479	25
480	25
481	25
482	25
483	25
484	24
485	24
486	24
487	23
488	22
489	22
490	21
491	21
492	21
493	21
494	21
495	21
496	21
497	21
498	20
499	20
500	20
501	20
502	20
503	20
504	20
505	20
506	20
507	20
508	20
509	20
510	20
511	20
512	20
513	20
514	20
515	20
516	19
517	19
518	19
519	20
520	19
521	19
522	19
523	19
524	19
525	19
526	20
527	20
528	20
529	20
530	20
531	20
532	20
533	21
534	21
535	21
536	21
537	21
538	21
539	22
540	22
541	23
542	24
543	23
544	23
545	23
546	23
547	23
548	23
549	22
550	21
551	20
552	20
553	20
554	20
555	20
556	20
557	20
558	20
559	20
560	19
561	19
562	20
563	21
564	21
565	21
566	21
567	21
568	20
569	18
570	20
571	20
572	20
573	20
574	18
575	18
576	18
577	17
578	17
579	17
580	17
581	18
582	18
583	18
584	18
585	19
586	19
587	19
588	19
589	19
590	19
591	19
592	19
593	19
594	19
595	19
596	19
597	19
598	19
599	19
600	19
601	20
602	20
603	20
604	19
605	19
606	19
607	19
608	19
609	19
610	20
611	21
612	21
613	21
614	21
615	21
616	21
617	21
618	21
619	21
620	21
621	21
622	21
623	21
624	21
625	21
626	21
627	20
628	19
629	19
630	19
631	19
632	19
633	19
634	19
635	19
636	18
637	18
638	18
639	18
640	18
641	18
642	18
643	18
644	18
645	18
646	19
647	19
648	19
649	19
650	19
651	20
652	20
653	20
654	20
655	20
656	20
657	20
658	20
659	20
660	19
661	19
662	19
663	19
664	19
665	20
666	19
667	19
668	19
669	19
670	19
671	19
672	19
673	19
674	19
675	19
676	19
677	19
678	19
679	19
680	19
681	19
682	19
683	18
684	17
685	17
686	17
687	17
688	17
689	17
690	17
691	17
692	18
693	18
694	19
695	19
696	20
697	20
698	19
699	18
700	18
701	19
702	19
703	19
704	19
705	19
706	19
707	19
708	18
709	18
710	18
711	18
712	18
713	17
714	17
715	17
716	16
717	16
718	16
719	16
720	16
721	17
722	17
723	16
724	16
725	16
726	16
727	16
728	16
729	16
730	16
731	16
732	16
733	16
734	16
735	16
736	16
737	16
738	16
739	17
740	17
741	17
742	17
743	17
744	17
745	17
746	17
747	17
748	17
749	17
750	17
751	17
752	17
753	17
754	17
755	17
756	17
757	17
758	17
759	17
760	18
761	19
762	20
763	20
764	19
765	19
766	19
767	19
768	19
769	19
770	19
771	19
772	19
773	19
774	18
775	17
776	16
777	16
778	17
779	17
780	17
781	16
782	16
783	15
784	13
785	13
786	13
787	14
788	14
789	14
790	14
791	14
792	14
793	14
794	14
795	14
796	13
797	13
798	12
799	12
800	13
801	13
802	12
803	12
804	12
805	12
806	12
807	12
808	12
809	12
810	13
811	14
812	14
813	14
814	15
815	15
816	15
817	16
818	16
819	15
820	15
821	16
822	16
823	16
824	16
825	16
826	16
827	16
828	16
829	16
830	16
831	17
832	16
833	16
834	16
835	16
836	16
837	16
838	16
839	16
840	16
841	16
842	16
843	16
844	16
845	16
846	16
847	16
848	15
849	15
850	15
851	15
852	15
853	14
854	14
855	14
856	13
857	13
858	13
859	13
860	14
861	14
862	14
863	14
864	14
865	15
866	15
867	15
868	15
869	15
870	15
871	15
872	15
873	15
874	15
875	15
876	15
877	15
878	15
879	15
880	16
881	16
882	16
883	16
884	16
885	16
886	16
887	16
888	16
889	14
890	14
891	14
892	14
893	14
894	14
895	14
896	14
897	14
898	14
899	14
900	15
901	15
902	15
903	15
904	15
905	15
906	15
907	15
908	15
909	15
910	15
911	15
912	15
913	15
914	15
915	16
916	16
917	15
918	15
919	15
920	15
921	15
922	15
923	15
924	15
925	16
926	16
927	16
928	16
929	15
930	15
931	15
932	15
933	14
934	14
935	13
936	13
937	13
938	13
939	13
940	13
941	13
942	13
943	13
944	13
945	13
946	12
947	12
948	12
949	12
950	12
951	12
952	12
953	12
954	12
955	12
956	11
957	12
958	12
959	12
960	13
961	14
962	14
963	14
964	14
965	14
966	14
967	14
968	14
969	14
970	13
971	13
972	13
973	14
974	13
975	13
976	13
977	13
978	13
979	13
980	13
981	13
982	13
983	13
984	13
985	13
986	13
987	13
988	11
989	11
990	11
991	11
992	11
993	12
994	12
995	12
996	12
997	12
998	12
999	12
1000	13
1001	13
1002	13
1003	13
1004	13
1005	13
1006	12
1007	12
1008	12
1009	12
1010	12
1011	12
1012	12
1013	12
1014	12
1015	13
1016	13
1017	13
1018	13
1019	13
1020	13
1021	13
1022	13
1023	13
1024	13
1025	13
1026	13
1027	14
1028	14
1029	14
1030	14
1031	14
1032	14
1033	14
1034	14
1035	14
1036	14
1037	14
1038	14
1039	14
1040	15
1041	15
1042	15
1043	15
1044	15
1045	15
1046	15
1047	15
1048	15
1049	15
1050	15
1051	15
1052	15
1053	15
1054	15
1055	15
1056	15
1057	16
1058	16
1059	16
1060	16
1061	16
1062	16
1063	15
1064	15
1065	14
1066	14
1067	14
1068	13
1069	13
1070	13
1071	13
1072	13
1073	13
1074	13
1075	13
1076	12
1077	12
1078	12
1079	12
1080	12
1081	11
1082	11
1083	11
1084	11
1085	11
1086	12
1087	12
1088	12
1089	12
1090	12
1091	12
1092	12
1093	12
1094	13
1095	13
1096	13
1097	14
1098	15
1099	15
1100	15
1101	15
1102	15
1103	15
1104	15
1105	15
1106	15
1107	15
1108	15
1109	15
1110	15
1111	15
1112	15
1113	15
1114	15
1115	15
1116	15
1117	15
1118	16
1119	16
1120	16
1121	16
1122	16
1123	16
1124	17
1125	17
1126	17
1127	17
1128	17
1129	17
1130	17
1131	17
1132	17
1133	17
1134	17
1135	18
1136	18
1137	18
1138	18
1139	18
1140	19
1141	19
1142	19
1143	18
1144	18
1145	18
1146	18
1147	18
1148	18
1149	18
1150	18
1151	18
1152	18
1153	17
1154	17
1155	17
1156	17
1157	17
1158	17
1159	17
1160	17
1161	17
1162	17
1163	17
1164	17
1165	17
1166	17
1167	17
1168	17
1169	17
1170	17
1171	17
1172	17
1173	17
1174	17
1175	17
1176	17
1177	17
1178	17
1179	17
1180	17
1181	17
1182	17
1183	17
1184	17
1185	17
1186	17
1187	17
1188	17
1189	17
1190	17
1191	17
1192	17
1193	17
1194	17
1195	17
1196	17
1197	17
1198	17
1199	17
1200	17
1201	17
1202	18
1203	18
1204	18
1205	18
1206	18
1207	18
1208	18
1209	18
1210	18
1211	18
1212	18
1213	17
1214	17
1215	17
1216	17
1217	18
1218	18
1219	18
1220	17
1221	18
1222	17
1223	16
1224	16
1225	16
1226	16
1227	16
1228	16
1229	16
1230	16
1231	16
1232	16
1233	16
1234	16
1235	16
1236	16
1237	16
1238	16
1239	16
1240	16
1241	16
1242	16
1243	16
1244	16
1245	16
1246	16
1247	16
1248	16
1249	16
1250	15
1251	15
1252	16
1253	16
1254	16
1255	16
1256	16
1257	15
1258	15
1259	15
1260	15
1261	16
1262	17
1263	17
1264	17
1265	17
1266	17
1267	17
1268	17
1269	17
1270	18
1271	18
1272	18
1273	18
1274	18
1275	18
1276	18
1277	18
1278	18
1279	19
1280	19
1281	19
1282	19
1283	19
1284	19
1285	18
1286	18
1287	18
1288	18
1289	18
1290	18
1291	18
1292	18
1293	17
1294	17
1295	17
1296	17
1297	17
1298	17
1299	17
1300	17
1301	17
1302	17
1303	17
1304	17
1305	17
1306	17
1307	17
1308	17
1309	17
1310	17
1311	17
1312	17
1313	17
1314	17
1315	17
1316	17
1317	17
1318	17
1319	18
1320	18
1321	18
1322	18
1323	18
1324	18
1325	18
1326	19
1327	19
1328	19
1329	19
1330	19
1331	19
1332	19
1333	20
1334	20
1335	20
1336	19
1337	19
1338	18
1339	18
1340	18
1341	18
1342	18
1343	18
1344	18
1345	18
1346	18
1347	18
1348	18
1349	18
1350	19
1351	20
1352	20
1353	20
1354	20
1355	20
1356	20
1357	19
1358	19
1359	20
1360	21
1361	21
1362	21
1363	21
1364	21
1365	21
1366	22
1367	22
1368	21
1369	20
1370	20
1371	20
1372	20
1373	20
1374	20
1375	19
1376	19
1377	19
1378	19
1379	19
1380	19
1381	19
1382	19
1383	20
1384	20
1385	20
1386	20
1387	20
1388	20
1389	20
1390	20
1391	20
1392	20
1393	20
1394	20
1395	20
1396	20
1397	20
1398	19
1399	20
1400	20
1401	20
1402	20
1403	20
1404	20
1405	20
1406	20
1407	20
1408	20
1409	20
1410	20
1411	20
1412	20
1413	20
1414	21
1415	21
1416	21
1417	21
1418	21
1419	21
1420	21
1421	21
1422	21
1423	21
1424	21
1425	21
1426	20
1427	20
1428	20
1429	20
1430	20
1431	20
1432	20
1433	20
1434	20
1435	20
1436	20
1437	20
1438	20
1439	19
1440	19
1441	19
1442	19
1443	19
1444	19
1445	19
1446	19
1447	19
1448	19
1449	19
1450	20
1451	20
1452	20
1453	20
1454	20
1455	20
1456	21
1457	21
1458	21
1459	21
1460	21
1461	21
1462	21
1463	21
1464	22
1465	22
1466	22
1467	22
1468	22
1469	22
1470	22
1471	22
1472	22
1473	24
1474	24
1475	23
1476	23
1477	23
1478	21
1479	21
1480	21
1481	21
1482	20
1483	21
1484	21
1485	21
1486	21
1487	21
1488	21
1489	21
1490	21
1491	21
1492	20
1493	20
1494	20
1495	20
1496	20
1497	19
1498	19
1499	19
1500	19
1501	19
1502	19
1503	19
1504	19
1505	19
1506	20
1507	20
1508	20
1509	20
1510	20
1511	20
1512	19
1513	19
1514	18
1515	18
1516	18
1517	18
1518	18
1519	18
1520	18
1521	17
1522	17
1523	17
1524	17
1525	17
1526	17
1527	17
1528	17
1529	17
1530	16
1531	16
1532	16
1533	16
1534	16
1535	16
1536	16
1537	16
1538	15
1539	15
1540	16
1541	16
1542	16
1543	16
1544	16
1545	16
1546	16
1547	15
1548	15
1549	15
1550	15
1551	15
1552	16
1553	16
1554	16
1555	16
1556	16
1557	16
1558	16
1559	16
1560	16
1561	16
1562	17
1563	17
1564	17
1565	17
1566	17
1567	16
1568	16
1569	17
1570	16
1571	16
1572	16
1573	16
1574	16
1575	16
1576	16
1577	16
1578	16
1579	16
1580	16
1581	16
1582	16
1583	16
1584	16
1585	16
1586	16
1587	15
1588	14
1589	14
1590	14
1591	13
1592	13
1593	13
1594	13
1595	13
1596	13
1597	14
1598	15
1599	15
1600	15
1601	14
1602	14
1603	14
1604	14
1605	14
1606	14
1607	14
1608	14
1609	15
1610	15
1611	15
1612	15
1613	15
1614	14
1615	14
1616	14
1617	14
1618	14
1619	14
1620	14
1621	15
1622	16
1623	16
1624	16
1625	16
1626	16
1627	16
1628	16
1629	16
1630	16
1631	16
1632	16
1633	16
1634	15
1635	15
1636	15
1637	14
1638	14
1639	14
1640	14
1641	14
1642	14
1643	14
1644	14
1645	14
1646	14
1647	13
1648	13
1649	13
1650	12
1651	11
1652	11
1653	11
1654	11
1655	11
1656	12
1657	12
1658	13
1659	13
1660	11
1661	11
1662	11
1663	10
1664	10
1665	10
1666	11
1667	11
1668	10
1669	10
1670	10
1671	10
1672	10
1673	10
1674	9
1675	10
1676	10
1677	10
1678	10
1679	10
1680	10
1681	10
1682	11
1683	11
1684	11
1685	11
1686	11
1687	11
1688	11
1689	11
1690	10
1691	9
1692	9
1693	9
1694	9
1695	9
1696	9
1697	9
1698	9
1699	9
1700	10
1701	10
1702	10
1703	10
1704	11
1705	11
1706	11
1707	11
1708	11
1709	11
1710	11
1711	11
1712	11
1713	11
1714	11
1715	11
1716	11
1717	11
1718	11
1719	11
1720	11
1721	11
1722	11
1723	11
1724	11
1725	11
1726	11
1727	12
1728	12
1729	12
1730	12
1731	12
1732	12
1733	12
1734	12
1735	12
1736	13
1737	13
1738	13
1739	13
1740	13
1741	14
1742	13
1743	13
1744	14
1745	14
1746	14
1747	15
1748	14
1749	14
1750	14
1751	14
1752	14
1753	14
1754	14
1755	15
1756	15
1757	14
1758	14
1759	14
1760	14
1761	15
1762	15
1763	15
1764	15
1765	15
1766	15
1767	15
1768	14
1769	14
1770	14
1771	14
1772	14
1773	13
1774	13
1775	13
1776	13
1777	13
1778	13
1779	13
1780	13
1781	14
1782	13
1783	13
1784	12
1785	12
1786	12
1787	13
1788	13
1789	13
1790	13
1791	13
1792	13
1793	13
1794	12
1795	12
1796	12
1797	12
1798	12
1799	12
1800	12
1801	12
1802	12
1803	12
1804	12
1805	12
1806	13
1807	13
1808	13
1809	13
1810	13
1811	12
1812	12
1813	12
1814	12
1815	13
1816	13
1817	13
1818	13
1819	13
1820	14
1821	14
1822	14
1823	14
1824	14
1825	14
1826	14
1827	14
1828	14
1829	14
1830	14
1831	14
1832	13
1833	13
1834	12
1835	13
1836	13
1837	12
1838	12
1839	13
1840	13
1841	13
1842	13
1843	13
1844	13
1845	13
1846	13
1847	13
1848	13
1849	13
1850	13
1851	13
1852	14
1853	14
1854	14
1855	15
1856	16
1857	16
1858	16
1859	16
1860	16
1861	16
1862	16
1863	16
1864	16
1865	16
1866	16
1867	16
1868	16
1869	16
1870	17
1871	17
1872	17
1873	17
1874	17
1875	17
1876	16
1877	16
1878	16
1879	16
1880	17
1881	17
1882	17
1883	16
1884	16
1885	16
1886	16
1887	16
1888	17
1889	17
1890	17
1891	18
1892	18
1893	19
1894	18
1895	18
1896	18
1897	18
1898	18
1899	18
1900	18
1901	19
1902	19
1903	19
1904	19
1905	19
1906	19
1907	19
1908	19
1909	19
1910	19
1911	19
1912	19
1913	19
1914	19
1915	19
1916	19
1917	19
1918	19
1919	19
1920	20
1921	20
1922	20
1923	20
1924	20
1925	20
1926	20
1927	20
1928	20
1929	20
1930	20
1931	20
1932	20
1933	20
1934	20
1935	20
1936	20
1937	20
1938	20
1939	21
1940	21
1941	21
1942	21
1943	21
1944	21
1945	21
1946	21
1947	21
1948	21
1949	21
1950	21
1951	21
1952	21
1953	21
1954	21
1955	21
1956	21
1957	20
1958	20
1959	20
1960	20
1961	20
1962	20
1963	20
1964	20
1965	20
1966	20
1967	20
1968	20
1969	21
1970	21
1971	21
1972	21
1973	21
1974	21
1975	21
1976	21
1977	21
1978	21
1979	21
1980	21
1981	21
1982	21
1983	20
1984	18
1985	18
1986	18
1987	19
1988	18
1989	18
1990	18
1991	19
1992	19
1993	19
1994	18
1995	18
1996	17
1997	17
1998	17
1999	17
2000	16
2001	17
2002	17
2003	17
2004	17
2005	18
2006	18
2007	19
2008	19
2009	19
2010	19
2011	19
2012	19
2013	19
2014	19
2015	19
2016	19
2017	19
2018	19
2019	18
2020	18
2021	18
2022	18
2023	19
2024	19
2025	19
2026	19
2027	19
2028	20
2029	20
2030	20
2031	20
2032	20
2033	20
2034	20
2035	24
2036	23
2037	23
2038	23
2039	23
2040	24
2041	24
2042	25
2043	25
2044	24
2045	24
2046	24
2047	24
2048	24
2049	24
2050	24
2051	24
2052	24
2053	24
2054	24
2055	24
2056	24
2057	24
2058	24
2059	24
2060	24
2061	24
2062	24
2063	24
2064	25
2065	25
2066	25
2067	25
2068	25
2069	25
2070	25
2071	25
2072	24
2073	24
2074	24
2075	22
2076	22
2077	22
2078	22
2079	24
2080	24
2081	24
2082	24
2083	24
2084	24
2085	24
2086	24
2087	25
2088	25
2089	26
2090	26
2091	26
2092	26
2093	26
2094	27
2095	27
2096	27
2097	26
2098	27
2099	26
2100	26
2101	26
2102	26
2103	26
2104	25
2105	24
2106	24
2107	25
2108	25
2109	25
2110	25
2111	25
2112	25
2113	24
2114	24
2115	25
2116	25
2117	25
2118	25
2119	25
2120	25
2121	25
2122	24
2123	24
2124	24
2125	24
2126	24
2127	24
2128	24
2129	25
2130	25
2131	25
2132	25
2133	25
2134	25
2135	24
2136	25
2137	24
2138	24
2139	24
2140	24
2141	24
2142	24
2143	24
2144	24
2145	24
2146	24
2147	24
2148	24
2149	24
2150	24
2151	24
2152	24
2153	24
2154	24
2155	24
2156	24
2157	24
2158	24
2159	24
2160	25
2161	26
2162	26
2163	25
2164	26
2165	26
2166	26
2167	26
2168	26
2169	25
2170	25
2171	25
2172	26
2173	26
2174	26
2175	27
2176	27
2177	27
2178	26
2179	26
2180	26
2181	28
2182	28
2183	26
2184	26
2185	24
2186	24
2187	25
2188	25
2189	24
2190	24
2191	24
2192	25
2193	25
2194	24
2195	24
2196	26
2197	26
2198	27
2199	27
2200	27
2201	27
2202	27
2203	27
2204	26
2205	27
2206	27
2207	27
2208	28
2209	28
2210	28
2211	28
2212	28
2213	28
2214	28
2215	28
2216	29
2217	29
2218	29
2219	30
2220	30
2221	30
2222	30
2223	30
2224	31
2225	31
2226	31
2227	32
2228	32
2229	32
2230	32
2231	32
2232	33
2233	33
2234	33
2235	33
2236	33
2237	33
2238	33
2239	34
2240	34
2241	34
2242	34
2243	34
2244	34
2245	34
2246	33
2247	33
2248	33
2249	34
2250	35
2251	36
2252	36
2253	35
2254	35
2255	35
2256	35
2257	35
2258	35
2259	35
2260	35
2261	36
2262	36
2263	36
2264	36
2265	38
2266	38
2267	39
2268	38
2269	38
2270	38
2271	39
2272	39
2273	39
2274	38
2275	38
2276	38
2277	38
2278	38
2279	38
2280	37
2281	37
2282	38
2283	38
2284	38
2285	38
2286	38
2287	38
2288	38
2289	38
2290	37
2291	37
2292	37
2293	37
2294	38
2295	38
2296	39
2297	39
2298	39
2299	37
2300	37
2301	36
2302	37
2303	37
2304	37
2305	37
2306	38
2307	40
2308	40
2309	40
2310	40
2311	40
2312	40
2313	40
2314	40
2315	40
2316	40
2317	40
2318	40
2319	40
2320	40
2321	40
2322	39
2323	39
2324	39
2325	37
2326	36
2327	35
2328	35
2329	35
2330	35
2331	35
2332	35
2333	35
2334	36
2335	36
2336	36
2337	36
2338	36
2339	36
2340	36
2341	36
2342	36
2343	36
2344	36
2345	36
2346	36
2347	36
2348	35
2349	35
2350	35
2351	35
2352	35
2353	35
2354	34
2355	34
2356	34
2357	35
2358	35
2359	35
2360	35
2361	35
2362	35
2363	34
2364	34
2365	34
2366	35
2367	35
2368	35
2369	35
2370	35
2371	35
2372	34
2373	33
2374	33
2375	34
2376	34
2377	34
2378	34
2379	34
2380	34
2381	34
2382	34
2383	34
2384	34
2385	34
2386	34
2387	34
2388	34
2389	33
2390	34
2391	35
2392	34
2393	34
2394	33
2395	33
2396	33
2397	33
2398	33
2399	33
2400	32
2401	32
2402	32
2403	32
2404	32
2405	31
2406	32
2407	32
2408	32
2409	32
2410	32
2411	32
2412	32
2413	32
2414	31
2415	31
2416	31
2417	31
2418	30
2419	30
2420	30
2421	30
2422	30
2423	30
2424	30
2425	30
2426	30
2427	31
2428	31
2429	31
2430	31
2431	31
2432	29
2433	29
2434	29
2435	30
2436	31
2437	31
2438	31
2439	31
2440	31
2441	31
2442	31
2443	30
2444	30
2445	30
2446	30
2447	30
2448	30
2449	31
2450	31
2451	30
2452	30
2453	30
2454	30
2455	30
2456	30
2457	30
2458	30
2459	29
2460	29
2461	29
2462	29
2463	29
2464	29
2465	29
2466	29
2467	29
2468	29
2469	29
2470	29
2471	29
2472	29
2473	29
2474	29
2475	28
2476	28
2477	28
2478	28
2479	29
2480	29
2481	29
2482	29
2483	29
2484	29
2485	28
2486	28
2487	28
2488	27
2489	27
2490	27
2491	27
2492	27
2493	27
2494	26
2495	27
2496	28
2497	28
2498	28
2499	28
2500	28
2501	28
2502	28
2503	28
2504	28
2505	26
2506	26
2507	26
2508	26
2509	26
2510	26
2511	26
2512	27
2513	27
2514	27
2515	27
2516	27
2517	27
2518	27
2519	26
2520	26
2521	26
2522	26
2523	26
2524	26
2525	26
2526	26
2527	26
2528	25
2529	25
2530	25
2531	25
2532	25
2533	25
2534	25
2535	25
2536	25
2537	26
2538	25
2539	25
2540	25
2541	25
2542	26
2543	26
2544	26
2545	26
2546	26
2547	26
2548	27
2549	26
2550	25
2551	26
2552	26
2553	25
2554	25
2555	25
2556	25
2557	25
2558	25
2559	25
2560	25
2561	24
2562	24
2563	24
2564	24
2565	24
2566	23
2567	23
2568	23
2569	24
2570	25
2571	25
2572	25
2573	25
2574	25
2575	25
2576	25
2577	25
2578	25
2579	25
2580	24
2581	24
2582	24
2583	24
2584	24
2585	24
2586	24
2587	24
2588	24
2589	24
2590	25
2591	23
2592	23
2593	23
2594	23
2595	23
2596	24
2597	25
2598	26
2599	26
2600	27
2601	26
2602	26
2603	25
2604	25
2605	25
2606	25
2607	26
2608	26
2609	26
2610	26
2611	26
2612	26
2613	26
2614	27
2615	26
2616	26
2617	26
2618	26
2619	26
2620	27
2621	27
2622	26
2623	26
2624	25
2625	26
2626	26
2627	26
2628	26
2629	26
2630	26
2631	26
2632	26
2633	26
2634	25
2635	25
2636	25
2637	25
2638	25
2639	25
2640	25
2641	24
2642	24
2643	24
2644	24
2645	25
2646	25
2647	25
2648	25
2649	25
2650	25
2651	26
2652	26
2653	26
2654	26
2655	26
2656	26
2657	26
2658	26
2659	26
2660	26
2661	26
2662	26
2663	26
2664	26
2665	26
2666	26
2667	25
2668	25
2669	26
2670	25
2671	25
2672	25
2673	25
2674	25
2675	25
2676	25
2677	25
2678	25
2679	25
2680	26
2681	27
2682	27
2683	26
2684	27
2685	27
2686	27
2687	27
2688	28
2689	28
2690	28
2691	27
2692	24
2693	24
2694	24
2695	24
2696	24
2697	23
2698	22
2699	22
2700	22
2701	21
2702	21
2703	21
2704	21
2705	21
2706	21
2707	21
2708	21
2709	21
2710	21
2711	20
2712	19
2713	18
2714	18
2715	18
2716	18
2717	19
2718	19
2719	19
2720	19
2721	19
2722	19
2723	19
2724	19
2725	19
2726	19
2727	19
2728	19
2729	19
2730	19
2731	19
2732	19
2733	18
2734	18
2735	17
2736	17
2737	16
2738	16
2739	17
2740	18
2741	18
2742	18
2743	17
2744	17
2745	17
2746	17
2747	17
2748	17
2749	17
2750	17
2751	17
2752	17
2753	17
2754	17
2755	16
2756	16
2757	16
2758	17
2759	16
2760	16
2761	16
2762	16
2763	16
2764	16
2765	16
2766	16
2767	16
2768	16
2769	16
2770	17
2771	16
2772	16
2773	15
2774	15
2775	15
2776	15
2777	15
2778	15
2779	15
2780	15
2781	15
2782	15
2783	16
2784	16
2785	16
2786	15
2787	15
2788	15
2789	15
2790	15
2791	16
2792	16
2793	17
2794	18
2795	18
2796	18
2797	18
2798	19
2799	19
2800	21
2801	21
2802	21
2803	21
2804	21
2805	21
2806	21
2807	21
2808	22
2809	22
2810	23
2811	22
2812	22
2813	22
2814	22
2815	22
2816	21
2817	20
2818	20
2819	20
2820	20
2821	21
2822	21
2823	21
2824	21
2825	21
2826	21
2827	21
2828	21
2829	22
2830	22
2831	23
2832	23
2833	23
2834	23
2835	23
2836	22
2837	22
2838	23
2839	23
2840	22
2841	21
2842	21
2843	21
2844	22
2845	22
2846	23
2847	23
2848	23
2849	23
2850	23
2851	22
2852	22
2853	22
2854	22
2855	22
2856	22
2857	22
2858	22
2859	22
2860	22
2861	22
2862	22
2863	22
2864	22
2865	22
2866	22
2867	22
2868	21
2869	20
2870	20
2871	20
2872	21
2873	21
2874	21
2875	21
2876	21
2877	21
2878	21
2879	22
2880	22
2881	23
2882	23
2883	23
2884	23
2885	23
2886	23
2887	23
2888	24
2889	24
2890	24
2891	24
2892	24
2893	24
2894	24
2895	24
2896	24
2897	24
2898	24
2899	24
2900	24
2901	24
2902	24
2903	23
2904	23
2905	22
2906	22
2907	22
2908	23
2909	23
2910	23
2911	23
2912	23
2913	23
2914	23
2915	23
2916	23
2917	23
2918	23
2919	23
2920	22
2921	22
2922	22
2923	22
2924	21
2925	21
2926	21
2927	21
2928	21
2929	21
2930	21
2931	21
2932	20
2933	20
2934	20
2935	20
2936	20
2937	20
2938	20
2939	20
2940	20
2941	20
2942	20
2943	20
2944	20
2945	20
2946	20
2947	20
2948	20
2949	21
2950	21
2951	20
2952	20
2953	21
2954	21
2955	22
2956	22
2957	22
2958	21
2959	21
2960	21
2961	21
2962	21
2963	21
2964	21
2965	21
2966	22
2967	21
2968	21
2969	21
2970	21
2971	21
2972	21
2973	21
2974	20
2975	20
2976	20
2977	20
2978	19
2979	19
2980	20
2981	20
2982	20
2983	20
2984	20
2985	20
2986	20
2987	20
2988	20
2989	20
2990	20
2991	20
2992	20
2993	19
2994	19
2995	18
2996	18
2997	19
2998	20
2999	19
3000	20
3001	20
3002	20
3003	20
3004	20
3005	20
3006	19
3007	19
3008	19
3009	19
3010	19
3011	19
3012	19
3013	19
3014	19
3015	19
3016	19
3017	19
3018	18
3019	18
3020	19
3021	19
3022	19
3023	19
3024	20
3025	21
3026	21
3027	21
3028	21
3029	23
3030	23
3031	23
3032	23
3033	23
3034	23
3035	23
3036	24
3037	24
3038	25
3039	25
3040	25
3041	25
3042	24
3043	24
3044	24
3045	24
3046	24
3047	24
3048	24
3049	24
3050	23
3051	23
3052	23
3053	23
3054	23
3055	23
3056	23
3057	24
3058	24
3059	23
3060	23
3061	23
3062	23
3063	22
3064	22
3065	22
3066	22
3067	22
3068	21
3069	21
3070	21
3071	22
3072	22
3073	22
3074	22
3075	22
3076	23
3077	23
3078	23
3079	24
3080	23
3081	22
3082	22
3083	23
3084	24
3085	24
3086	24
3087	24
3088	24
3089	24
3090	24
3091	24
3092	24
3093	24
3094	24
3095	24
3096	24
3097	24
3098	23
3099	23
3100	23
3101	23
3102	23
3103	23
3104	23
3105	23
3106	23
3107	23
3108	23
3109	22
3110	22
3111	22
3112	22
3113	22
3114	22
3115	22
3116	23
3117	23
3118	23
3119	23
3120	23
3121	23
3122	24
3123	25
3124	25
3125	25
3126	25
3127	25
3128	25
3129	26
3130	26
3131	26
3132	25
3133	25
3134	25
3135	25
3136	25
3137	24
3138	24
3139	24
3140	24
3141	24
3142	24
3143	24
3144	23
3145	22
3146	22
3147	22
3148	22
3149	22
3150	22
3151	22
3152	21
3153	21
3154	20
3155	19
3156	19
3157	18
3158	19
3159	19
3160	19
3161	19
3162	19
3163	20
3164	20
3165	20
3166	19
3167	19
3168	19
3169	20
3170	20
3171	20
3172	19
3173	19
3174	19
3175	19
3176	19
3177	19
3178	19
3179	19
3180	19
3181	20
3182	20
3183	19
3184	19
3185	19
3186	19
3187	19
3188	19
3189	19
3190	19
3191	19
3192	19
3193	19
3194	19
3195	19
3196	19
3197	19
3198	19
3199	19
3200	19
3201	19
3202	19
3203	19
3204	19
3205	20
3206	20
3207	21
3208	21
3209	21
3210	21
3211	21
3212	22
3213	22
3214	23
3215	22
3216	23
3217	23
3218	23
3219	23
3220	22
3221	22
3222	21
3223	21
3224	20
3225	21
3226	21
3227	21
3228	21
3229	20
3230	20
3231	20
3232	20
3233	19
3234	19
3235	19
3236	19
3237	19
3238	19
3239	19
3240	19
3241	20
3242	21
3243	21
3244	21
3245	20
3246	20
3247	20
3248	20
3249	20
3250	20
3251	20
3252	20
3253	20
3254	21
3255	21
3256	21
3257	21
3258	21
3259	21
3260	21
3261	21
3262	21
3263	21
3264	21
3265	21
3266	21
3267	21
3268	21
3269	21
3270	21
3271	21
3272	21
3273	21
3274	21
3275	21
3276	21
3277	21
3278	20
3279	20
3280	20
3281	21
3282	21
3283	22
3284	22
3285	22
3286	22
3287	22
3288	22
3289	21
3290	21
3291	20
3292	21
3293	21
3294	20
3295	20
3296	20
3297	20
3298	20
3299	18
3300	17
3301	17
3302	17
3303	16
3304	14
3305	14
3306	14
3307	14
3308	12
3309	12
3310	12
3311	12
3312	13
3313	13
3314	13
3315	14
3316	14
3317	14
3318	14
3319	14
3320	14
3321	14
3322	14
3323	15
3324	15
3325	15
3326	15
3327	15
3328	15
3329	15
3330	15
3331	15
3332	15
3333	15
3334	13
3335	13
3336	12
3337	12
3338	12
3339	12
3340	12
3341	11
3342	11
3343	11
3344	11
3345	10
3346	10
3347	11
3348	11
3349	11
3350	11
3351	11
3352	11
3353	11
3354	12
3355	12
3356	12
3357	14
3358	14
3359	14
3360	14
3361	14
3362	14
3363	14
3364	14
3365	14
3366	14
3367	14
3368	14
3369	15
3370	15
3371	15
3372	15
3373	15
3374	16
3375	16
3376	16
3377	16
3378	16
3379	16
3380	16
3381	16
3382	16
3383	16
3384	16
3385	15
3386	15
3387	14
3388	15
3389	14
3390	14
3391	14
3392	14
3393	14
3394	14
3395	14
3396	14
3397	14
3398	14
3399	14
3400	15
3401	15
3402	15
3403	15
3404	15
3405	14
3406	14
3407	14
3408	14
3409	14
3410	14
3411	14
3412	14
3413	14
3414	14
3415	14
3416	15
3417	15
3418	15
3419	15
3420	15
3421	14
3422	14
3423	14
3424	13
3425	13
3426	13
3427	13
3428	13
3429	13
3430	13
3431	13
3432	14
3433	14
3434	15
3435	16
3436	16
3437	17
3438	16
3439	16
3440	17
3441	17
3442	17
3443	17
3444	17
3445	17
3446	17
3447	18
3448	18
3449	18
3450	18
3451	18
3452	18
3453	18
3454	19
3455	18
3456	18
3457	18
3458	18
3459	18
3460	18
3461	18
3462	19
3463	19
3464	19
3465	19
3466	19
3467	19
3468	18
3469	18
3470	18
3471	18
3472	18
3473	18
3474	18
3475	19
3476	19
3477	19
3478	18
3479	19
3480	19
3481	19
3482	19
3483	20
3484	20
3485	20
3486	20
3487	20
3488	20
3489	20
3490	20
3491	20
3492	20
3493	20
3494	20
3495	20
3496	19
3497	19
3498	19
3499	19
3500	19
3501	19
3502	19
3503	19
3504	19
3505	20
3506	20
3507	19
3508	19
3509	20
3510	21
3511	22
3512	21
3513	21
3514	21
3515	20
3516	20
3517	20
3518	20
3519	20
3520	21
3521	21
3522	21
3523	21
3524	21
3525	21
3526	21
3527	21
3528	20
3529	20
3530	20
3531	19
3532	19
3533	19
3534	19
3535	18
3536	18
3537	18
3538	18
3539	18
3540	18
3541	18
3542	18
3543	18
3544	18
3545	18
3546	18
3547	18
3548	18
3549	19
3550	19
3551	19
3552	20
3553	20
3554	20
3555	20
3556	19
3557	20
3558	20
3559	20
3560	21
3561	21
3562	22
3563	22
3564	22
3565	22
3566	22
3567	23
3568	23
3569	23
3570	23
3571	24
3572	24
3573	24
3574	24
3575	24
3576	24
3577	25
3578	25
3579	26
3580	27
3581	27
3582	27
3583	27
3584	26
3585	26
3586	25
3587	25
3588	25
3589	25
3590	25
3591	25
3592	24
3593	24
3594	23
3595	23
3596	22
3597	21
3598	21
3599	21
3600	21
3601	21
3602	22
3603	22
3604	24
3605	24
3606	24
3607	24
3608	24
3609	23
3610	23
3611	23
3612	23
3613	23
3614	23
3615	23
3616	24
3617	24
3618	24
3619	25
3620	25
3621	26
3622	26
3623	26
3624	26
3625	26
3626	27
3627	27
3628	27
3629	27
3630	27
3631	28
3632	28
3633	28
3634	28
3635	27
3636	28
3637	28
3638	28
3639	28
3640	28
3641	28
3642	29
3643	29
3644	29
3645	29
3646	29
3647	28
3648	28
3649	27
3650	27
3651	27
3652	27
3653	28
3654	28
3655	28
3656	28
3657	29
3658	29
3659	29
3660	29
3661	29
3662	29
3663	29
3664	30
3665	29
3666	29
3667	29
3668	30
3669	30
3670	30
3671	29
3672	28
3673	29
3674	29
3675	29
3676	29
3677	29
3678	29
3679	29
3680	29
3681	29
3682	29
3683	30
3684	30
3685	30
3686	30
3687	30
3688	30
3689	29
3690	30
3691	30
3692	30
3693	30
3694	29
3695	29
3696	29
3697	29
3698	29
3699	29
3700	29
3701	29
3702	31
3703	32
3704	31
3705	31
3706	31
3707	31
3708	31
3709	31
3710	31
3711	31
3712	31
3713	32
3714	32
3715	33
3716	33
3717	33
3718	32
3719	32
3720	33
3721	33
3722	33
3723	33
3724	32
3725	32
3726	32
3727	32
3728	32
3729	32
3730	32
3731	32
3732	32
3733	32
3734	32
3735	32
3736	32
3737	32
3738	32
3739	31
3740	31
3741	31
3742	31
3743	31
3744	30
3745	31
3746	31
3747	31
3748	31
3749	31
3750	31
3751	32
3752	32
3753	32
3754	32
3755	32
3756	32
3757	32
3758	32
3759	32
3760	32
3761	32
3762	32
3763	32
3764	32
3765	32
3766	32
3767	32
3768	32
3769	32
3770	32
3771	32
3772	32
3773	32
3774	32
3775	32
3776	32
3777	31
3778	31
3779	31
3780	30
3781	30
3782	30
3783	30
3784	31
3785	30
3786	31
3787	31
3788	31
3789	31
3790	31
3791	31
3792	31
3793	31
3794	31
3795	32
3796	32
3797	32
3798	32
3799	33
3800	33
3801	34
3802	34
3803	34
3804	34
3805	35
3806	35
3807	35
3808	34
3809	35
3810	36
3811	35
3812	33
3813	31
3814	29
3815	27
3816	27
3817	27
3818	27
3819	27
3820	27
3821	27
3822	28
3823	28
3824	27
3825	27
3826	27
3827	28
3828	28
3829	28
3830	28
3831	28
3832	28
3833	28
3834	28
3835	28
3836	28
3837	28
3838	28
3839	30
3840	30
3841	30
3842	30
3843	30
3844	30
3845	30
3846	30
3847	30
3848	30
3849	30
3850	30
3851	29
3852	30
3853	30
3854	30
3855	30
3856	30
3857	29
3858	29
3859	29
3860	29
3861	29
3862	29
3863	29
3864	29
3865	30
3866	30
3867	30
3868	30
3869	30
3870	29
3871	29
3872	29
3873	29
3874	29
3875	29
3876	29
3877	29
3878	29
3879	29
3880	28
3881	28
3882	28
3883	28
3884	28
3885	27
3886	27
3887	27
3888	27
3889	27
3890	27
3891	27
3892	27
3893	28
3894	28
3895	28
3896	28
3897	28
3898	28
3899	27
3900	27
3901	27
3902	27
3903	27
3904	27
3905	27
3906	27
3907	28
3908	28
3909	28
3910	28
3911	28
3912	27
3913	27
3914	28
3915	28
3916	28
3917	28
3918	28
3919	28
3920	28
3921	28
3922	28
3923	28
3924	28
3925	28
3926	29
3927	29
3928	30
3929	30
3930	29
3931	29
3932	29
3933	29
3934	32
3935	32
3936	33
3937	33
3938	33
3939	33
3940	33
3941	33
3942	33
3943	33
3944	32
3945	32
3946	32
3947	32
3948	32
3949	32
3950	32
3951	31
3952	31
3953	31
3954	31
3955	30
3956	29
3957	28
3958	28
3959	27
3960	26
3961	26
3962	26
3963	26
3964	26
3965	26
3966	26
3967	26
3968	26
3969	26
3970	27
3971	26
3972	26
3973	26
3974	26
3975	26
3976	26
3977	26
3978	26
3979	26
3980	26
3981	26
3982	25
3983	25
3984	25
3985	25
3986	25
3987	25
3988	25
3989	25
3990	25
3991	26
3992	26
3993	26
3994	28
3995	28
3996	28
3997	28
3998	27
3999	27
4000	27
4001	27
4002	27
4003	27
4004	27
4005	28
4006	28
4007	28
4008	28
4009	28
4010	28
4011	29
4012	28
4013	28
4014	28
4015	27
4016	27
4017	28
4018	28
4019	28
4020	29
4021	27
4022	27
4023	27
4024	27
4025	26
4026	26
4027	26
4028	24
4029	24
4030	23
4031	23
4032	23
4033	23
4034	23
4035	23
4036	23
4037	23
4038	23
4039	23
4040	24
4041	25
4042	25
4043	24
4044	24
4045	24
4046	24
4047	25
4048	25
4049	25
4050	25
4051	26
4052	27
4053	27
4054	27
4055	27
4056	27
4057	27
4058	28
4059	28
4060	28
4061	29
4062	29
4063	29
4064	28
4065	28
4066	27
4067	26
4068	26
4069	25
4070	25
4071	25
4072	24
4073	24
4074	24
4075	24
4076	24
4077	24
4078	24
4079	24
4080	24
4081	24
4082	24
4083	24
4084	24
4085	24
4086	24
4087	24
4088	24
4089	24
4090	24
4091	25
4092	25
4093	25
4094	25
4095	25
4096	25
4097	25
4098	25
4099	24
4100	24
4101	24
4102	24
4103	23
4104	23
4105	22
4106	21
4107	21
4108	20
4109	20
4110	20
4111	20
4112	20
4113	21
4114	21
4115	21
4116	21
4117	21
4118	21
4119	21
4120	20
4121	20
4122	21
4123	21
4124	21
4125	21
4126	21
4127	21
4128	21
4129	21
4130	20
4131	20
4132	20
4133	20
4134	20
4135	20
4136	20
4137	20
4138	20
4139	20
4140	20
4141	20
4142	20
4143	20
4144	21
4145	21
4146	22
4147	22
4148	22
4149	22
4150	22
4151	22
4152	22
4153	23
4154	23
4155	23
4156	23
4157	23
4158	23
4159	22
4160	22
4161	22
4162	22
4163	22
4164	21
4165	21
4166	21
4167	22
4168	22
4169	22
4170	21
4171	21
4172	20
4173	21
4174	20
4175	19
4176	19
4177	19
4178	19
4179	19
4180	19
4181	17
4182	17
4183	17
4184	17
4185	17
4186	17
4187	18
4188	17
4189	18
4190	18
4191	18
4192	16
4193	16
4194	16
4195	16
4196	16
4197	15
4198	16
4199	16
4200	16
4201	18
4202	18
4203	18
4204	19
4205	19
4206	19
4207	19
4208	18
4209	19
4210	18
4211	18
4212	19
4213	19
4214	19
4215	19
4216	19
4217	19
4218	18
4219	19
4220	19
4221	20
4222	20
4223	21
4224	20
4225	21
4226	21
4227	21
4228	21
4229	21
4230	21
4231	21
4232	21
4233	21
4234	21
4235	21
4236	21
4237	21
4238	22
4239	22
4240	22
4241	22
4242	22
4243	22
4244	22
4245	22
4246	22
4247	22
4248	22
4249	22
4250	22
4251	21
4252	21
4253	20
4254	20
4255	21
4256	20
4257	21
4258	21
4259	21
4260	21
4261	21
4262	21
4263	21
4264	21
4265	21
4266	20
4267	20
4268	18
4269	18
4270	18
4271	18
4272	19
4273	19
4274	19
4275	18
4276	18
4277	18
4278	18
4279	18
4280	18
4281	18
4282	17
4283	17
4284	17
4285	17
4286	16
4287	16
4288	16
4289	16
4290	17
4291	17
4292	17
4293	16
4294	16
4295	16
4296	16
4297	16
4298	16
4299	16
4300	17
4301	17
4302	17
4303	17
4304	17
4305	18
4306	17
4307	17
4308	17
4309	17
4310	17
4311	17
4312	17
4313	17
4314	17
4315	17
4316	17
4317	17
4318	17
4319	17
4320	17
4321	17
4322	17
4323	17
4324	17
4325	17
4326	17
4327	17
4328	17
4329	17
4330	20
4331	21
4332	20
4333	21
4334	21
4335	20
4336	20
4337	21
4338	20
4339	20
4340	20
4341	21
4342	22
4343	22
4344	22
4345	22
4346	22
4347	21
4348	22
4349	23
4350	23
4351	23
4352	23
4353	23
4354	24
4355	24
4356	24
4357	25
4358	25
4359	25
4360	25
4361	25
4362	25
4363	26
4364	26
4365	26
4366	25
4367	25
4368	24
4369	24
4370	23
4371	23
4372	22
4373	21
4374	21
4375	22
4376	22
4377	22
4378	22
4379	22
4380	22
4381	22
4382	22
4383	22
4384	22
4385	22
4386	22
4387	22
4388	22
4389	22
4390	22
4391	22
4392	20
4393	20
4394	20
4395	20
4396	20
4397	20
4398	20
4399	20
4400	21
4401	21
4402	21
4403	21
4404	21
4405	20
4406	20
4407	20
4408	20
4409	19
4410	19
4411	19
4412	18
4413	18
4414	18
4415	17
4416	16
4417	17
4418	17
4419	16
4420	17
4421	18
4422	18
4423	18
4424	19
4425	19
4426	20
4427	19
4428	19
4429	19
4430	19
4431	19
4432	19
4433	19
4434	19
4435	19
4436	18
4437	18
4438	18
4439	18
4440	17
4441	17
4442	17
4443	17
4444	17
4445	17
4446	17
4447	18
4448	18
4449	18
4450	18
4451	18
4452	18
4453	18
4454	18
4455	18
4456	18
4457	18
4458	19
4459	19
4460	18
4461	18
4462	18
4463	17
4464	17
4465	17
4466	17
4467	17
4468	17
4469	17
4470	17
4471	17
4472	17
4473	17
4474	15
4475	15
4476	15
4477	15
4478	15
4479	15
4480	15
4481	15
4482	15
4483	14
4484	14
4485	13
4486	14
4487	14
4488	14
4489	13
4490	13
4491	13
4492	13
4493	13
4494	13
4495	12
4496	12
4497	12
4498	13
4499	13
4500	13
4501	13
4502	13
4503	13
4504	13
4505	13
4506	13
4507	13
4508	13
4509	12
4510	12
4511	12
4512	12
4513	12
4514	12
4515	12
4516	12
4517	12
4518	12
4519	12
4520	12
4521	11
4522	11
4523	11
4524	11
4525	11
4526	11
4527	10
4528	10
4529	9
4530	9
4531	9
4532	10
4533	10
4534	10
4535	10
4536	10
4537	10
4538	10
4539	10
4540	10
4541	11
4542	11
4543	11
4544	12
4545	12
4546	12
4547	12
4548	12
4549	12
4550	11
4551	11
4552	12
4553	12
4554	12
4555	12
4556	12
4557	12
4558	12
4559	12
4560	12
4561	12
4562	12
4563	12
4564	12
4565	12
4566	13
4567	13
4568	13
4569	13
4570	13
4571	14
4572	14
4573	15
4574	15
4575	14
4576	14
4577	14
4578	14
4579	14
4580	14
4581	14
4582	14
4583	13
4584	13
4585	13
4586	13
4587	13
4588	13
4589	12
4590	13
4591	13
4592	13
4593	13
4594	13
4595	13
4596	13
4597	13
4598	13
4599	14
4600	13
4601	13
4602	15
4603	16
4604	16
4605	16
4606	16
4607	17
4608	17
4609	17
4610	17
4611	17
4612	18
4613	19
4614	19
4615	19
4616	19
4617	19
4618	19
4619	20
4620	20
4621	20
4622	20
4623	20
4624	20
4625	21
4626	21
4627	21
4628	21
4629	21
4630	21
4631	21
4632	21
4633	21
4634	21
4635	22
4636	21
4637	21
4638	21
4639	20
4640	20
4641	21
4642	21
4643	21
4644	21
4645	21
4646	20
4647	20
4648	20
4649	20
4650	20
4651	20
4652	19
4653	19
4654	19
4655	19
4656	19
4657	19
4658	19
4659	18
4660	18
4661	18
4662	18
4663	17
4664	17
4665	17
4666	18
4667	18
4668	18
4669	18
4670	18
4671	18
4672	18
4673	18
4674	17
4675	17
4676	17
4677	17
4678	17
4679	16
4680	15
4681	15
4682	15
4683	15
4684	15
4685	15
4686	15
4687	15
4688	15
4689	15
4690	15
4691	15
4692	15
4693	15
4694	15
4695	15
4696	15
4697	15
4698	15
4699	15
4700	16
4701	16
4702	16
4703	16
4704	16
4705	16
4706	16
4707	16
4708	15
4709	14
4710	14
4711	14
4712	14
4713	14
4714	14
4715	14
4716	14
4717	14
4718	14
4719	14
4720	14
4721	14
4722	13
4723	12
4724	12
4725	12
4726	12
4727	13
4728	13
4729	13
4730	13
4731	13
4732	13
4733	13
4734	12
4735	13
4736	13
4737	14
4738	15
4739	15
4740	15
4741	15
4742	15
4743	15
4744	15
4745	15
4746	15
4747	15
4748	15
4749	15
4750	15
4751	15
4752	13
4753	13
4754	13
4755	14
4756	14
4757	14
4758	15
4759	15
4760	16
4761	16
4762	16
4763	16
4764	16
4765	16
4766	16
4767	16
4768	15
4769	15
4770	15
4771	15
4772	15
4773	15
4774	16
4775	16
4776	16
4777	16
4778	16
4779	16
4780	16
4781	15
4782	15
4783	14
4784	15
4785	15
4786	16
4787	16
4788	16
4789	16
4790	16
4791	16
4792	16
4793	16
4794	15
4795	15
4796	15
4797	16
4798	16
4799	16
4800	15
4801	15
4802	14
4803	14
4804	14
4805	14
4806	14
4807	14
4808	14
4809	15
4810	15
4811	14
4812	14
4813	15
4814	16
4815	15
4816	15
4817	15
4818	15
4819	15
4820	15
4821	15
4822	15
4823	15
4824	16
4825	16
4826	16
4827	16
4828	16
4829	16
4830	16
4831	16
4832	16
4833	16
4834	16
4835	16
4836	16
4837	16
4838	15
4839	15
4840	15
4841	15
4842	15
4843	15
4844	15
4845	15
4846	15
4847	16
4848	16
4849	16
4850	16
4851	16
4852	16
4853	16
4854	16
4855	15
4856	15
4857	14
4858	14
4859	14
4860	14
4861	16
4862	16
4863	16
4864	16
4865	16
4866	15
4867	15
4868	15
4869	15
4870	16
4871	16
4872	16
4873	16
4874	16
4875	16
4876	16
4877	15
4878	14
4879	14
4880	14
4881	14
4882	14
4883	13
4884	13
4885	13
4886	13
4887	13
4888	14
4889	16
4890	16
4891	16
4892	16
4893	16
4894	16
4895	15
4896	15
4897	15
4898	15
4899	15
4900	15
4901	15
4902	15
4903	15
4904	15
4905	15
4906	15
4907	15
4908	15
4909	15
4910	15
4911	15
4912	15
4913	15
4914	14
4915	15
4916	15
4917	15
4918	15
4919	15
4920	15
4921	15
4922	15
4923	14
4924	15
4925	15
4926	13
4927	13
4928	13
4929	13
4930	13
4931	13
4932	13
4933	12
4934	12
4935	12
4936	11
4937	11
4938	11
4939	11
4940	11
4941	11
4942	11
4943	11
4944	11
4945	12
4946	12
4947	12
4948	13
4949	14
4950	14
4951	14
4952	14
4953	14
4954	14
4955	14
4956	14
4957	14
4958	14
4959	13
4960	13
4961	13
4962	13
4963	13
4964	13
4965	13
4966	13
4967	13
4968	14
4969	15
4970	15
4971	15
4972	15
4973	15
4974	16
4975	16
4976	16
4977	16
4978	16
4979	17
4980	17
4981	17
4982	17
4983	17
4984	17
4985	16
4986	17
4987	17
4988	17
4989	17
4990	17
4991	17
4992	18
4993	19
4994	18
4995	18
4996	19
4997	19
4998	19
4999	19
5000	19
5001	19
5002	19
5003	19
5004	19
5005	19
5006	19
5007	21
5008	21
5009	22
5010	22
5011	22
5012	22
5013	24
5014	23
5015	23
5016	22
5017	22
5018	23
5019	22
5020	22
5021	22
5022	23
5023	23
5024	23
5025	24
5026	24
5027	24
5028	24
5029	24
5030	24
5031	24
5032	25
5033	25
5034	25
5035	25
5036	25
5037	25
5038	25
5039	25
5040	25
5041	25
5042	25
5043	25
5044	25
5045	25
5046	25
5047	25
5048	25
5049	25
5050	26
5051	26
5052	26
5053	26
5054	27
5055	27
5056	27
5057	26
5058	26
5059	25
5060	27
5061	26
5062	26
5063	26
5064	26
5065	26
5066	25
5067	25
5068	25
5069	24
5070	24
5071	24
5072	25
5073	25
5074	26
5075	25
5076	24
5077	24
5078	24
5079	24
5080	25
5081	25
5082	25
5083	25
5084	25
5085	25
5086	25
5087	25
5088	26
5089	26
5090	26
5091	26
5092	26
5093	26
5094	27
5095	28
5096	27
5097	27
5098	26
5099	26
5100	26
5101	26
5102	25
5103	25
5104	25
5105	25
5106	25
5107	25
5108	24
5109	24
5110	24
5111	24
5112	24
5113	24
5114	23
5115	23
5116	24
5117	24
5118	24
5119	24
5120	24
5121	24
5122	24
5123	24
5124	25
5125	25
5126	25
5127	25
5128	25
5129	25
5130	25
5131	26
5132	26
5133	25
5134	25
5135	24
5136	24
5137	24
5138	24
5139	24
5140	23
5141	23
5142	23
5143	23
5144	23
5145	23
5146	23
5147	22
5148	22
5149	22
5150	22
5151	21
5152	22
5153	22
5154	22
5155	22
5156	22
5157	22
5158	22
5159	22
5160	22
5161	23
5162	23
5163	23
5164	23
5165	22
5166	22
5167	22
5168	22
5169	22
5170	22
5171	23
5172	23
5173	23
5174	24
5175	24
5176	23
5177	22
5178	22
5179	22
5180	22
5181	22
5182	22
5183	22
5184	23
5185	23
5186	23
5187	23
5188	23
5189	23
5190	23
5191	23
5192	23
5193	23
5194	22
5195	22
5196	22
5197	23
5198	23
5199	23
5200	23
5201	23
5202	23
5203	23
5204	22
5205	22
5206	21
5207	21
5208	21
5209	21
5210	21
5211	22
5212	21
5213	22
5214	22
5215	21
5216	21
5217	21
5218	21
5219	21
5220	20
5221	20
5222	20
5223	20
5224	20
5225	18
5226	17
5227	17
5228	16
5229	16
5230	17
5231	16
5232	16
5233	16
5234	16
5235	17
5236	17
5237	17
5238	17
5239	17
5240	17
5241	17
5242	16
5243	17
5244	17
5245	17
5246	17
5247	18
5248	18
5249	18
5250	18
5251	18
5252	18
5253	18
5254	18
5255	18
5256	18
5257	18
5258	18
5259	18
5260	19
5261	19
5262	19
5263	20
5264	20
5265	20
5266	20
5267	20
5268	20
5269	21
5270	20
5271	20
5272	21
5273	20
5274	20
5275	20
5276	20
5277	20
5278	19
5279	18
5280	18
5281	18
5282	18
5283	18
5284	18
5285	19
5286	19
5287	19
5288	19
5289	19
5290	19
5291	18
5292	18
5293	19
5294	20
5295	20
5296	20
5297	20
5298	20
5299	20
5300	20
5301	19
5302	18
5303	18
5304	17
5305	17
5306	17
5307	17
5308	17
5309	18
5310	19
5311	20
5312	20
5313	20
5314	19
5315	19
5316	18
5317	18
5318	18
5319	18
5320	19
5321	18
5322	18
5323	17
5324	17
5325	17
5326	17
5327	16
5328	16
5329	16
5330	16
5331	16
5332	16
5333	16
5334	16
5335	16
5336	16
5337	16
5338	15
5339	15
5340	15
5341	15
5342	15
5343	15
5344	15
5345	15
5346	14
5347	14
5348	15
5349	16
5350	17
5351	17
5352	17
5353	17
5354	17
5355	17
5356	17
5357	17
5358	17
5359	17
5360	17
5361	17
5362	16
5363	16
5364	16
5365	16
5366	16
5367	16
5368	15
5369	15
5370	14
5371	14
5372	14
5373	14
5374	14
5375	14
5376	14
5377	14
5378	14
5379	13
5380	12
5381	12
5382	12
5383	12
5384	12
5385	12
5386	12
5387	12
5388	12
5389	13
5390	13
5391	14
5392	14
5393	15
5394	16
5395	16
5396	16
5397	14
5398	13
5399	13
5400	12
5401	13
5402	12
5403	12
5404	12
5405	12
5406	13
5407	13
5408	13
5409	14
5410	16
5411	15
5412	16
5413	17
5414	17
5415	17
5416	17
5417	17
5418	17
5419	17
5420	17
5421	17
5422	17
5423	17
5424	16
5425	16
5426	16
5427	16
5428	16
5429	16
5430	16
5431	16
5432	15
5433	15
5434	15
5435	15
5436	15
5437	15
5438	16
5439	16
5440	17
5441	17
5442	16
5443	16
5444	15
5445	15
5446	15
5447	15
5448	14
5449	14
5450	14
5451	14
5452	13
5453	13
5454	13
5455	13
5456	12
5457	12
5458	12
5459	12
5460	12
5461	12
5462	12
5463	12
5464	12
5465	12
5466	12
5467	12
5468	12
5469	12
5470	12
5471	12
5472	12
5473	12
5474	12
5475	12
5476	12
5477	12
5478	12
5479	12
5480	12
5481	12
5482	12
5483	12
5484	12
5485	12
5486	12
5487	11
5488	11
5489	11
5490	11
5491	10
5492	9
5493	9
5494	9
5495	9
5496	9
5497	9
5498	9
5499	9
5500	9
5501	10
5502	10
5503	11
5504	12
5505	12
5506	12
5507	12
5508	12
5509	12
5510	12
5511	12
5512	12
5513	12
5514	12
5515	12
5516	11
5517	11
5518	12
5519	12
5520	12
5521	12
5522	12
5523	12
5524	12
5525	12
5526	11
5527	11
5528	11
5529	11
5530	11
5531	12
5532	12
5533	11
5534	11
5535	11
5536	11
5537	11
5538	11
5539	11
5540	11
5541	11
5542	11
5543	11
5544	11
5545	11
5546	11
5547	11
5548	11
5549	11
5550	11
5551	11
5552	11
5553	11
5554	11
5555	11
5556	11
5557	11
5558	11
5559	11
5560	11
5561	11
5562	11
5563	11
5564	11
5565	12
5566	12
5567	12
5568	12
5569	13
5570	13
5571	13
5572	13
5573	13
5574	13
5575	12
5576	12
5577	12
5578	13
5579	14
5580	14
5581	15
5582	15
5583	15
5584	15
5585	15
5586	16
5587	16
5588	16
5589	16
5590	17
5591	20
5592	22
5593	24
5594	26
5595	26
5596	26
5597	26
5598	27
5599	27
5600	27
5601	26
5602	26
5603	26
5604	26
5605	26
5606	27
5607	27
5608	26
5609	26
5610	26
5611	26
5612	26
5613	24
5614	24
5615	24
5616	24
5617	24
5618	24
5619	24
5620	24
5621	24
5622	24
5623	24
5624	24
5625	24
5626	24
5627	24
5628	24
5629	25
5630	25
5631	25
5632	25
5633	25
5634	25
5635	25
5636	25
5637	25
5638	25
5639	25
5640	25
5641	25
5642	25
5643	25
5644	25
5645	25
5646	25
5647	24
5648	24
5649	24
5650	23
5651	23
5652	22
5653	22
5654	22
5655	21
5656	21
5657	21
5658	21
5659	21
5660	21
5661	21
5662	21
5663	21
5664	20
5665	20
5666	19
5667	18
5668	18
5669	16
5670	16
5671	16
5672	15
5673	15
5674	15
5675	15
5676	15
5677	15
5678	14
5679	14
5680	15
5681	16
5682	16
5683	16
5684	16
5685	16
5686	17
5687	17
5688	17
5689	18
5690	18
5691	18
5692	19
5693	19
5694	19
5695	19
5696	19
5697	19
5698	19
5699	19
5700	18
5701	18
5702	18
5703	18
5704	18
5705	18
5706	18
5707	18
5708	18
5709	18
5710	18
5711	18
5712	18
5713	18
5714	18
5715	18
5716	18
5717	18
5718	18
5719	18
5720	17
5721	17
5722	17
5723	18
5724	18
5725	18
5726	18
5727	18
5728	19
5729	19
5730	19
5731	18
5732	18
5733	18
5734	18
5735	18
5736	18
5737	18
5738	18
5739	18
5740	18
5741	18
5742	18
5743	18
5744	18
5745	18
5746	17
5747	16
5748	15
5749	15
5750	15
5751	15
5752	14
5753	14
5754	14
5755	14
5756	14
5757	13
5758	13
5759	13
5760	13
5761	13
5762	13
5763	13
5764	13
5765	13
5766	13
5767	13
5768	13
5769	12
5770	11
5771	11
5772	11
5773	11
5774	11
5775	11
5776	12
5777	12
5778	12
5779	12
5780	12
5781	12
5782	12
5783	12
5784	12
5785	11
5786	11
5787	12
5788	12
5789	12
5790	12
5791	12
5792	12
5793	12
5794	12
5795	12
5796	12
5797	12
5798	12
5799	12
5800	12
5801	12
5802	12
5803	12
5804	12
5805	12
5806	12
5807	13
5808	13
5809	13
5810	14
5811	15
5812	15
5813	15
5814	15
5815	15
5816	15
5817	17
5818	17
5819	17
5820	17
5821	17
5822	16
5823	16
5824	16
5825	16
5826	16
5827	16
5828	16
5829	16
5830	16
5831	15
5832	15
5833	15
5834	15
5835	15
5836	14
5837	14
5838	14
5839	14
5840	14
5841	15
5842	15
5843	15
5844	15
5845	15
5846	15
5847	15
5848	15
5849	15
5850	14
5851	14
5852	14
5853	14
5854	15
5855	15
5856	15
5857	15
5858	15
5859	15
5860	16
5861	17
5862	16
5863	16
5864	16
5865	16
5866	16
5867	16
5868	15
5869	15
5870	15
5871	15
5872	15
5873	15
5874	15
5875	15
5876	16
5877	16
5878	16
5879	16
5880	16
5881	15
5882	15
5883	15
5884	16
5885	16
5886	16
5887	16
5888	16
5889	16
5890	16
5891	17
5892	17
5893	17
5894	17
5895	17
5896	17
5897	17
5898	17
5899	16
5900	16
5901	16
5902	16
5903	17
5904	17
5905	17
5906	18
5907	18
5908	18
5909	18
5910	18
5911	18
5912	18
5913	18
5914	18
5915	18
5916	18
5917	18
5918	19
5919	19
5920	19
5921	19
5922	19
5923	20
5924	20
5925	20
5926	19
5927	19
5928	19
5929	19
5930	19
5931	20
5932	19
5933	19
5934	19
5935	19
5936	19
5937	19
5938	19
5939	19
5940	19
5941	19
5942	19
5943	19
5944	18
5945	18
5946	19
5947	19
5948	19
5949	19
5950	20
5951	20
5952	20
5953	20
5954	20
5955	19
5956	19
5957	20
5958	18
5959	18
5960	18
5961	18
5962	18
5963	18
5964	18
5965	18
5966	17
5967	17
5968	17
5969	17
5970	17
5971	18
5972	18
5973	18
5974	18
5975	18
5976	18
5977	18
5978	18
5979	18
5980	18
5981	18
5982	19
5983	19
5984	19
5985	19
5986	18
5987	18
5988	18
5989	18
5990	18
5991	18
5992	18
5993	18
5994	19
5995	19
5996	19
5997	18
5998	18
5999	18
6000	18
6001	18
6002	17
6003	17
6004	17
6005	17
6006	18
6007	18
6008	18
6009	18
6010	18
6011	18
6012	18
6013	18
6014	18
6015	18
6016	18
6017	18
6018	18
6019	18
6020	18
6021	18
6022	18
6023	17
6024	17
6025	18
6026	17
6027	16
6028	15
6029	15
6030	16
6031	15
6032	15
6033	15
6034	15
6035	14
6036	15
6037	15
6038	14
6039	13
6040	15
6041	17
6042	17
6043	17
6044	17
6045	18
6046	18
6047	18
6048	18
6049	18
6050	18
6051	18
6052	18
6053	17
6054	18
6055	18
6056	18
6057	18
6058	18
6059	18
6060	18
6061	18
6062	18
6063	19
6064	19
6065	19
6066	19
6067	18
6068	19
6069	19
6070	19
6071	20
6072	20
6073	20
6074	21
6075	21
6076	21
6077	21
6078	21
6079	22
6080	22
6081	23
6082	23
6083	23
6084	23
6085	23
6086	23
6087	23
6088	22
6089	23
6090	22
6091	23
6092	23
6093	23
6094	23
6095	22
6096	22
6097	22
6098	22
6099	22
6100	22
6101	21
6102	21
6103	21
6104	21
6105	20
6106	20
6107	20
6108	20
6109	19
6110	18
6111	18
6112	18
6113	17
6114	17
6115	17
6116	17
6117	15
6118	15
6119	15
6120	15
6121	17
6122	17
6123	16
6124	16
6125	16
6126	16
6127	17
6128	18
6129	18
6130	18
6131	18
6132	18
6133	17
6134	17
6135	17
6136	17
6137	17
6138	17
6139	17
6140	17
6141	17
6142	17
6143	17
6144	17
6145	17
6146	17
6147	17
6148	17
6149	17
6150	17
6151	17
6152	18
6153	18
6154	18
6155	18
6156	17
6157	16
6158	15
6159	15
6160	15
6161	14
6162	14
6163	14
6164	14
6165	14
6166	14
6167	14
6168	14
6169	14
6170	14
6171	14
6172	14
6173	14
6174	15
6175	15
6176	15
6177	15
6178	15
6179	13
6180	13
6181	12
6182	12
6183	12
6184	12
6185	12
6186	12
6187	12
6188	11
6189	11
6190	11
6191	11
6192	11
6193	11
6194	11
6195	11
6196	10
6197	10
6198	10
6199	10
6200	10
6201	10
6202	10
6203	10
6204	10
6205	10
6206	10
6207	10
6208	10
6209	10
6210	11
6211	11
6212	12
6213	12
6214	12
6215	12
6216	12
6217	12
6218	11
6219	11
6220	11
6221	11
6222	11
6223	11
6224	11
6225	11
6226	11
6227	11
6228	11
6229	11
6230	11
6231	11
6232	11
6233	11
6234	11
6235	11
6236	11
6237	11
6238	12
6239	12
6240	12
6241	13
6242	13
6243	13
6244	13
6245	13
6246	13
6247	13
6248	13
6249	13
6250	13
6251	13
6252	13
6253	13
6254	13
6255	12
6256	13
6257	13
6258	13
6259	13
6260	12
6261	12
6262	11
6263	11
6264	11
6265	12
6266	13
6267	13
6268	13
6269	13
6270	13
6271	12
6272	13
6273	13
6274	13
6275	13
6276	13
6277	13
6278	13
6279	13
6280	13
6281	13
6282	13
6283	13
6284	13
6285	14
6286	14
6287	14
6288	14
6289	14
6290	14
6291	14
6292	14
6293	15
6294	15
6295	15
6296	15
6297	15
6298	13
6299	13
6300	12
6301	12
6302	12
6303	12
6304	11
6305	11
6306	11
6307	11
6308	11
6309	11
6310	11
6311	12
6312	12
6313	12
6314	12
6315	12
6316	12
6317	13
6318	13
6319	13
6320	12
6321	12
6322	12
6323	12
6324	12
6325	12
6326	12
6327	12
6328	12
6329	12
6330	12
6331	12
6332	12
6333	11
6334	11
6335	10
6336	10
6337	10
6338	10
6339	10
6340	10
6341	10
6342	10
6343	10
6344	10
6345	10
6346	11
6347	11
6348	11
6349	11
6350	11
6351	11
6352	11
6353	11
6354	12
6355	12
6356	12
6357	12
6358	12
6359	12
6360	12
6361	12
6362	12
6363	12
6364	12
6365	12
6366	13
6367	14
6368	14
6369	14
6370	13
6371	13
6372	13
6373	13
6374	13
6375	12
6376	12
6377	12
6378	11
6379	11
6380	11
6381	11
6382	11
6383	11
6384	11
6385	11
6386	11
6387	11
6388	11
6389	11
6390	11
6391	11
6392	11
6393	11
6394	11
6395	11
6396	11
6397	11
6398	11
6399	11
6400	10
6401	10
6402	9
6403	9
6404	9
6405	8
6406	8
6407	6
6408	6
6409	6
6410	7
6411	7
6412	7
6413	7
6414	7
6415	7
6416	7
6417	7
6418	7
6419	7
6420	6
6421	6
6422	6
6423	6
6424	6
6425	6
6426	7
6427	7
6428	7
6429	7
6430	8
6431	8
6432	8
6433	8
6434	7
6435	7
6436	7
6437	7
6438	7
6439	7
6440	7
6441	7
6442	6
6443	6
6444	6
6445	6
6446	7
6447	7
6448	8
6449	8
6450	9
6451	9
6452	9
6453	7
6454	7
6455	7
6456	7
6457	8
6458	9
6459	9
6460	9
6461	9
6462	9
6463	9
6464	10
6465	10
6466	9
6467	9
6468	9
6469	9
6470	9
6471	10
6472	11
6473	11
6474	11
6475	11
6476	11
6477	11
6478	11
6479	11
6480	11
6481	11
6482	11
6483	11
6484	11
6485	11
6486	11
6487	12
6488	12
6489	12
6490	13
6491	13
6492	14
6493	14
6494	14
6495	14
6496	14
6497	14
6498	14
6499	14
6500	14
6501	14
6502	14
6503	14
6504	14
6505	14
6506	14
6507	14
6508	15
6509	17
6510	17
6511	17
6512	17
6513	17
6514	16
6515	16
6516	15
6517	15
6518	14
6519	14
6520	14
6521	14
6522	15
6523	14
6524	14
6525	14
6526	14
6527	14
6528	14
6529	14
6530	14
6531	14
6532	14
6533	14
6534	13
6535	13
6536	13
6537	12
6538	12
6539	12
6540	12
6541	12
6542	13
6543	13
6544	13
6545	13
6546	12
6547	12
6548	12
6549	12
6550	12
6551	12
6552	12
6553	12
6554	12
6555	12
6556	12
6557	12
6558	12
6559	12
6560	12
6561	12
6562	12
6563	12
6564	12
6565	12
6566	12
6567	12
6568	11
6569	11
6570	11
6571	12
6572	12
6573	13
6574	13
6575	13
6576	13
6577	13
6578	12
6579	11
6580	11
6581	12
6582	13
6583	13
6584	13
6585	13
6586	13
6587	13
6588	13
6589	12
6590	12
6591	13
6592	13
6593	13
6594	13
6595	13
6596	13
6597	14
6598	13
6599	13
6600	13
6601	13
6602	13
6603	13
6604	13
6605	14
6606	14
6607	13
6608	13
6609	13
6610	13
6611	14
6612	14
6613	14
6614	14
6615	14
6616	14
6617	14
6618	14
6619	14
6620	14
6621	14
6622	14
6623	13
6624	13
6625	14
6626	13
6627	13
6628	13
6629	13
6630	13
6631	13
6632	13
6633	13
6634	12
6635	12
6636	12
6637	13
6638	13
6639	13
6640	13
6641	13
6642	13
6643	12
6644	12
6645	12
6646	12
6647	12
6648	12
6649	12
6650	12
6651	13
6652	13
6653	13
6654	14
6655	14
6656	13
6657	13
6658	13
6659	13
6660	13
6661	13
6662	13
6663	13
6664	13
6665	13
6666	13
6667	13
6668	13
6669	13
6670	13
6671	13
6672	13
6673	13
6674	13
6675	13
6676	12
6677	12
6678	12
6679	12
6680	12
6681	12
6682	10
6683	9
6684	9
6685	9
6686	9
6687	9
6688	9
6689	9
6690	9
6691	9
6692	9
6693	9
6694	9
6695	9
6696	9
6697	9
6698	9
6699	9
6700	9
6701	9
6702	9
6703	8
6704	8
6705	9
6706	9
6707	8
6708	8
6709	7
6710	7
6711	7
6712	7
6713	7
6714	7
6715	8
6716	8
6717	8
6718	8
6719	7
6720	7
6721	6
6722	6
6723	6
6724	6
6725	7
6726	7
6727	7
6728	8
6729	8
6730	8
6731	8
6732	9
6733	9
6734	10
6735	10
6736	10
6737	10
6738	10
6739	9
6740	9
6741	8
6742	8
6743	8
6744	9
6745	9
6746	9
6747	9
6748	10
6749	10
6750	11
6751	11
6752	11
6753	11
6754	10
6755	10
6756	10
6757	10
6758	10
6759	10
6760	11
6761	11
6762	12
6763	12
6764	12
6765	13
6766	13
6767	14
6768	14
6769	14
6770	14
6771	14
6772	14
6773	14
6774	14
6775	12
6776	12
6777	12
6778	12
6779	12
6780	12
6781	13
6782	13
6783	13
6784	13
6785	13
6786	13
6787	14
6788	14
6789	14
6790	14
6791	14
6792	14
6793	14
6794	14
6795	14
6796	14
6797	13
6798	13
6799	13
6800	13
6801	13
6802	13
6803	13
6804	13
6805	14
6806	13
6807	12
6808	12
6809	12
6810	12
6811	12
6812	12
6813	12
6814	12
6815	12
6816	12
6817	12
6818	13
6819	13
6820	13
6821	13
6822	13
6823	13
6824	13
6825	13
6826	12
6827	12
6828	12
6829	12
6830	12
6831	12
6832	12
6833	12
6834	12
6835	12
6836	12
6837	12
6838	12
6839	12
6840	12
6841	12
6842	12
6843	12
6844	12
6845	12
6846	12
6847	12
6848	12
6849	12
6850	12
6851	11
6852	11
6853	11
6854	12
6855	12
6856	12
6857	12
6858	13
6859	13
6860	13
6861	13
6862	13
6863	13
6864	13
6865	13
6866	13
6867	14
6868	12
6869	12
6870	12
6871	13
6872	13
6873	14
6874	13
6875	12
6876	12
6877	12
6878	12
6879	12
6880	12
6881	12
6882	12
6883	12
6884	12
6885	12
6886	12
6887	12
6888	12
6889	12
6890	12
6891	12
6892	12
6893	12
6894	12
6895	12
6896	12
6897	12
6898	12
6899	12
6900	12
6901	12
6902	12
6903	12
6904	12
6905	12
6906	12
6907	12
6908	12
6909	13
6910	13
6911	13
6912	13
6913	13
6914	14
6915	14
6916	14
6917	14
6918	14
6919	14
6920	14
6921	14
6922	13
6923	13
6924	13
6925	13
6926	13
6927	13
6928	13
6929	11
6930	11
6931	11
6932	11
6933	11
6934	10
6935	10
6936	9
6937	9
6938	9
6939	9
6940	11
6941	12
6942	12
6943	12
6944	12
6945	12
6946	12
6947	12
6948	12
6949	12
6950	12
6951	12
6952	12
6953	12
6954	12
6955	12
6956	12
6957	11
6958	11
6959	11
6960	11
6961	11
6962	11
6963	10
6964	10
6965	10
6966	10
6967	10
6968	10
6969	10
6970	10
6971	10
6972	10
6973	10
6974	10
6975	10
6976	10
6977	10
6978	10
6979	10
6980	10
6981	10
6982	10
6983	10
6984	10
6985	10
6986	11
6987	11
6988	11
6989	11
6990	11
6991	11
6992	12
6993	13
6994	14
6995	14
6996	14
6997	14
6998	14
6999	14
7000	13
7001	13
7002	13
7003	13
7004	13
7005	13
7006	12
7007	12
7008	12
7009	11
7010	11
7011	11
7012	11
7013	11
7014	11
7015	11
7016	11
7017	12
7018	11
7019	11
7020	11
7021	10
7022	10
7023	10
7024	10
7025	10
7026	11
7027	11
7028	11
7029	11
7030	13
7031	13
7032	13
7033	13
7034	14
7035	14
7036	15
7037	15
7038	15
7039	15
7040	14
7041	14
7042	14
7043	14
7044	14
7045	14
7046	14
7047	14
7048	14
7049	14
7050	14
7051	14
7052	14
7053	14
7054	14
7055	13
7056	14
7057	14
7058	14
7059	14
7060	14
7061	14
7062	14
7063	14
7064	14
7065	14
7066	14
7067	14
7068	14
7069	13
7070	13
7071	13
7072	13
7073	14
7074	14
7075	15
7076	14
7077	14
7078	15
7079	15
7080	15
7081	15
7082	15
7083	15
7084	15
7085	15
7086	14
7087	14
7088	14
7089	14
7090	14
7091	14
7092	14
7093	14
7094	14
7095	14
7096	14
7097	14
7098	14
7099	14
7100	14
7101	14
7102	14
7103	14
7104	14
7105	14
7106	14
7107	14
7108	14
7109	14
7110	14
7111	15
7112	15
7113	15
7114	14
7115	14
7116	14
7117	14
7118	14
7119	14
7120	14
7121	14
7122	15
7123	15
7124	15
7125	15
7126	15
7127	14
7128	14
7129	14
7130	15
7131	15
7132	15
7133	15
7134	15
7135	15
7136	15
7137	15
7138	15
7139	15
7140	14
7141	14
7142	13
7143	13
7144	13
7145	13
7146	13
7147	12
7148	11
7149	11
7150	10
7151	10
7152	10
7153	9
7154	9
7155	9
7156	10
7157	10
7158	9
7159	9
7160	9
7161	8
7162	8
7163	7
7164	7
7165	8
7166	8
7167	8
7168	9
7169	9
7170	9
7171	8
7172	8
7173	8
7174	8
7175	8
7176	8
7177	8
7178	8
7179	8
7180	8
7181	8
7182	8
7183	8
7184	8
7185	8
7186	8
7187	8
7188	8
7189	8
7190	8
7191	8
7192	8
7193	8
7194	8
7195	8
7196	9
7197	9
7198	9
7199	8
7200	8
7201	8
7202	8
7203	8
7204	8
7205	8
7206	8
7207	8
7208	8
7209	8
7210	8
7211	9
7212	9
7213	9
7214	9
7215	9
7216	9
7217	9
7218	7
7219	7
7220	7
7221	7
7222	7
7223	7
7224	7
7225	7
7226	7
7227	7
7228	7
7229	7
7230	7
7231	7
7232	7
7233	7
7234	7
7235	7
7236	7
7237	6
7238	6
7239	6
7240	6
7241	6
7242	6
7243	6
7244	6
7245	6
7246	6
7247	6
7248	6
7249	6
7250	6
7251	6
7252	6
7253	6
7254	6
7255	6
7256	6
7257	6
7258	6
7259	6
7260	6
7261	6
7262	6
7263	6
7264	5
7265	5
7266	5
7267	5
7268	5
7269	5
7270	5
7271	5
7272	5
7273	5
7274	5
7275	5
7276	5
7277	5
7278	5
7279	5
7280	5
7281	5
7282	5
7283	5
7284	5
7285	5
7286	5
7287	5
7288	3
7289	3
7290	3
7291	4
7292	4
7293	4
7294	4
7295	4
7296	4
7297	4
7298	4
7299	4
7300	4
7301	4
7302	4
7303	4
7304	4
7305	4
7306	4
7307	4
7308	4
7309	4
7310	4
7311	4
7312	4
7313	3
7314	3
7315	3
7316	3
7317	3
7318	3
7319	3
7320	3
7321	3
7322	3
7323	3
7324	3
7325	3
7326	3
7327	3
7328	3
7329	3
7330	3
7331	3
7332	3
7333	3
7334	3
7335	2
7336	2
7337	2
7338	2
7339	1
7340	1
7341	1
7342	1
7343	1
7344	1
7345	1
7346	1
7347	1
7348	1
7349	1
7350	1
7351	1
7352	1
7353	1
7354	1
7355	1
7356	1
7357	1
7358	0
7359	0
7360	0
7361	0
7362	0
7363	0
7364	0
7365	0
7366	0
7367	0
7368	0
7369	0
7370	0
7371	0
7372	0
7373	0
7374	0
7375	0
7376	0
7377	0
7378	0
7379	0
7380	0
7381	1
7382	1
7383	1
7384	1
7385	1
7386	1
7387	1
7388	1
7389	1
7390	1
7391	1
7392	1
7393	1
7394	1
7395	2
7396	2
7397	2
7398	2
7399	2
7400	2
7401	2
7402	2
7403	2
7404	2
7405	2
7406	2
7407	2
7408	2
7409	2
7410	2
7411	2
7412	2
7413	2
7414	2
7415	2
7416	2
7417	2
7418	2
7419	2
7420	2
7421	2
7422	2
7423	2
7424	2
7425	2
7426	2
7427	2
7428	2
7429	2
7430	2
7431	2
7432	2
7433	2
7434	2
7435	1
7436	1
7437	1
7438	1
7439	1
7440	1
7441	1
7442	1
7443	1
7444	1
7445	1
7446	1
7447	1
7448	1
7449	1
7450	1
7451	1
7452	1
7453	1
7454	1
7455	1
7456	1
7457	1
7458	1
7459	1
7460	1
7461	1
7462	1
7463	1
7464	1
7465	1
7466	1
7467	1
7468	1
7469	1
7470	1
7471	1
7472	1
7473	1
7474	1
7475	1
7476	1
7477	1
7478	1
7479	1
7480	1
7481	1
7482	1
7483	1
7484	1
7485	1
7486	1
7487	1
7488	1
7489	1
7490	1
7491	1
7492	1
7493	1
7494	1
7495	1
7496	1
7497	1
7498	1
7499	1
7500	1
7501	1
7502	1
7503	1
7504	1
7505	1
7506	1
7507	1
7508	1
7509	1
7510	1
7511	1
7512	1
7513	1
7514	1
7515	1
7516	1
7517	1
7518	1
7519	1
7520	1
7521	0
7522	0
7523	0
7524	0
7525	0
7526	0
7527	0
7528	0
7529	0
7530	0
7531	0
7532	0
7533	0
7534	0
7535	0
7536	0
7537	0
7538	0
7539	0
7540	0
7541	0
7542	0
7543	0
7544	0
7545	0
7546	0
7547	0
7548	0
7549	0
7550	0
7551	0
7552	0
7553	0
7554	0
7555	0
7556	0
7557	0
7558	0
7559	0
7560	0
7561	0
7562	0
7563	0
7564	0
7565	0
7566	0
7567	0
7568	0
7569	0
7570	0
7571	0
7572	0
7573	0
7574	0
7575	0
7576	0
7577	0
7578	0
7579	0
7580	0
7581	0
7582	0
7583	0
7584	0
7585	0
7586	0
7587	0
7588	0
7589	0
7590	0
7591	0
7592	0
7593	0
7594	0
7595	0
7596	0
7597	0
7598	0
7599	0
7600	0
7601	0
7602	0
7603	0
7604	0
7605	0
7606	0
7607	0
7608	0
7609	0
7610	0
7611	0
7612	0
7613	0
7614	0
7615	0
7616	0
7617	0
7618	0
7619	0
7620	0
7621	0
7622	0
7623	0
7624	0
7625	0
7626	0
7627	0
7628	0
7629	0
7630	0
7631	0
7632	0
7633	0
7634	0
7635	0
7636	0
7637	0
7638	0
7639	0
7640	0
7641	0
7642	0
7643	0
7644	0
7645	0
7646	0
7647	0
7648	0
7649	0
7650	0
7651	0
7652	0
7653	0
7654	0
7655	0
7656	0
7657	0
7658	0
7659	0
7660	0
7661	0
7662	0
7663	0
7664	0
7665	0
7666	0
7667	0
7668	0
7669	0
7670	0
7671	0
7672	0
7673	0
7674	0
7675	0
7676	0
7677	0
7678	0
7679	0
7680	0
7681	0
7682	0
7683	0
7684	0
7685	0
7686	0
7687	0
7688	0
7689	0
7690	0
7691	0
7692	0
7693	0
7694	0
7695	0
7696	0
7697	0
7698	0
7699	0
7700	0
7701	0
7702	0
7703	0
7704	0
7705	0
7706	0
7707	0
7708	0
7709	0
7710	0
7711	0
7712	0
7713	0
7714	0
7715	0
7716	0
7717	0
7718	0
7719	0
7720	0
7721	0
7722	0
7723	0
7724	0
7725	0
7726	0
7727	0
7728	0
7729	0
7730	0
7731	0
7732	0
7733	0
7734	0
7735	0
7736	0
7737	0
7738	0
7739	0
7740	0
7741	0
7742	0
7743	0
7744	0
7745	0
7746	0
7747	0
7748	0
7749	0
7750	0
7751	0
7752	0
7753	0
7754	0
7755	0
7756	0
7757	0
7758	0
7759	0
7760	0
7761	0
7762	0
7763	0
7764	0
7765	0
7766	0
7767	0
7768	0
7769	0
7770	0
7771	0
7772	0
7773	0
7774	0
7775	0
7776	0
7777	0
7778	0
7779	0
7780	0
7781	0
7782	0
7783	0
7784	0
7785	0
7786	0
7787	0
7788	0
7789	0
7790	0
7791	0
7792	0
7793	0
7794	0
7795	0
7796	0
7797	0
7798	0
7799	0
7800	0
7801	0
7802	0
7803	0
7804	0
7805	0
7806	0
7807	0
7808	0
7809	0
7810	0
7811	0
7812	0
7813	0
7814	0
7815	0
7816	0
7817	0
7818	0
7819	0
7820	0
7821	0
7822	0
7823	0
7824	0
7825	0
7826	0
7827	0
7828	0
7829	0
7830	0
7831	0
7832	0
7833	0
7834	0
7835	0
7836	0
7837	0
7838	0
7839	0
7840	0
7841	0
7842	0
7843	0
7844	0
7845	0
7846	0
7847	0
7848	0
7849	0
7850	0
7851	0
7852	0
7853	0
7854	0
7855	0
7856	0
7857	0
7858	0
7859	0
7860	0
7861	0
7862	0
7863	0
7864	0
7865	0
7866	0
7867	0
7868	0
7869	0
7870	0
7871	0
7872	0
7873	0
7874	0
7875	0
7876	0
7877	0
7878	0
7879	0
7880	0
7881	0
7882	0
7883	0
7884	0
7885	0
7886	0
7887	0
7888	0
7889	0
7890	0
7891	0
7892	0
7893	0
7894	0
7895	0
7896	0
7897	0
7898	0
7899	0
7900	0
7901	0
7902	0
7903	0
7904	0
7905	0
7906	0
7907	0
7908	0
7909	0
7910	0
7911	0
7912	0
7913	0
7914	0
7915	0
7916	0
7917	0
7918	0
7919	0
7920	0
7921	0
7922	0
7923	0
7924	0
7925	0
7926	0
7927	0
7928	0
7929	0
7930	0
7931	0
7932	0
7933	0
7934	0
7935	0
7936	0
7937	0
7938	0
7939	0
7940	0
7941	0
7942	0
7943	0
7944	0
7945	0
7946	0
7947	0
7948	0
7949	0
7950	0
7951	0
7952	0
7953	0
7954	0
7955	0
7956	0
7957	0
7958	0
7959	0
7960	0
7961	0
7962	0
7963	0
7964	0
7965	0
7966	0
7967	0
7968	0
7969	0
7970	0
7971	0
7972	0
7973	0
7974	0
7975	0
7976	0
7977	0
7978	0
7979	0
7980	0
7981	0
7982	0
7983	0
7984	0
7985	0
7986	0
7987	0
7988	0
7989	0
7990	0
7991	0
7992	0
7993	0
7994	0
7995	0
7996	0
7997	0
7998	0
7999	0
8000	0
8001	0
8002	0
8003	0
8004	0
8005	0
8006	0
8007	0
8008	0
8009	0
8010	0
8011	0
8012	0
8013	0
8014	0
8015	0
8016	0
8017	0
8018	0
8019	0
8020	0
8021	0
8022	0
8023	0
8024	0
8025	0
8026	0
8027	0
8028	0
8029	0
8030	0
8031	0
8032	0
8033	0
8034	0
8035	0
8036	0
8037	0
8038	0
8039	0
8040	0
8041	0
8042	0
8043	0
8044	0
8045	0
8046	0
8047	0
8048	0
8049	0
8050	0
8051	0
8052	0
8053	0
8054	0
8055	0
8056	0
8057	0
8058	0
8059	0
8060	0
8061	0
8062	0
8063	0
8064	0
8065	0
8066	0
8067	0
8068	0
8069	0
8070	0
8071	0
8072	0
8073	0
8074	0
8075	0
8076	0
8077	0
8078	0
8079	0
8080	0
8081	0
8082	0
8083	0
8084	0
8085	0
8086	0
8087	0
8088	0
8089	0
8090	0
8091	0
8092	0
8093	0
8094	0
8095	0
8096	0
8097	0
8098	0
8099	0
8100	0
8101	0
8102	0
8103	0
8104	0
8105	0
8106	0
8107	0
8108	0
8109	0
8110	0
8111	0
8112	0
8113	0
8114	0
8115	0
8116	0
8117	0
8118	0
8119	0
8120	0
8121	0
8122	0
8123	0
8124	0
8125	0
8126	0
8127	0
8128	0
8129	0
8130	0
8131	0
8132	0
8133	0
8134	0
8135	0
8136	0
8137	0
8138	0
8139	0
8140	0
8141	0
8142	0
8143	0
8144	0
8145	0
8146	0
8147	0
8148	0
8149	0
8150	0
8151	0
8152	0
8153	0
8154	0
8155	0
8156	0
8157	0
8158	0
8159	0
8160	0
8161	0
8162	0
8163	0
8164	0
8165	0
8166	0
8167	0
8168	0
8169	0
8170	0
8171	0
8172	0
8173	0
8174	0
8175	0
8176	0
8177	0
8178	0
8179	0
8180	0
8181	0
8182	0
8183	0
8184	0
8185	0
8186	0
8187	0
8188	0
8189	0
8190	0
8191	0
8192	0
8193	0
8194	0
8195	0
8196	0
8197	0
8198	0
8199	0
8200	0
8201	0
8202	0
