1	0
2	0
3	0
4	0
5	0
6	0
7	0
8	0
9	0
10	0
11	0
12	0
13	0
14	0
15	0
16	0
17	0
18	0
19	0
20	0
21	0
22	0
23	0
24	0
25	0
26	0
27	0
28	0
29	0
30	0
31	0
32	0
33	0
34	0
35	0
36	0
37	0
38	0
39	0
40	0
41	0
42	0
43	0
44	0
45	0
46	0
47	0
48	0
49	0
50	0
51	0
52	0
53	0
54	0
55	0
56	0
57	0
58	0
59	0
60	0
61	0
62	0
63	0
64	0
65	0
66	0
67	0
68	0
69	0
70	0
71	0
72	0
73	0
74	0
75	0
76	0
77	0
78	0
79	0
80	0
81	0
82	0
83	0
84	0
85	0
86	0
87	0
88	0
89	0
90	0
91	0
92	0
93	0
94	0
95	0
96	0
97	0
98	0
99	0
100	1
101	1
102	1
103	1
104	1
105	1
106	1
107	1
108	1
109	1
110	1
111	1
112	1
113	1
114	2
115	2
116	3
117	3
118	3
119	3
120	3
121	3
122	3
123	3
124	3
125	3
126	3
127	3
128	3
129	3
130	3
131	3
132	3
133	3
134	3
135	3
136	3
137	3
138	3
139	3
140	3
141	3
142	3
143	3
144	3
145	4
146	4
147	4
148	4
149	4
150	4
151	4
152	4
153	4
154	4
155	4
156	4
157	4
158	4
159	4
160	4
161	4
162	4
163	4
164	4
165	4
166	4
167	4
168	4
169	4
170	3
171	3
172	3
173	3
174	3
175	3
176	3
177	3
178	3
179	3
180	3
181	3
182	3
183	3
184	3
185	3
186	3
187	3
188	3
189	3
190	3
191	3
192	3
193	3
194	3
195	3
196	3
197	4
198	4
199	4
200	4
201	4
202	4
203	4
204	4
205	4
206	4
207	4
208	4
209	4
210	4
211	4
212	4
213	4
214	5
215	5
216	4
217	4
218	4
219	4
220	4
221	4
222	4
223	4
224	4
225	4
226	4
227	4
228	4
229	4
230	4
231	4
232	4
233	4
234	4
235	4
236	4
237	4
238	4
239	4
240	4
241	5
242	5
243	5
244	5
245	5
246	5
247	5
248	5
249	5
250	6
251	6
252	7
253	7
254	7
255	7
256	7
257	7
258	7
259	7
260	7
261	7
262	7
263	7
264	8
265	8
266	8
267	8
268	8
269	8
270	8
271	9
272	9
273	9
274	9
275	9
276	10
277	10
278	10
279	10
280	10
281	10
282	10
283	10
284	10
285	9
286	9
287	9
288	9
289	10
290	10
291	10
292	10
293	10
294	10
295	10
296	10
297	10
298	10
299	10
300	10
301	10
302	9
303	9
304	9
305	9
306	9
307	8
308	8
309	8
310	8
311	8
312	8
313	8
314	8
315	8
316	9
317	9
318	9
319	9
320	9
321	9
322	9
323	8
324	8
325	8
326	8
327	8
328	8
329	8
330	8
331	8
332	8
333	8
334	8
335	8
336	8
337	8
338	8
339	8
340	8
341	8
342	8
343	9
344	9
345	9
346	9
347	9
348	9
349	9
350	9
351	9
352	9
353	9
354	9
355	9
356	10
357	10
358	10
359	10
360	10
361	10
362	10
363	10
364	11
365	11
366	10
367	10
368	10
369	10
370	10
371	10
372	10
373	10
374	10
375	10
376	10
377	10
378	10
379	10
380	10
381	10
382	10
383	10
384	10
385	10
386	11
387	12
388	12
389	12
390	12
391	12
392	13
393	13
394	13
395	13
396	13
397	12
398	12
399	12
400	12
401	13
402	13
403	13
404	13
405	13
406	13
407	14
408	14
409	14
410	14
411	14
412	15
413	15
414	15
415	15
416	15
417	15
418	15
419	15
420	14
421	14
422	14
423	14
424	14
425	14
426	14
427	14
428	14
429	15
430	16
431	17
432	16
433	14
434	15
435	15
436	15
437	15
438	15
439	15
440	15
441	15
442	15
443	15
444	15
445	15
446	15
447	14
448	13
449	13
450	13
451	14
452	14
453	14
454	14
455	13
456	13
457	13
458	13
459	12
460	12
461	12
462	12
463	12
464	12
465	12
466	13
467	15
468	15
469	15
470	15
471	15
472	15
473	15
474	15
475	15
476	16
477	16
478	16
479	16
480	16
481	15
482	15
483	15
484	15
485	16
486	16
487	16
488	16
489	16
490	16
491	15
492	17
493	17
494	17
495	17
496	16
497	16
498	16
499	16
500	16
501	16
502	16
503	17
504	17
505	16
506	15
507	15
508	15
509	15
510	15
511	15
512	16
513	16
514	16
515	16
516	15
517	15
518	15
519	15
520	14
521	13
522	13
523	13
524	13
525	13
526	13
527	13
528	13
529	14
530	14
531	14
532	14
533	14
534	14
535	14
536	14
537	14
538	14
539	14
540	14
541	14
542	15
543	15
544	14
545	14
546	14
547	14
548	15
549	15
550	15
551	15
552	15
553	16
554	16
555	16
556	16
557	16
558	16
559	16
560	16
561	16
562	16
563	15
564	15
565	15
566	15
567	15
568	15
569	15
570	15
571	15
572	15
573	15
574	15
575	15
576	15
577	15
578	15
579	15
580	15
581	15
582	14
583	13
584	14
585	14
586	14
587	14
588	14
589	14
590	14
591	14
592	14
593	13
594	13
595	12
596	12
597	12
598	13
599	13
600	13
601	13
602	13
603	13
604	12
605	12
606	12
607	12
608	12
609	12
610	12
611	12
612	12
613	12
614	11
615	12
616	11
617	11
618	11
619	11
620	10
621	10
622	10
623	10
624	10
625	10
626	10
627	10
628	11
629	11
630	12
631	13
632	14
633	14
634	14
635	14
636	14
637	14
638	14
639	14
640	14
641	14
642	14
643	14
644	14
645	14
646	14
647	14
648	14
649	14
650	14
651	14
652	15
653	15
654	16
655	17
656	17
657	17
658	17
659	17
660	17
661	17
662	17
663	17
664	17
665	17
666	17
667	17
668	17
669	17
670	17
671	17
672	17
673	18
674	18
675	18
676	18
677	18
678	18
679	19
680	19
681	19
682	20
683	20
684	20
685	20
686	20
687	20
688	20
689	20
690	20
691	20
692	19
693	19
694	19
695	20
696	20
697	21
698	21
699	20
700	20
701	19
702	19
703	19
704	19
705	19
706	19
707	19
708	19
709	19
710	19
711	20
712	20
713	21
714	21
715	21
716	21
717	21
718	21
719	22
720	22
721	21
722	21
723	20
724	19
725	19
726	18
727	18
728	18
729	18
730	18
731	18
732	20
733	20
734	20
735	19
736	19
737	20
738	20
739	19
740	19
741	19
742	18
743	18
744	18
745	18
746	18
747	18
748	18
749	18
750	18
751	18
752	18
753	19
754	19
755	20
756	19
757	19
758	19
759	19
760	18
761	18
762	18
763	18
764	20
765	21
766	21
767	21
768	21
769	21
770	21
771	21
772	21
773	21
774	21
775	21
776	21
777	21
778	20
779	20
780	21
781	22
782	22
783	22
784	22
785	22
786	22
787	23
788	23
789	23
790	23
791	23
792	23
793	23
794	23
795	22
796	22
797	22
798	22
799	22
800	21
801	21
802	21
803	21
804	20
805	19
806	20
807	20
808	20
809	19
810	19
811	19
812	19
813	18
814	18
815	18
816	18
817	18
818	18
819	18
820	17
821	16
822	17
823	17
824	17
825	17
826	17
827	17
828	17
829	17
830	17
831	17
832	17
833	18
834	17
835	16
836	16
837	17
838	17
839	18
840	18
841	18
842	18
843	18
844	18
845	18
846	18
847	17
848	17
849	17
850	17
851	18
852	17
853	17
854	17
855	18
856	18
857	18
858	18
859	18
860	19
861	18
862	19
863	18
864	18
865	17
866	18
867	18
868	18
869	19
870	19
871	19
872	20
873	20
874	20
875	20
876	20
877	21
878	21
879	22
880	22
881	22
882	22
883	22
884	22
885	23
886	24
887	24
888	24
889	24
890	24
891	24
892	24
893	24
894	24
895	24
896	24
897	25
898	25
899	25
900	24
901	22
902	22
903	22
904	21
905	20
906	20
907	20
908	20
909	20
910	20
911	21
912	20
913	20
914	20
915	20
916	20
917	20
918	20
919	20
920	20
921	20
922	20
923	20
924	20
925	20
926	20
927	20
928	20
929	20
930	20
931	20
932	20
933	20
934	20
935	20
936	20
937	20
938	20
939	20
940	21
941	21
942	21
943	21
944	20
945	21
946	21
947	21
948	21
949	21
950	21
951	21
952	21
953	21
954	22
955	21
956	20
957	19
958	19
959	19
960	20
961	20
962	20
963	20
964	21
965	21
966	22
967	21
968	21
969	21
970	21
971	21
972	22
973	21
974	21
975	21
976	21
977	21
978	21
979	20
980	20
981	19
982	19
983	19
984	18
985	18
986	18
987	19
988	20
989	20
990	21
991	22
992	22
993	23
994	23
995	23
996	23
997	23
998	24
999	24
1000	24
1001	24
1002	24
1003	24
1004	24
1005	24
1006	24
1007	24
1008	24
1009	25
1010	25
1011	25
1012	25
1013	25
1014	24
1015	23
1016	23
1017	22
1018	22
1019	23
1020	23
1021	23
1022	23
1023	22
1024	22
1025	22
1026	22
1027	22
1028	21
1029	21
1030	21
1031	21
1032	22
1033	22
1034	22
1035	23
1036	23
1037	22
1038	22
1039	22
1040	22
1041	22
1042	22
1043	21
1044	21
1045	21
1046	20
1047	20
1048	19
1049	19
1050	18
1051	18
1052	18
1053	18
1054	17
1055	17
1056	17
1057	17
1058	17
1059	18
1060	17
1061	17
1062	17
1063	17
1064	17
1065	17
1066	17
1067	17
1068	17
1069	17
1070	16
1071	17
1072	17
1073	17
1074	17
1075	17
1076	18
1077	18
1078	18
1079	18
1080	18
1081	19
1082	19
1083	19
1084	18
1085	18
1086	18
1087	18
1088	17
1089	16
1090	16
1091	16
1092	16
1093	16
1094	16
1095	16
1096	15
1097	15
1098	16
1099	16
1100	17
1101	17
1102	17
1103	17
1104	17
1105	17
1106	17
1107	17
1108	17
1109	17
1110	17
1111	17
1112	17
1113	17
1114	17
1115	17
1116	17
1117	15
1118	15
1119	15
1120	15
1121	15
1122	16
1123	16
1124	17
1125	18
1126	17
1127	16
1128	17
1129	17
1130	17
1131	17
1132	17
1133	18
1134	18
1135	18
1136	18
1137	18
1138	18
1139	19
1140	20
1141	20
1142	20
1143	20
1144	20
1145	20
1146	20
1147	20
1148	20
1149	20
1150	20
1151	21
1152	21
1153	21
1154	22
1155	22
1156	22
1157	22
1158	23
1159	23
1160	23
1161	24
1162	22
1163	22
1164	22
1165	21
1166	20
1167	20
1168	20
1169	20
1170	20
1171	20
1172	20
1173	19
1174	19
1175	19
1176	18
1177	18
1178	17
1179	17
1180	17
1181	18
1182	18
1183	18
1184	18
1185	17
1186	18
1187	18
1188	18
1189	18
1190	18
1191	18
1192	19
1193	19
1194	20
1195	21
1196	21
1197	21
1198	22
1199	22
1200	22
1201	22
1202	21
1203	21
1204	21
1205	21
1206	21
1207	20
1208	20
1209	21
1210	22
1211	23
1212	23
1213	22
1214	22
1215	22
1216	22
1217	22
1218	23
1219	22
1220	22
1221	22
1222	22
1223	22
1224	23
1225	23
1226	23
1227	23
1228	23
1229	24
1230	24
1231	24
1232	24
1233	24
1234	24
1235	24
1236	24
1237	24
1238	24
1239	24
1240	24
1241	23
1242	23
1243	23
1244	23
1245	23
1246	23
1247	23
1248	23
1249	22
1250	22
1251	22
1252	22
1253	23
1254	23
1255	23
1256	22
1257	23
1258	22
1259	23
1260	23
1261	23
1262	23
1263	23
1264	24
1265	24
1266	24
1267	24
1268	24
1269	22
1270	22
1271	21
1272	21
1273	20
1274	20
1275	20
1276	20
1277	20
1278	20
1279	20
1280	20
1281	20
1282	20
1283	21
1284	20
1285	20
1286	19
1287	19
1288	19
1289	19
1290	19
1291	18
1292	17
1293	17
1294	17
1295	18
1296	19
1297	19
1298	19
1299	19
1300	19
1301	19
1302	19
1303	19
1304	18
1305	19
1306	19
1307	19
1308	19
1309	20
1310	20
1311	21
1312	22
1313	22
1314	22
1315	22
1316	22
1317	22
1318	22
1319	22
1320	22
1321	22
1322	22
1323	23
1324	23
1325	23
1326	23
1327	23
1328	23
1329	23
1330	24
1331	24
1332	23
1333	23
1334	22
1335	21
1336	21
1337	21
1338	21
1339	21
1340	21
1341	21
1342	21
1343	21
1344	21
1345	22
1346	22
1347	23
1348	23
1349	23
1350	23
1351	23
1352	23
1353	23
1354	23
1355	21
1356	21
1357	21
1358	21
1359	21
1360	21
1361	21
1362	22
1363	21
1364	21
1365	22
1366	22
1367	22
1368	22
1369	22
1370	23
1371	23
1372	23
1373	23
1374	24
1375	24
1376	24
1377	25
1378	25
1379	25
1380	26
1381	27
1382	27
1383	27
1384	27
1385	27
1386	28
1387	27
1388	27
1389	27
1390	27
1391	27
1392	27
1393	27
1394	27
1395	27
1396	27
1397	27
1398	27
1399	27
1400	27
1401	27
1402	26
1403	26
1404	26
1405	26
1406	26
1407	26
1408	24
1409	25
1410	25
1411	26
1412	27
1413	27
1414	27
1415	27
1416	28
1417	30
1418	29
1419	29
1420	29
1421	29
1422	29
1423	29
1424	28
1425	27
1426	27
1427	27
1428	27
1429	27
1430	27
1431	26
1432	26
1433	26
1434	25
1435	25
1436	25
1437	25
1438	26
1439	27
1440	27
1441	27
1442	27
1443	26
1444	27
1445	27
1446	28
1447	29
1448	29
1449	27
1450	28
1451	28
1452	28
1453	29
1454	29
1455	29
1456	29
1457	29
1458	29
1459	29
1460	29
1461	29
1462	29
1463	30
1464	30
1465	29
1466	29
1467	29
1468	29
1469	29
1470	29
1471	28
1472	28
1473	28
1474	29
1475	29
1476	28
1477	28
1478	29
1479	30
1480	30
1481	30
1482	30
1483	30
1484	30
1485	30
1486	30
1487	30
1488	30
1489	30
1490	30
1491	30
1492	30
1493	32
1494	32
1495	33
1496	33
1497	32
1498	30
1499	30
1500	30
1501	29
1502	28
1503	28
1504	28
1505	26
1506	26
1507	27
1508	27
1509	27
1510	28
1511	28
1512	28
1513	28
1514	29
1515	29
1516	29
1517	28
1518	28
1519	28
1520	29
1521	29
1522	28
1523	28
1524	28
1525	28
1526	28
1527	28
1528	28
1529	28
1530	28
1531	27
1532	27
1533	28
1534	28
1535	28
1536	27
1537	26
1538	26
1539	26
1540	26
1541	27
1542	27
1543	27
1544	27
1545	27
1546	27
1547	28
1548	28
1549	28
1550	28
1551	28
1552	28
1553	29
1554	28
1555	28
1556	28
1557	27
1558	28
1559	28
1560	28
1561	28
1562	29
1563	29
1564	29
1565	28
1566	28
1567	29
1568	28
1569	28
1570	28
1571	30
1572	29
1573	30
1574	30
1575	30
1576	30
1577	30
1578	30
1579	30
1580	30
1581	29
1582	29
1583	29
1584	29
1585	28
1586	29
1587	29
1588	29
1589	29
1590	29
1591	29
1592	29
1593	30
1594	31
1595	31
1596	32
1597	33
1598	31
1599	32
1600	31
1601	31
1602	31
1603	31
1604	31
1605	31
1606	31
1607	31
1608	31
1609	32
1610	32
1611	32
1612	32
1613	32
1614	32
1615	32
1616	32
1617	34
1618	34
1619	35
1620	35
1621	36
1622	36
1623	36
1624	37
1625	37
1626	37
1627	38
1628	39
1629	39
1630	39
1631	39
1632	39
1633	39
1634	39
1635	39
1636	39
1637	40
1638	39
1639	39
1640	39
1641	39
1642	39
1643	39
1644	39
1645	39
1646	39
1647	38
1648	37
1649	37
1650	38
1651	37
1652	37
1653	36
1654	36
1655	36
1656	36
1657	38
1658	39
1659	39
1660	40
1661	41
1662	41
1663	41
1664	41
1665	41
1666	40
1667	40
1668	39
1669	39
1670	39
1671	39
1672	40
1673	41
1674	41
1675	41
1676	42
1677	42
1678	41
1679	41
1680	42
1681	43
1682	43
1683	43
1684	44
1685	44
1686	44
1687	44
1688	44
1689	44
1690	43
1691	43
1692	43
1693	43
1694	43
1695	43
1696	41
1697	41
1698	41
1699	40
1700	40
1701	40
1702	39
1703	38
1704	37
1705	37
1706	37
1707	37
1708	36
1709	38
1710	38
1711	40
1712	40
1713	39
1714	39
1715	38
1716	39
1717	39
1718	41
1719	41
1720	40
1721	40
1722	39
1723	39
1724	38
1725	37
1726	37
1727	37
1728	38
1729	38
1730	38
1731	38
1732	38
1733	38
1734	40
1735	41
1736	41
1737	41
1738	39
1739	40
1740	38
1741	38
1742	38
1743	37
1744	37
1745	37
1746	36
1747	36
1748	35
1749	35
1750	33
1751	33
1752	33
1753	33
1754	32
1755	33
1756	33
1757	33
1758	32
1759	32
1760	32
1761	32
1762	32
1763	32
1764	32
1765	32
1766	32
1767	32
1768	32
1769	32
1770	32
1771	32
1772	33
1773	33
1774	33
1775	33
1776	33
1777	33
1778	33
1779	33
1780	33
1781	33
1782	33
1783	33
1784	32
1785	32
1786	32
1787	32
1788	32
1789	32
1790	31
1791	31
1792	31
1793	33
1794	33
1795	33
1796	35
1797	36
1798	36
1799	37
1800	36
1801	36
1802	36
1803	36
1804	36
1805	36
1806	35
1807	35
1808	35
1809	34
1810	35
1811	35
1812	36
1813	35
1814	34
1815	33
1816	33
1817	32
1818	32
1819	32
1820	32
1821	32
1822	32
1823	32
1824	31
1825	31
1826	31
1827	31
1828	29
1829	29
1830	29
1831	29
1832	28
1833	28
1834	28
1835	29
1836	27
1837	28
1838	29
1839	29
1840	29
1841	29
1842	29
1843	29
1844	30
1845	30
1846	30
1847	30
1848	30
1849	31
1850	31
1851	31
1852	31
1853	30
1854	30
1855	29
1856	29
1857	29
1858	28
1859	28
1860	28
1861	28
1862	28
1863	28
1864	27
1865	27
1866	27
1867	27
1868	28
1869	28
1870	28
1871	29
1872	29
1873	29
1874	30
1875	30
1876	30
1877	30
1878	31
1879	32
1880	32
1881	33
1882	31
1883	31
1884	30
1885	29
1886	29
1887	31
1888	30
1889	30
1890	30
1891	30
1892	30
1893	30
1894	30
1895	30
1896	30
1897	30
1898	30
1899	31
1900	31
1901	34
1902	35
1903	35
1904	35
1905	36
1906	36
1907	36
1908	36
1909	37
1910	38
1911	38
1912	38
1913	39
1914	39
1915	39
1916	38
1917	38
1918	38
1919	38
1920	38
1921	38
1922	38
1923	40
1924	41
1925	41
1926	40
1927	40
1928	40
1929	41
1930	40
1931	39
1932	39
1933	38
1934	38
1935	39
1936	40
1937	39
1938	38
1939	37
1940	37
1941	37
1942	38
1943	38
1944	39
1945	40
1946	39
1947	39
1948	38
1949	37
1950	37
1951	37
1952	37
1953	38
1954	37
1955	37
1956	38
1957	38
1958	39
1959	39
1960	40
1961	40
1962	40
1963	40
1964	40
1965	40
1966	40
1967	41
1968	41
1969	41
1970	41
1971	41
1972	40
1973	40
1974	39
1975	38
1976	38
1977	38
1978	38
1979	38
1980	38
1981	38
1982	36
1983	36
1984	36
1985	36
1986	36
1987	35
1988	35
1989	36
1990	37
1991	36
1992	36
1993	34
1994	32
1995	31
1996	30
1997	29
1998	29
1999	30
2000	31
2001	31
2002	31
2003	31
2004	31
2005	30
2006	30
2007	30
2008	29
2009	29
2010	32
2011	32
2012	33
2013	32
2014	31
2015	31
2016	31
2017	31
2018	31
2019	32
2020	32
2021	32
2022	33
2023	32
2024	32
2025	33
2026	32
2027	32
2028	33
2029	34
2030	34
2031	34
2032	35
2033	34
2034	35
2035	34
2036	34
2037	33
2038	33
2039	33
2040	33
2041	33
2042	33
2043	33
2044	33
2045	33
2046	33
2047	33
2048	33
2049	33
2050	34
2051	34
2052	34
2053	34
2054	32
2055	31
2056	31
2057	31
2058	31
2059	31
2060	30
2061	30
2062	30
2063	31
2064	31
2065	31
2066	30
2067	31
2068	33
2069	34
2070	35
2071	36
2072	38
2073	39
2074	40
2075	40
2076	41
2077	41
2078	40
2079	40
2080	40
2081	40
2082	41
2083	41
2084	41
2085	42
2086	42
2087	42
2088	43
2089	42
2090	42
2091	42
2092	42
2093	42
2094	42
2095	42
2096	42
2097	42
2098	42
2099	42
2100	43
2101	42
2102	42
2103	42
2104	42
2105	42
2106	42
2107	42
2108	42
2109	42
2110	42
2111	41
2112	42
2113	41
2114	41
2115	39
2116	38
2117	38
2118	38
2119	38
2120	38
2121	40
2122	40
2123	41
2124	41
2125	41
2126	41
2127	40
2128	39
2129	38
2130	38
2131	38
2132	37
2133	37
2134	38
2135	38
2136	37
2137	37
2138	36
2139	35
2140	35
2141	35
2142	33
2143	32
2144	33
2145	33
2146	33
2147	34
2148	34
2149	34
2150	34
2151	34
2152	35
2153	35
2154	34
2155	32
2156	33
2157	34
2158	36
2159	37
2160	39
2161	38
2162	38
2163	38
2164	38
2165	38
2166	38
2167	39
2168	39
2169	39
2170	40
2171	40
2172	40
2173	40
2174	40
2175	40
2176	40
2177	40
2178	40
2179	40
2180	40
2181	41
2182	41
2183	41
2184	41
2185	40
2186	39
2187	38
2188	37
2189	37
2190	37
2191	37
2192	37
2193	36
2194	35
2195	35
2196	34
2197	33
2198	33
2199	31
2200	30
2201	30
2202	31
2203	30
2204	30
2205	30
2206	30
2207	30
2208	30
2209	31
2210	31
2211	31
2212	32
2213	32
2214	32
2215	32
2216	34
2217	35
2218	35
2219	36
2220	36
2221	36
2222	38
2223	38
2224	39
2225	39
2226	39
2227	40
2228	40
2229	40
2230	39
2231	39
2232	39
2233	39
2234	39
2235	39
2236	39
2237	40
2238	40
2239	40
2240	40
2241	39
2242	39
2243	38
2244	37
2245	37
2246	36
2247	36
2248	36
2249	35
2250	36
2251	36
2252	36
2253	34
2254	35
2255	34
2256	34
2257	33
2258	33
2259	33
2260	33
2261	33
2262	34
2263	32
2264	32
2265	31
2266	31
2267	30
2268	29
2269	29
2270	29
2271	29
2272	29
2273	30
2274	30
2275	29
2276	30
2277	30
2278	31
2279	32
2280	32
2281	32
2282	32
2283	32
2284	32
2285	32
2286	32
2287	31
2288	31
2289	30
2290	30
2291	29
2292	29
2293	30
2294	30
2295	30
2296	30
2297	30
2298	30
2299	30
2300	31
2301	32
2302	32
2303	32
2304	32
2305	34
2306	34
2307	36
2308	36
2309	36
2310	36
2311	36
2312	38
2313	39
2314	39
2315	39
2316	36
2317	35
2318	35
2319	35
2320	35
2321	35
2322	35
2323	36
2324	36
2325	36
2326	36
2327	36
2328	33
2329	32
2330	32
2331	32
2332	33
2333	33
2334	33
2335	32
2336	32
2337	32
2338	32
2339	33
2340	33
2341	33
2342	33
2343	33
2344	33
2345	34
2346	33
2347	33
2348	33
2349	32
2350	32
2351	30
2352	30
2353	29
2354	29
2355	29
2356	30
2357	31
2358	31
2359	31
2360	30
2361	31
2362	32
2363	33
2364	33
2365	32
2366	32
2367	33
2368	33
2369	33
2370	33
2371	33
2372	33
2373	33
2374	33
2375	33
2376	31
2377	31
2378	30
2379	30
2380	30
2381	31
2382	31
2383	31
2384	31
2385	32
2386	32
2387	33
2388	33
2389	32
2390	32
2391	33
2392	33
2393	33
2394	33
2395	33
2396	33
2397	33
2398	34
2399	35
2400	36
2401	36
2402	38
2403	38
2404	38
2405	38
2406	38
2407	38
2408	37
2409	36
2410	36
2411	34
2412	33
2413	32
2414	32
2415	32
2416	32
2417	32
2418	32
2419	32
2420	32
2421	33
2422	32
2423	32
2424	32
2425	33
2426	33
2427	33
2428	32
2429	33
2430	33
2431	33
2432	34
2433	34
2434	34
2435	34
2436	35
2437	37
2438	38
2439	36
2440	34
2441	34
2442	34
2443	35
2444	35
2445	34
2446	34
2447	32
2448	33
2449	33
2450	33
2451	34
2452	34
2453	32
2454	32
2455	30
2456	29
2457	29
2458	29
2459	29
2460	29
2461	29
2462	29
2463	30
2464	32
2465	32
2466	32
2467	32
2468	32
2469	34
2470	34
2471	35
2472	35
2473	35
2474	35
2475	35
2476	35
2477	35
2478	35
2479	34
2480	34
2481	34
2482	34
2483	34
2484	34
2485	34
2486	33
2487	32
2488	34
2489	33
2490	33
2491	33
2492	34
2493	34
2494	34
2495	34
2496	34
2497	32
2498	33
2499	34
2500	35
2501	36
2502	36
2503	36
2504	37
2505	38
2506	38
2507	38
2508	38
2509	38
2510	37
2511	37
2512	37
2513	37
2514	36
2515	37
2516	37
2517	37
2518	37
2519	37
2520	37
2521	37
2522	36
2523	36
2524	36
2525	37
2526	37
2527	37
2528	35
2529	35
2530	34
2531	34
2532	35
2533	35
2534	35
2535	34
2536	34
2537	34
2538	33
2539	35
2540	34
2541	34
2542	34
2543	33
2544	33
2545	32
2546	32
2547	32
2548	32
2549	32
2550	34
2551	32
2552	31
2553	32
2554	32
2555	33
2556	33
2557	34
2558	33
2559	33
2560	33
2561	33
2562	34
2563	35
2564	35
2565	35
2566	35
2567	35
2568	34
2569	33
2570	31
2571	31
2572	31
2573	31
2574	31
2575	30
2576	29
2577	29
2578	29
2579	28
2580	29
2581	30
2582	30
2583	30
2584	30
2585	30
2586	30
2587	30
2588	30
2589	30
2590	30
2591	32
2592	32
2593	32
2594	32
2595	32
2596	32
2597	32
2598	32
2599	32
2600	32
2601	33
2602	33
2603	33
2604	32
2605	32
2606	32
2607	31
2608	31
2609	31
2610	32
2611	32
2612	32
2613	32
2614	33
2615	34
2616	34
2617	34
2618	35
2619	35
2620	34
2621	34
2622	34
2623	34
2624	35
2625	35
2626	34
2627	33
2628	34
2629	33
2630	33
2631	31
2632	32
2633	32
2634	33
2635	33
2636	33
2637	33
2638	33
2639	33
2640	33
2641	33
2642	33
2643	33
2644	33
2645	33
2646	33
2647	32
2648	32
2649	32
2650	32
2651	32
2652	32
2653	32
2654	33
2655	34
2656	33
2657	34
2658	34
2659	33
2660	33
2661	32
2662	32
2663	34
2664	34
2665	35
2666	35
2667	34
2668	34
2669	34
2670	34
2671	33
2672	33
2673	34
2674	34
2675	34
2676	34
2677	33
2678	33
2679	32
2680	32
2681	31
2682	30
2683	31
2684	32
2685	30
2686	30
2687	30
2688	30
2689	30
2690	30
2691	30
2692	30
2693	29
2694	29
2695	30
2696	30
2697	30
2698	30
2699	34
2700	34
2701	34
2702	35
2703	35
2704	35
2705	36
2706	36
2707	36
2708	35
2709	35
2710	35
2711	35
2712	35
2713	34
2714	34
2715	34
2716	34
2717	34
2718	33
2719	33
2720	33
2721	32
2722	32
2723	32
2724	32
2725	32
2726	31
2727	30
2728	30
2729	31
2730	32
2731	31
2732	33
2733	33
2734	34
2735	34
2736	35
2737	35
2738	34
2739	35
2740	35
2741	35
2742	34
2743	33
2744	33
2745	32
2746	31
2747	31
2748	31
2749	31
2750	31
2751	31
2752	31
2753	30
2754	30
2755	31
2756	30
2757	33
2758	34
2759	34
2760	34
2761	34
2762	34
2763	34
2764	34
2765	35
2766	35
2767	35
2768	35
2769	35
2770	35
2771	34
2772	33
2773	32
2774	31
2775	31
2776	31
2777	31
2778	31
2779	32
2780	32
2781	31
2782	30
2783	32
2784	32
2785	32
2786	31
2787	31
2788	31
2789	31
2790	33
2791	34
2792	34
2793	36
2794	37
2795	38
2796	38
2797	38
2798	39
2799	39
2800	38
2801	38
2802	38
2803	38
2804	38
2805	39
2806	40
2807	40
2808	41
2809	41
2810	41
2811	42
2812	42
2813	43
2814	43
2815	43
2816	43
2817	44
2818	43
2819	43
2820	43
2821	43
2822	43
2823	43
2824	42
2825	43
2826	43
2827	43
2828	43
2829	43
2830	42
2831	42
2832	43
2833	42
2834	41
2835	41
2836	42
2837	43
2838	43
2839	43
2840	44
2841	45
2842	46
2843	46
2844	47
2845	47
2846	48
2847	48
2848	50
2849	50
2850	50
2851	50
2852	48
2853	47
2854	47
2855	47
2856	47
2857	48
2858	48
2859	47
2860	47
2861	47
2862	48
2863	49
2864	48
2865	48
2866	47
2867	46
2868	45
2869	45
2870	46
2871	46
2872	45
2873	45
2874	43
2875	42
2876	42
2877	42
2878	43
2879	43
2880	43
2881	43
2882	43
2883	43
2884	44
2885	44
2886	44
2887	43
2888	43
2889	41
2890	41
2891	41
2892	41
2893	41
2894	41
2895	40
2896	40
2897	41
2898	42
2899	40
2900	41
2901	40
2902	40
2903	39
2904	38
2905	38
2906	38
2907	37
2908	38
2909	38
2910	38
2911	38
2912	38
2913	39
2914	39
2915	40
2916	40
2917	39
2918	40
2919	40
2920	39
2921	38
2922	38
2923	38
2924	38
2925	39
2926	40
2927	40
2928	40
2929	40
2930	40
2931	39
2932	39
2933	39
2934	40
2935	41
2936	40
2937	40
2938	39
2939	38
2940	38
2941	37
2942	36
2943	36
2944	35
2945	35
2946	35
2947	34
2948	33
2949	33
2950	34
2951	34
2952	34
2953	34
2954	33
2955	32
2956	32
2957	32
2958	32
2959	32
2960	32
2961	33
2962	32
2963	32
2964	32
2965	32
2966	31
2967	33
2968	33
2969	34
2970	34
2971	34
2972	33
2973	33
2974	33
2975	33
2976	33
2977	34
2978	34
2979	35
2980	33
2981	34
2982	34
2983	34
2984	34
2985	34
2986	35
2987	35
2988	35
2989	37
2990	39
2991	40
2992	41
2993	41
2994	41
2995	42
2996	42
2997	43
2998	43
2999	42
3000	43
3001	43
3002	43
3003	43
3004	42
3005	40
3006	40
3007	40
3008	40
3009	39
3010	40
3011	39
3012	39
3013	40
3014	40
3015	41
3016	40
3017	42
3018	42
3019	43
3020	44
3021	44
3022	45
3023	44
3024	45
3025	45
3026	45
3027	45
3028	45
3029	45
3030	45
3031	44
3032	43
3033	42
3034	42
3035	41
3036	41
3037	41
3038	41
3039	42
3040	42
3041	43
3042	43
3043	43
3044	44
3045	44
3046	44
3047	44
3048	44
3049	43
3050	43
3051	43
3052	44
3053	45
3054	45
3055	46
3056	46
3057	44
3058	42
3059	42
3060	42
3061	43
3062	44
3063	44
3064	44
3065	44
3066	44
3067	44
3068	44
3069	44
3070	44
3071	44
3072	44
3073	44
3074	45
3075	47
3076	47
3077	46
3078	46
3079	45
3080	45
3081	46
3082	46
3083	46
3084	45
3085	45
3086	42
3087	42
3088	42
3089	42
3090	39
3091	39
3092	40
3093	40
3094	39
3095	39
3096	40
3097	40
3098	40
3099	40
3100	40
3101	39
3102	38
3103	38
3104	38
3105	38
3106	36
3107	37
3108	36
3109	36
3110	35
3111	36
3112	36
3113	36
3114	36
3115	36
3116	36
3117	36
3118	36
3119	36
3120	36
3121	36
3122	36
3123	35
3124	35
3125	35
3126	35
3127	35
3128	35
3129	35
3130	35
3131	34
3132	34
3133	34
3134	34
3135	34
3136	34
3137	33
3138	35
3139	35
3140	35
3141	34
3142	34
3143	34
3144	33
3145	33
3146	33
3147	33
3148	32
3149	31
3150	31
3151	31
3152	31
3153	32
3154	33
3155	33
3156	33
3157	33
3158	33
3159	32
3160	31
3161	31
3162	30
3163	30
3164	29
3165	29
3166	28
3167	26
3168	27
3169	27
3170	27
3171	28
3172	28
3173	28
3174	27
3175	27
3176	27
3177	27
3178	27
3179	28
3180	28
3181	28
3182	30
3183	30
3184	30
3185	30
3186	31
3187	32
3188	32
3189	32
3190	32
3191	33
3192	33
3193	34
3194	34
3195	33
3196	33
3197	33
3198	32
3199	32
3200	33
3201	33
3202	34
3203	34
3204	33
3205	33
3206	33
3207	33
3208	34
3209	35
3210	35
3211	35
3212	36
3213	36
3214	36
3215	38
3216	38
3217	38
3218	38
3219	37
3220	39
3221	39
3222	40
3223	40
3224	41
3225	41
3226	41
3227	41
3228	40
3229	40
3230	40
3231	41
3232	41
3233	42
3234	42
3235	42
3236	42
3237	41
3238	41
3239	41
3240	42
3241	42
3242	42
3243	41
3244	42
3245	42
3246	40
3247	40
3248	39
3249	39
3250	38
3251	37
3252	37
3253	36
3254	36
3255	36
3256	35
3257	35
3258	35
3259	35
3260	35
3261	35
3262	35
3263	35
3264	35
3265	34
3266	34
3267	36
3268	36
3269	36
3270	36
3271	36
3272	36
3273	36
3274	36
3275	36
3276	36
3277	36
3278	37
3279	37
3280	37
3281	36
3282	36
3283	36
3284	35
3285	34
3286	33
3287	33
3288	34
3289	34
3290	34
3291	34
3292	34
3293	34
3294	34
3295	35
3296	35
3297	35
3298	35
3299	35
3300	34
3301	34
3302	34
3303	34
3304	34
3305	34
3306	34
3307	34
3308	33
3309	34
3310	34
3311	33
3312	33
3313	33
3314	33
3315	33
3316	33
3317	33
3318	33
3319	33
3320	33
3321	33
3322	33
3323	33
3324	32
3325	32
3326	32
3327	33
3328	34
3329	34
3330	35
3331	35
3332	35
3333	34
3334	34
3335	32
3336	32
3337	29
3338	28
3339	28
3340	27
3341	28
3342	28
3343	28
3344	28
3345	28
3346	28
3347	28
3348	28
3349	27
3350	27
3351	27
3352	28
3353	27
3354	27
3355	28
3356	29
3357	28
3358	28
3359	28
3360	27
3361	27
3362	27
3363	28
3364	28
3365	27
3366	27
3367	28
3368	28
3369	27
3370	27
3371	27
3372	27
3373	27
3374	29
3375	28
3376	28
3377	28
3378	29
3379	29
3380	30
3381	30
3382	30
3383	31
3384	31
3385	31
3386	32
3387	32
3388	32
3389	34
3390	33
3391	34
3392	35
3393	35
3394	35
3395	35
3396	35
3397	35
3398	36
3399	37
3400	37
3401	37
3402	37
3403	37
3404	37
3405	37
3406	35
3407	34
3408	34
3409	36
3410	36
3411	35
3412	34
3413	35
3414	34
3415	34
3416	34
3417	34
3418	34
3419	34
3420	34
3421	34
3422	35
3423	35
3424	35
3425	35
3426	35
3427	36
3428	38
3429	39
3430	39
3431	41
3432	40
3433	40
3434	40
3435	39
3436	38
3437	36
3438	37
3439	37
3440	37
3441	37
3442	38
3443	38
3444	38
3445	38
3446	38
3447	38
3448	38
3449	39
3450	39
3451	39
3452	39
3453	39
3454	39
3455	40
3456	40
3457	40
3458	40
3459	40
3460	40
3461	39
3462	38
3463	38
3464	37
3465	38
3466	38
3467	39
3468	40
3469	42
3470	42
3471	42
3472	42
3473	43
3474	43
3475	43
3476	44
3477	44
3478	43
3479	41
3480	41
3481	41
3482	40
3483	40
3484	42
3485	41
3486	42
3487	42
3488	42
3489	40
3490	40
3491	39
3492	40
3493	38
3494	39
3495	39
3496	38
3497	38
3498	37
3499	37
3500	37
3501	36
3502	36
3503	35
3504	36
3505	36
3506	36
3507	35
3508	34
3509	34
3510	34
3511	35
3512	34
3513	34
3514	31
3515	31
3516	31
3517	31
3518	30
3519	30
3520	30
3521	30
3522	29
3523	28
3524	27
3525	27
3526	28
3527	28
3528	28
3529	30
3530	30
3531	31
3532	31
3533	32
3534	33
3535	32
3536	32
3537	32
3538	32
3539	32
3540	32
3541	32
3542	32
3543	32
3544	31
3545	31
3546	31
3547	31
3548	31
3549	31
3550	31
3551	32
3552	33
3553	32
3554	32
3555	32
3556	32
3557	33
3558	32
3559	32
3560	31
3561	31
3562	31
3563	31
3564	31
3565	31
3566	30
3567	30
3568	30
3569	30
3570	30
3571	30
3572	30
3573	31
3574	32
3575	32
3576	32
3577	32
3578	32
3579	33
3580	33
3581	34
3582	34
3583	34
3584	34
3585	35
3586	35
3587	35
3588	35
3589	35
3590	36
3591	35
3592	35
3593	35
3594	36
3595	36
3596	36
3597	35
3598	34
3599	34
3600	34
3601	34
3602	33
3603	34
3604	35
3605	35
3606	35
3607	35
3608	35
3609	35
3610	36
3611	36
3612	36
3613	36
3614	36
3615	37
3616	37
3617	37
3618	37
3619	36
3620	36
3621	37
3622	38
3623	38
3624	38
3625	37
3626	37
3627	36
3628	35
3629	34
3630	34
3631	33
3632	33
3633	33
3634	33
3635	33
3636	33
3637	32
3638	33
3639	34
3640	34
3641	36
3642	36
3643	36
3644	35
3645	35
3646	36
3647	36
3648	35
3649	35
3650	35
3651	33
3652	34
3653	34
3654	34
3655	34
3656	34
3657	35
3658	34
3659	34
3660	33
3661	34
3662	34
3663	34
3664	34
3665	35
3666	36
3667	36
3668	37
3669	37
3670	37
3671	37
3672	36
3673	36
3674	36
3675	37
3676	38
3677	38
3678	39
3679	39
3680	39
3681	40
3682	39
3683	38
3684	38
3685	37
3686	37
3687	36
3688	36
3689	36
3690	36
3691	37
3692	36
3693	36
3694	35
3695	37
3696	38
3697	38
3698	37
3699	37
3700	38
3701	39
3702	37
3703	36
3704	36
3705	36
3706	35
3707	34
3708	34
3709	34
3710	35
3711	36
3712	36
3713	36
3714	36
3715	36
3716	36
3717	35
3718	35
3719	35
3720	35
3721	36
3722	36
3723	37
3724	37
3725	38
3726	38
3727	36
3728	36
3729	36
3730	37
3731	37
3732	36
3733	37
3734	37
3735	37
3736	37
3737	38
3738	38
3739	38
3740	37
3741	37
3742	37
3743	36
3744	37
3745	36
3746	37
3747	37
3748	36
3749	36
3750	36
3751	35
3752	35
3753	35
3754	34
3755	35
3756	34
3757	35
3758	35
3759	35
3760	36
3761	37
3762	37
3763	38
3764	38
3765	38
3766	39
3767	39
3768	39
3769	37
3770	36
3771	35
3772	36
3773	36
3774	36
3775	36
3776	37
3777	38
3778	38
3779	38
3780	39
3781	40
3782	40
3783	40
3784	39
3785	39
3786	39
3787	38
3788	38
3789	38
3790	39
3791	40
3792	40
3793	39
3794	39
3795	39
3796	39
3797	40
3798	40
3799	40
3800	40
3801	40
3802	41
3803	41
3804	41
3805	42
3806	41
3807	41
3808	41
3809	41
3810	40
3811	41
3812	39
3813	38
3814	38
3815	38
3816	38
3817	38
3818	38
3819	39
3820	41
3821	41
3822	40
3823	39
3824	38
3825	40
3826	39
3827	40
3828	40
3829	40
3830	40
3831	40
3832	40
3833	41
3834	41
3835	41
3836	41
3837	41
3838	41
3839	41
3840	41
3841	37
3842	37
3843	36
3844	35
3845	35
3846	36
3847	36
3848	36
3849	38
3850	39
3851	38
3852	38
3853	37
3854	38
3855	38
3856	39
3857	39
3858	38
3859	38
3860	38
3861	38
3862	38
3863	37
3864	37
3865	37
3866	36
3867	36
3868	35
3869	35
3870	34
3871	34
3872	35
3873	36
3874	34
3875	34
3876	34
3877	34
3878	33
3879	33
3880	33
3881	33
3882	34
3883	35
3884	34
3885	34
3886	34
3887	35
3888	35
3889	35
3890	35
3891	34
3892	33
3893	35
3894	34
3895	34
3896	34
3897	34
3898	34
3899	34
3900	34
3901	35
3902	35
3903	36
3904	34
3905	34
3906	36
3907	35
3908	36
3909	36
3910	35
3911	35
3912	35
3913	34
3914	34
3915	35
3916	35
3917	36
3918	36
3919	35
3920	35
3921	35
3922	35
3923	35
3924	34
3925	34
3926	34
3927	35
3928	35
3929	35
3930	35
3931	37
3932	38
3933	37
3934	37
3935	39
3936	39
3937	39
3938	39
3939	39
3940	38
3941	38
3942	38
3943	38
3944	37
3945	37
3946	38
3947	38
3948	38
3949	38
3950	40
3951	40
3952	40
3953	40
3954	40
3955	40
3956	40
3957	40
3958	41
3959	40
3960	39
3961	39
3962	39
3963	39
3964	39
3965	39
3966	40
3967	40
3968	40
3969	39
3970	40
3971	40
3972	41
3973	40
3974	40
3975	40
3976	41
3977	41
3978	40
3979	39
3980	39
3981	40
3982	41
3983	41
3984	42
3985	43
3986	44
3987	44
3988	43
3989	42
3990	43
3991	44
3992	44
3993	44
3994	44
3995	43
3996	41
3997	41
3998	40
3999	42
4000	42
4001	41
4002	41
4003	41
4004	41
4005	41
4006	41
4007	41
4008	41
4009	41
4010	42
4011	42
4012	42
4013	44
4014	44
4015	44
4016	44
4017	44
4018	44
4019	44
4020	43
4021	41
4022	40
4023	40
4024	41
4025	40
4026	39
4027	39
4028	37
4029	38
4030	38
4031	38
4032	38
4033	39
4034	39
4035	39
4036	39
4037	39
4038	39
4039	39
4040	39
4041	40
4042	40
4043	40
4044	42
4045	42
4046	42
4047	42
4048	42
4049	42
4050	42
4051	41
4052	40
4053	41
4054	41
4055	41
4056	41
4057	41
4058	41
4059	41
4060	42
4061	43
4062	43
4063	44
4064	46
4065	45
4066	45
4067	45
4068	45
4069	44
4070	44
4071	43
4072	43
4073	43
4074	41
4075	41
4076	40
4077	41
4078	41
4079	40
4080	40
4081	40
4082	40
4083	40
4084	42
4085	42
4086	42
4087	42
4088	42
4089	42
4090	42
4091	42
4092	42
4093	42
4094	41
4095	41
4096	40
4097	39
4098	38
4099	37
4100	38
4101	38
4102	38
4103	39
4104	40
4105	40
4106	38
4107	38
4108	38
4109	38
4110	39
4111	40
4112	41
4113	41
4114	41
4115	41
4116	40
4117	41
4118	41
4119	41
4120	41
4121	40
4122	40
4123	40
4124	41
4125	40
4126	40
4127	39
4128	39
4129	39
4130	39
4131	39
4132	39
4133	39
4134	39
4135	39
4136	39
4137	40
4138	40
4139	40
4140	38
4141	39
4142	40
4143	40
4144	42
4145	44
4146	44
4147	44
4148	44
4149	44
4150	44
4151	43
4152	43
4153	44
4154	45
4155	44
4156	45
4157	45
4158	45
4159	46
4160	47
4161	46
4162	48
4163	47
4164	46
4165	46
4166	47
4167	47
4168	46
4169	45
4170	45
4171	44
4172	45
4173	44
4174	44
4175	44
4176	44
4177	44
4178	44
4179	43
4180	43
4181	43
4182	44
4183	44
4184	44
4185	44
4186	44
4187	43
4188	45
4189	45
4190	46
4191	47
4192	47
4193	47
4194	47
4195	47
4196	47
4197	48
4198	48
4199	46
4200	46
4201	47
4202	47
4203	46
4204	45
4205	45
4206	45
4207	45
4208	45
4209	45
4210	45
4211	45
4212	44
4213	45
4214	45
4215	45
4216	45
4217	47
4218	47
4219	46
4220	46
4221	46
4222	46
4223	46
4224	45
4225	48
4226	47
4227	47
4228	47
4229	45
4230	45
4231	46
4232	47
4233	47
4234	47
4235	45
4236	46
4237	48
4238	47
4239	47
4240	48
4241	48
4242	48
4243	48
4244	49
4245	48
4246	48
4247	49
4248	49
4249	49
4250	50
4251	49
4252	51
4253	51
4254	51
4255	49
4256	49
4257	49
4258	51
4259	51
4260	52
4261	51
4262	51
4263	50
4264	50
4265	51
4266	51
4267	51
4268	50
4269	50
4270	50
4271	51
4272	51
4273	52
4274	54
4275	54
4276	54
4277	54
4278	54
4279	54
4280	54
4281	54
4282	55
4283	55
4284	55
4285	54
4286	54
4287	54
4288	54
4289	56
4290	56
4291	56
4292	56
4293	55
4294	55
4295	54
4296	54
4297	54
4298	55
4299	55
4300	55
4301	56
4302	56
4303	55
4304	55
4305	56
4306	56
4307	57
4308	58
4309	59
4310	59
4311	59
4312	59
4313	59
4314	59
4315	60
4316	61
4317	61
4318	61
4319	61
4320	61
4321	61
4322	61
4323	61
4324	62
4325	62
4326	63
4327	63
4328	63
4329	62
4330	62
4331	61
4332	61
4333	61
4334	61
4335	61
4336	61
4337	61
4338	61
4339	60
4340	60
4341	60
4342	59
4343	59
4344	59
4345	59
4346	58
4347	57
4348	58
4349	57
4350	57
4351	60
4352	60
4353	60
4354	61
4355	58
4356	59
4357	58
4358	58
4359	58
4360	58
4361	58
4362	58
4363	57
4364	56
4365	56
4366	57
4367	57
4368	56
4369	56
4370	54
4371	55
4372	56
4373	56
4374	56
4375	56
4376	56
4377	56
4378	56
4379	56
4380	54
4381	54
4382	53
4383	53
4384	52
4385	52
4386	53
4387	53
4388	53
4389	54
4390	54
4391	54
4392	54
4393	54
4394	54
4395	54
4396	54
4397	54
4398	54
4399	54
4400	55
4401	55
4402	55
4403	54
4404	54
4405	55
4406	54
4407	53
4408	53
4409	53
4410	53
4411	53
4412	53
4413	52
4414	54
4415	55
4416	55
4417	54
4418	55
4419	56
4420	55
4421	55
4422	54
4423	53
4424	53
4425	51
4426	51
4427	51
4428	51
4429	51
4430	51
4431	51
4432	51
4433	52
4434	54
4435	54
4436	55
4437	56
4438	56
4439	56
4440	55
4441	54
4442	52
4443	52
4444	50
4445	49
4446	49
4447	49
4448	49
4449	49
4450	48
4451	49
4452	49
4453	49
4454	47
4455	48
4456	52
4457	52
4458	52
4459	52
4460	51
4461	51
4462	53
4463	53
4464	53
4465	53
4466	53
4467	53
4468	54
4469	54
4470	54
4471	54
4472	54
4473	54
4474	55
4475	56
4476	56
4477	55
4478	55
4479	55
4480	53
4481	53
4482	53
4483	53
4484	53
4485	51
4486	52
4487	52
4488	51
4489	49
4490	49
4491	49
4492	50
4493	51
4494	52
4495	51
4496	50
4497	50
4498	50
4499	51
4500	51
4501	51
4502	52
4503	52
4504	51
4505	51
4506	51
4507	51
4508	51
4509	52
4510	52
4511	54
4512	54
4513	53
4514	53
4515	53
4516	52
4517	52
4518	52
4519	53
4520	54
4521	54
4522	54
4523	54
4524	54
4525	54
4526	55
4527	55
4528	56
4529	55
4530	55
4531	55
4532	53
4533	52
4534	51
4535	50
4536	50
4537	50
4538	50
4539	49
4540	49
4541	49
4542	49
4543	50
4544	50
4545	49
4546	49
4547	49
4548	48
4549	49
4550	48
4551	49
4552	49
4553	49
4554	49
4555	50
4556	50
4557	50
4558	51
4559	50
4560	50
4561	49
4562	49
4563	49
4564	49
4565	49
4566	49
4567	49
4568	49
4569	48
4570	48
4571	46
4572	46
4573	45
4574	44
4575	43
4576	42
4577	42
4578	42
4579	42
4580	41
4581	41
4582	43
4583	43
4584	43
4585	44
4586	44
4587	44
4588	45
4589	47
4590	47
4591	47
4592	47
4593	48
4594	48
4595	49
4596	49
4597	48
4598	48
4599	47
4600	46
4601	45
4602	44
4603	45
4604	46
4605	44
4606	43
4607	43
4608	43
4609	43
4610	43
4611	42
4612	41
4613	40
4614	39
4615	41
4616	41
4617	41
4618	41
4619	41
4620	40
4621	40
4622	40
4623	40
4624	39
4625	40
4626	39
4627	39
4628	39
4629	41
4630	41
4631	41
4632	43
4633	42
4634	41
4635	41
4636	42
4637	43
4638	43
4639	43
4640	43
4641	42
4642	42
4643	42
4644	42
4645	42
4646	42
4647	43
4648	42
4649	43
4650	44
4651	43
4652	43
4653	44
4654	44
4655	44
4656	45
4657	45
4658	46
4659	46
4660	46
4661	46
4662	46
4663	46
4664	46
4665	47
4666	47
4667	48
4668	47
4669	48
4670	48
4671	49
4672	50
4673	51
4674	51
4675	51
4676	51
4677	50
4678	50
4679	49
4680	51
4681	51
4682	54
4683	54
4684	54
4685	52
4686	54
4687	53
4688	53
4689	54
4690	54
4691	53
4692	54
4693	53
4694	53
4695	53
4696	54
4697	54
4698	54
4699	54
4700	53
4701	52
4702	50
4703	50
4704	50
4705	48
4706	48
4707	48
4708	48
4709	48
4710	45
4711	44
4712	44
4713	45
4714	45
4715	46
4716	46
4717	48
4718	47
4719	47
4720	47
4721	47
4722	47
4723	46
4724	46
4725	46
4726	46
4727	46
4728	46
4729	46
4730	46
4731	45
4732	45
4733	44
4734	44
4735	44
4736	44
4737	44
4738	42
4739	41
4740	42
4741	40
4742	41
4743	41
4744	41
4745	40
4746	39
4747	39
4748	39
4749	39
4750	40
4751	40
4752	39
4753	39
4754	39
4755	39
4756	39
4757	40
4758	40
4759	40
4760	41
4761	41
4762	42
4763	42
4764	41
4765	40
4766	39
4767	40
4768	41
4769	41
4770	42
4771	41
4772	40
4773	39
4774	38
4775	39
4776	40
4777	40
4778	39
4779	39
4780	40
4781	40
4782	40
4783	39
4784	39
4785	40
4786	39
4787	39
4788	39
4789	40
4790	40
4791	40
4792	41
4793	41
4794	42
4795	42
4796	42
4797	44
4798	44
4799	46
4800	46
4801	46
4802	46
4803	45
4804	45
4805	45
4806	45
4807	46
4808	45
4809	45
4810	46
4811	47
4812	47
4813	48
4814	47
4815	47
4816	48
4817	48
4818	48
4819	47
4820	47
4821	48
4822	49
4823	49
4824	49
4825	48
4826	48
4827	48
4828	48
4829	49
4830	49
4831	49
4832	49
4833	49
4834	49
4835	49
4836	49
4837	50
4838	50
4839	50
4840	50
4841	50
4842	50
4843	50
4844	50
4845	50
4846	49
4847	50
4848	50
4849	49
4850	48
4851	48
4852	49
4853	49
4854	48
4855	48
4856	49
4857	48
4858	50
4859	50
4860	53
4861	54
4862	54
4863	54
4864	54
4865	53
4866	53
4867	50
4868	50
4869	50
4870	50
4871	52
4872	51
4873	52
4874	53
4875	54
4876	52
4877	51
4878	50
4879	51
4880	51
4881	51
4882	50
4883	49
4884	50
4885	49
4886	49
4887	50
4888	50
4889	51
4890	53
4891	53
4892	54
4893	55
4894	54
4895	54
4896	54
4897	55
4898	55
4899	55
4900	55
4901	53
4902	52
4903	52
4904	51
4905	51
4906	51
4907	52
4908	50
4909	50
4910	50
4911	51
4912	52
4913	53
4914	53
4915	53
4916	52
4917	54
4918	54
4919	54
4920	53
4921	53
4922	52
4923	52
4924	52
4925	53
4926	53
4927	52
4928	53
4929	53
4930	54
4931	54
4932	54
4933	54
4934	54
4935	54
4936	54
4937	54
4938	53
4939	52
4940	51
4941	51
4942	52
4943	51
4944	52
4945	53
4946	54
4947	55
4948	56
4949	56
4950	57
4951	57
4952	58
4953	57
4954	57
4955	56
4956	56
4957	54
4958	54
4959	53
4960	53
4961	53
4962	53
4963	53
4964	53
4965	55
4966	56
4967	55
4968	54
4969	54
4970	55
4971	54
4972	54
4973	54
4974	55
4975	55
4976	54
4977	54
4978	54
4979	54
4980	54
4981	54
4982	54
4983	54
4984	53
4985	52
4986	52
4987	52
4988	52
4989	52
4990	52
4991	53
4992	53
4993	51
4994	52
4995	52
4996	53
4997	55
4998	53
4999	53
5000	52
5001	52
5002	51
5003	52
5004	52
5005	51
5006	50
5007	49
5008	48
5009	47
5010	47
5011	46
5012	45
5013	46
5014	45
5015	44
5016	43
5017	43
5018	44
5019	44
5020	43
5021	44
5022	44
5023	44
5024	44
5025	44
5026	44
5027	44
5028	44
5029	44
5030	44
5031	44
5032	46
5033	46
5034	47
5035	48
5036	47
5037	48
5038	48
5039	47
5040	47
5041	46
5042	46
5043	45
5044	45
5045	47
5046	48
5047	46
5048	46
5049	45
5050	45
5051	45
5052	45
5053	44
5054	44
5055	44
5056	44
5057	44
5058	44
5059	44
5060	43
5061	42
5062	42
5063	42
5064	43
5065	43
5066	43
5067	43
5068	43
5069	42
5070	41
5071	39
5072	38
5073	37
5074	36
5075	36
5076	37
5077	37
5078	37
5079	36
5080	36
5081	36
5082	36
5083	37
5084	38
5085	39
5086	38
5087	38
5088	38
5089	37
5090	37
5091	39
5092	39
5093	39
5094	39
5095	40
5096	40
5097	39
5098	39
5099	40
5100	40
5101	40
5102	40
5103	41
5104	43
5105	43
5106	43
5107	43
5108	43
5109	42
5110	44
5111	45
5112	46
5113	46
5114	46
5115	46
5116	48
5117	50
5118	51
5119	51
5120	50
5121	50
5122	51
5123	51
5124	51
5125	50
5126	51
5127	51
5128	51
5129	51
5130	51
5131	50
5132	50
5133	50
5134	50
5135	50
5136	50
5137	50
5138	50
5139	50
5140	50
5141	50
5142	50
5143	51
5144	51
5145	51
5146	51
5147	51
5148	51
5149	50
5150	50
5151	50
5152	49
5153	49
5154	48
5155	47
5156	46
5157	46
5158	46
5159	45
5160	44
5161	43
5162	42
5163	41
5164	41
5165	41
5166	40
5167	41
5168	40
5169	41
5170	41
5171	41
5172	41
5173	42
5174	42
5175	42
5176	42
5177	43
5178	44
5179	45
5180	44
5181	44
5182	45
5183	45
5184	46
5185	46
5186	47
5187	47
5188	48
5189	48
5190	48
5191	48
5192	47
5193	47
5194	47
5195	47
5196	46
5197	46
5198	47
5199	47
5200	47
5201	47
5202	48
5203	48
5204	48
5205	50
5206	50
5207	51
5208	51
5209	52
5210	52
5211	51
5212	51
5213	51
5214	50
5215	50
5216	50
5217	51
5218	52
5219	52
5220	53
5221	54
5222	54
5223	54
5224	53
5225	53
5226	53
5227	53
5228	53
5229	53
5230	53
5231	53
5232	53
5233	53
5234	52
5235	51
5236	50
5237	49
5238	49
5239	48
5240	48
5241	49
5242	49
5243	49
5244	50
5245	50
5246	51
5247	51
5248	50
5249	51
5250	51
5251	52
5252	52
5253	51
5254	51
5255	51
5256	51
5257	51
5258	51
5259	52
5260	52
5261	51
5262	49
5263	48
5264	48
5265	49
5266	49
5267	49
5268	49
5269	49
5270	50
5271	48
5272	50
5273	50
5274	50
5275	50
5276	50
5277	50
5278	50
5279	51
5280	52
5281	52
5282	51
5283	51
5284	51
5285	51
5286	51
5287	51
5288	50
5289	50
5290	49
5291	50
5292	50
5293	51
5294	51
5295	51
5296	52
5297	53
5298	53
5299	53
5300	54
5301	54
5302	54
5303	55
5304	55
5305	55
5306	54
5307	54
5308	55
5309	55
5310	55
5311	56
5312	54
5313	55
5314	54
5315	54
5316	53
5317	53
5318	51
5319	51
5320	52
5321	52
5322	53
5323	52
5324	52
5325	52
5326	52
5327	52
5328	51
5329	50
5330	51
5331	51
5332	51
5333	51
5334	51
5335	50
5336	51
5337	51
5338	51
5339	52
5340	52
5341	51
5342	50
5343	50
5344	53
5345	54
5346	54
5347	53
5348	53
5349	52
5350	52
5351	51
5352	50
5353	50
5354	51
5355	52
5356	54
5357	54
5358	54
5359	53
5360	53
5361	53
5362	53
5363	53
5364	52
5365	52
5366	52
5367	52
5368	52
5369	52
5370	52
5371	52
5372	51
5373	51
5374	51
5375	51
5376	51
5377	51
5378	51
5379	51
5380	51
5381	51
5382	51
5383	51
5384	51
5385	53
5386	54
5387	53
5388	54
5389	54
5390	54
5391	54
5392	53
5393	53
5394	51
5395	52
5396	52
5397	53
5398	54
5399	55
5400	54
5401	54
5402	53
5403	54
5404	53
5405	57
5406	57
5407	56
5408	57
5409	57
5410	55
5411	55
5412	54
5413	54
5414	52
5415	51
5416	53
5417	53
5418	54
5419	54
5420	55
5421	55
5422	55
5423	55
5424	56
5425	58
5426	58
5427	56
5428	55
5429	55
5430	57
5431	58
5432	59
5433	59
5434	60
5435	62
5436	61
5437	61
5438	61
5439	61
5440	63
5441	62
5442	62
5443	62
5444	62
5445	62
5446	62
5447	61
5448	61
5449	61
5450	61
5451	62
5452	62
5453	63
5454	63
5455	63
5456	63
5457	63
5458	63
5459	63
5460	64
5461	65
5462	65
5463	64
5464	65
5465	65
5466	63
5467	64
5468	64
5469	63
5470	63
5471	63
5472	63
5473	64
5474	65
5475	65
5476	64
5477	65
5478	65
5479	65
5480	65
5481	65
5482	63
5483	64
5484	63
5485	63
5486	62
5487	60
5488	60
5489	59
5490	58
5491	59
5492	59
5493	59
5494	59
5495	60
5496	59
5497	58
5498	59
5499	59
5500	58
5501	56
5502	56
5503	57
5504	56
5505	55
5506	57
5507	58
5508	57
5509	57
5510	57
5511	57
5512	58
5513	60
5514	59
5515	59
5516	60
5517	59
5518	56
5519	57
5520	57
5521	56
5522	56
5523	56
5524	56
5525	56
5526	56
5527	56
5528	54
5529	54
5530	53
5531	53
5532	51
5533	51
5534	51
5535	54
5536	54
5537	54
5538	54
5539	53
5540	53
5541	52
5542	54
5543	55
5544	55
5545	54
5546	54
5547	54
5548	55
5549	56
5550	57
5551	57
5552	58
5553	57
5554	57
5555	57
5556	57
5557	55
5558	56
5559	56
5560	57
5561	57
5562	55
5563	56
5564	55
5565	55
5566	55
5567	54
5568	53
5569	53
5570	53
5571	53
5572	54
5573	53
5574	54
5575	55
5576	55
5577	55
5578	56
5579	56
5580	56
5581	56
5582	56
5583	56
5584	54
5585	53
5586	53
5587	52
5588	51
5589	51
5590	50
5591	48
5592	48
5593	48
5594	50
5595	50
5596	50
5597	50
5598	50
5599	50
5600	51
5601	52
5602	52
5603	52
5604	53
5605	53
5606	54
5607	54
5608	54
5609	54
5610	55
5611	57
5612	57
5613	56
5614	56
5615	54
5616	54
5617	55
5618	56
5619	56
5620	56
5621	53
5622	54
5623	54
5624	54
5625	54
5626	55
5627	56
5628	57
5629	58
5630	59
5631	60
5632	62
5633	62
5634	63
5635	64
5636	64
5637	64
5638	64
5639	64
5640	63
5641	64
5642	64
5643	65
5644	64
5645	64
5646	64
5647	63
5648	64
5649	63
5650	62
5651	61
5652	61
5653	62
5654	61
5655	61
5656	60
5657	60
5658	60
5659	61
5660	61
5661	60
5662	60
5663	63
5664	64
5665	67
5666	67
5667	67
5668	67
5669	67
5670	65
5671	64
5672	63
5673	63
5674	63
5675	62
5676	63
5677	63
5678	63
5679	59
5680	60
5681	59
5682	61
5683	63
5684	64
5685	65
5686	66
5687	68
5688	67
5689	67
5690	67
5691	68
5692	67
5693	66
5694	67
5695	67
5696	67
5697	67
5698	67
5699	67
5700	66
5701	64
5702	64
5703	65
5704	66
5705	67
5706	67
5707	67
5708	67
5709	67
5710	67
5711	67
5712	68
5713	68
5714	67
5715	67
5716	67
5717	67
5718	68
5719	68
5720	68
5721	69
5722	69
5723	69
5724	69
5725	70
5726	69
5727	69
5728	69
5729	68
5730	68
5731	69
5732	70
5733	71
5734	70
5735	71
5736	72
5737	72
5738	72
5739	71
5740	71
5741	71
5742	72
5743	72
5744	71
5745	72
5746	73
5747	73
5748	73
5749	72
5750	72
5751	72
5752	71
5753	71
5754	70
5755	71
5756	71
5757	71
5758	70
5759	69
5760	68
5761	66
5762	66
5763	65
5764	65
5765	66
5766	67
5767	66
5768	66
5769	69
5770	66
5771	64
5772	64
5773	63
5774	64
5775	64
5776	64
5777	65
5778	64
5779	63
5780	63
5781	64
5782	64
5783	65
5784	65
5785	67
5786	67
5787	68
5788	67
5789	67
5790	67
5791	67
5792	67
5793	67
5794	67
5795	66
5796	66
5797	66
5798	66
5799	66
5800	65
5801	65
5802	64
5803	63
5804	63
5805	63
5806	63
5807	65
5808	65
5809	66
5810	66
5811	67
5812	66
5813	65
5814	65
5815	65
5816	64
5817	64
5818	64
5819	63
5820	63
5821	65
5822	66
5823	66
5824	65
5825	64
5826	64
5827	63
5828	64
5829	62
5830	61
5831	61
5832	62
5833	63
5834	63
5835	62
5836	61
5837	62
5838	61
5839	61
5840	61
5841	61
5842	61
5843	61
5844	61
5845	62
5846	62
5847	62
5848	64
5849	64
5850	65
5851	65
5852	64
5853	67
5854	66
5855	66
5856	66
5857	67
5858	66
5859	65
5860	66
5861	66
5862	68
5863	68
5864	68
5865	68
5866	67
5867	70
5868	69
5869	69
5870	70
5871	70
5872	69
5873	69
5874	69
5875	69
5876	70
5877	70
5878	72
5879	72
5880	72
5881	74
5882	74
5883	74
5884	76
5885	76
5886	77
5887	77
5888	77
5889	78
5890	79
5891	79
5892	78
5893	79
5894	78
5895	77
5896	79
5897	78
5898	77
5899	76
5900	76
5901	78
5902	77
5903	76
5904	76
5905	76
5906	75
5907	75
5908	75
5909	75
5910	74
5911	74
5912	74
5913	74
5914	74
5915	74
5916	75
5917	75
5918	74
5919	73
5920	72
5921	71
5922	70
5923	70
5924	70
5925	69
5926	69
5927	68
5928	66
5929	65
5930	65
5931	64
5932	63
5933	63
5934	61
5935	62
5936	63
5937	63
5938	62
5939	62
5940	62
5941	60
5942	61
5943	61
5944	61
5945	63
5946	63
5947	63
5948	63
5949	63
5950	64
5951	62
5952	62
5953	63
5954	63
5955	63
5956	63
5957	63
5958	63
5959	63
5960	63
5961	62
5962	62
5963	62
5964	63
5965	63
5966	64
5967	65
5968	66
5969	64
5970	65
5971	65
5972	66
5973	66
5974	66
5975	65
5976	66
5977	65
5978	62
5979	63
5980	61
5981	60
5982	58
5983	58
5984	59
5985	60
5986	60
5987	61
5988	60
5989	61
5990	60
5991	60
5992	60
5993	61
5994	60
5995	59
5996	59
5997	59
5998	60
5999	60
6000	60
6001	60
6002	62
6003	62
6004	61
6005	61
6006	61
6007	61
6008	61
6009	63
6010	64
6011	64
6012	65
6013	63
6014	62
6015	61
6016	61
6017	61
6018	61
6019	62
6020	64
6021	65
6022	65
6023	66
6024	66
6025	66
6026	67
6027	68
6028	68
6029	68
6030	71
6031	73
6032	73
6033	73
6034	74
6035	74
6036	74
6037	75
6038	76
6039	75
6040	75
6041	75
6042	76
6043	75
6044	76
6045	76
6046	77
6047	77
6048	76
6049	75
6050	74
6051	74
6052	75
6053	74
6054	75
6055	75
6056	75
6057	75
6058	74
6059	74
6060	74
6061	74
6062	71
6063	69
6064	70
6065	70
6066	70
6067	70
6068	71
6069	71
6070	71
6071	72
6072	72
6073	73
6074	73
6075	72
6076	71
6077	71
6078	72
6079	74
6080	75
6081	75
6082	75
6083	75
6084	76
6085	75
6086	77
6087	76
6088	76
6089	76
6090	76
6091	77
6092	77
6093	77
6094	76
6095	76
6096	76
6097	76
6098	75
6099	74
6100	73
6101	71
6102	71
6103	71
6104	71
6105	71
6106	70
6107	69
6108	69
6109	69
6110	70
6111	70
6112	70
6113	69
6114	69
6115	69
6116	69
6117	68
6118	70
6119	72
6120	71
6121	70
6122	71
6123	70
6124	70
6125	70
6126	71
6127	70
6128	71
6129	71
6130	70
6131	69
6132	68
6133	68
6134	67
6135	67
6136	66
6137	66
6138	66
6139	64
6140	63
6141	63
6142	63
6143	64
6144	63
6145	64
6146	63
6147	63
6148	62
6149	59
6150	60
6151	59
6152	59
6153	57
6154	55
6155	55
6156	55
6157	54
6158	54
6159	53
6160	54
6161	53
6162	53
6163	54
6164	55
6165	55
6166	54
6167	54
6168	55
6169	56
6170	54
6171	54
6172	54
6173	54
6174	54
6175	54
6176	53
6177	52
6178	53
6179	53
6180	53
6181	53
6182	53
6183	53
6184	52
6185	53
6186	53
6187	54
6188	55
6189	55
6190	56
6191	56
6192	56
6193	57
6194	57
6195	58
6196	57
6197	57
6198	57
6199	57
6200	57
6201	57
6202	57
6203	57
6204	57
6205	58
6206	60
6207	60
6208	59
6209	58
6210	59
6211	60
6212	61
6213	62
6214	63
6215	63
6216	63
6217	64
6218	65
6219	66
6220	66
6221	66
6222	65
6223	65
6224	65
6225	66
6226	67
6227	68
6228	69
6229	70
6230	70
6231	69
6232	69
6233	68
6234	68
6235	67
6236	68
6237	68
6238	67
6239	68
6240	67
6241	68
6242	67
6243	68
6244	68
6245	68
6246	69
6247	69
6248	70
6249	69
6250	69
6251	70
6252	70
6253	71
6254	71
6255	70
6256	70
6257	70
6258	69
6259	68
6260	67
6261	67
6262	67
6263	69
6264	70
6265	72
6266	72
6267	72
6268	72
6269	72
6270	73
6271	74
6272	77
6273	77
6274	78
6275	77
6276	76
6277	76
6278	75
6279	75
6280	74
6281	72
6282	74
6283	75
6284	75
6285	74
6286	74
6287	75
6288	75
6289	75
6290	75
6291	75
6292	75
6293	76
6294	74
6295	75
6296	75
6297	72
6298	73
6299	73
6300	73
6301	72
6302	71
6303	70
6304	70
6305	70
6306	69
6307	71
6308	71
6309	70
6310	70
6311	72
6312	74
6313	75
6314	72
6315	72
6316	71
6317	70
6318	70
6319	70
6320	70
6321	69
6322	69
6323	68
6324	70
6325	70
6326	69
6327	67
6328	67
6329	66
6330	65
6331	64
6332	62
6333	62
6334	62
6335	62
6336	63
6337	63
6338	63
6339	64
6340	64
6341	65
6342	65
6343	65
6344	65
6345	65
6346	64
6347	63
6348	63
6349	64
6350	65
6351	66
6352	66
6353	66
6354	66
6355	67
6356	66
6357	65
6358	64
6359	64
6360	65
6361	65
6362	64
6363	65
6364	65
6365	65
6366	65
6367	65
6368	64
6369	63
6370	63
6371	62
6372	62
6373	60
6374	59
6375	60
6376	60
6377	60
6378	59
6379	58
6380	57
6381	57
6382	57
6383	56
6384	56
6385	56
6386	56
6387	54
6388	55
6389	55
6390	55
6391	55
6392	55
6393	54
6394	54
6395	52
6396	51
6397	50
6398	50
6399	49
6400	49
6401	51
6402	52
6403	52
6404	52
6405	52
6406	52
6407	53
6408	52
6409	51
6410	50
6411	50
6412	50
6413	49
6414	49
6415	51
6416	51
6417	51
6418	52
6419	51
6420	50
6421	49
6422	49
6423	49
6424	50
6425	50
6426	48
6427	48
6428	47
6429	47
6430	47
6431	47
6432	48
6433	48
6434	48
6435	48
6436	48
6437	48
6438	48
6439	47
6440	47
6441	47
6442	49
6443	49
6444	50
6445	49
6446	49
6447	50
6448	48
6449	48
6450	49
6451	50
6452	50
6453	50
6454	50
6455	51
6456	51
6457	51
6458	51
6459	51
6460	51
6461	51
6462	51
6463	51
6464	51
6465	50
6466	50
6467	50
6468	50
6469	50
6470	51
6471	50
6472	50
6473	50
6474	49
6475	51
6476	50
6477	50
6478	50
6479	49
6480	51
6481	51
6482	50
6483	51
6484	51
6485	51
6486	51
6487	51
6488	51
6489	51
6490	51
6491	53
6492	54
6493	54
6494	54
6495	55
6496	55
6497	56
6498	55
6499	55
6500	54
6501	56
6502	55
6503	55
6504	55
6505	56
6506	56
6507	56
6508	55
6509	55
6510	55
6511	56
6512	56
6513	56
6514	58
6515	58
6516	58
6517	57
6518	56
6519	56
6520	57
6521	56
6522	56
6523	56
6524	56
6525	55
6526	56
6527	56
6528	56
6529	57
6530	57
6531	57
6532	58
6533	58
6534	57
6535	57
6536	59
6537	59
6538	59
6539	59
6540	60
6541	60
6542	60
6543	61
6544	61
6545	62
6546	63
6547	63
6548	63
6549	64
6550	64
6551	63
6552	64
6553	65
6554	66
6555	67
6556	67
6557	67
6558	67
6559	68
6560	67
6561	66
6562	66
6563	66
6564	65
6565	65
6566	65
6567	65
6568	65
6569	65
6570	65
6571	66
6572	66
6573	65
6574	64
6575	66
6576	67
6577	67
6578	68
6579	69
6580	67
6581	66
6582	66
6583	66
6584	67
6585	66
6586	66
6587	66
6588	66
6589	66
6590	65
6591	64
6592	64
6593	65
6594	65
6595	65
6596	66
6597	65
6598	64
6599	64
6600	63
6601	63
6602	62
6603	62
6604	62
6605	62
6606	62
6607	63
6608	63
6609	62
6610	62
6611	62
6612	61
6613	60
6614	61
6615	61
6616	61
6617	61
6618	61
6619	61
6620	62
6621	62
6622	62
6623	63
6624	64
6625	65
6626	65
6627	66
6628	64
6629	64
6630	63
6631	65
6632	66
6633	67
6634	67
6635	68
6636	69
6637	69
6638	69
6639	69
6640	69
6641	69
6642	70
6643	69
6644	70
6645	69
6646	70
6647	70
6648	71
6649	71
6650	71
6651	70
6652	71
6653	69
6654	68
6655	68
6656	69
6657	70
6658	70
6659	69
6660	68
6661	68
6662	68
6663	69
6664	70
6665	70
6666	70
6667	68
6668	68
6669	68
6670	67
6671	67
6672	65
6673	65
6674	63
6675	63
6676	64
6677	64
6678	66
6679	65
6680	63
6681	63
6682	64
6683	64
6684	64
6685	64
6686	65
6687	66
6688	66
6689	67
6690	67
6691	69
6692	68
6693	69
6694	69
6695	69
6696	69
6697	69
6698	69
6699	70
6700	70
6701	70
6702	70
6703	69
6704	69
6705	69
6706	69
6707	69
6708	69
6709	69
6710	69
6711	69
6712	70
6713	70
6714	69
6715	69
6716	68
6717	68
6718	68
6719	68
6720	67
6721	67
6722	67
6723	68
6724	68
6725	68
6726	67
6727	65
6728	65
6729	64
6730	63
6731	62
6732	62
6733	61
6734	59
6735	59
6736	60
6737	60
6738	59
6739	60
6740	59
6741	59
6742	61
6743	61
6744	59
6745	60
6746	60
6747	60
6748	60
6749	60
6750	61
6751	60
6752	59
6753	59
6754	59
6755	61
6756	62
6757	64
6758	64
6759	64
6760	65
6761	66
6762	66
6763	66
6764	65
6765	64
6766	64
6767	64
6768	65
6769	65
6770	65
6771	65
6772	63
6773	63
6774	63
6775	63
6776	63
6777	63
6778	63
6779	62
6780	63
6781	62
6782	60
6783	60
6784	60
6785	60
6786	59
6787	59
6788	59
6789	59
6790	59
6791	59
6792	59
6793	60
6794	61
6795	61
6796	60
6797	59
6798	59
6799	61
6800	59
6801	61
6802	61
6803	61
6804	61
6805	61
6806	61
6807	61
6808	61
6809	60
6810	61
6811	61
6812	61
6813	61
6814	61
6815	61
6816	61
6817	60
6818	60
6819	60
6820	59
6821	59
6822	58
6823	57
6824	57
6825	57
6826	58
6827	58
6828	59
6829	60
6830	61
6831	61
6832	61
6833	60
6834	60
6835	60
6836	60
6837	60
6838	61
6839	60
6840	61
6841	61
6842	61
6843	61
6844	62
6845	64
6846	64
6847	66
6848	67
6849	68
6850	66
6851	67
6852	67
6853	66
6854	66
6855	66
6856	66
6857	68
6858	68
6859	69
6860	70
6861	70
6862	71
6863	72
6864	72
6865	72
6866	72
6867	71
6868	69
6869	70
6870	70
6871	70
6872	70
6873	72
6874	72
6875	72
6876	73
6877	73
6878	72
6879	72
6880	71
6881	71
6882	71
6883	71
6884	72
6885	72
6886	73
6887	73
6888	73
6889	73
6890	72
6891	71
6892	72
6893	71
6894	71
6895	71
6896	71
6897	71
6898	70
6899	68
6900	66
6901	66
6902	65
6903	65
6904	66
6905	66
6906	65
6907	65
6908	65
6909	66
6910	68
6911	68
6912	68
6913	70
6914	71
6915	70
6916	70
6917	70
6918	70
6919	70
6920	70
6921	69
6922	69
6923	67
6924	68
6925	67
6926	68
6927	69
6928	69
6929	70
6930	71
6931	70
6932	70
6933	70
6934	70
6935	69
6936	69
6937	69
6938	69
6939	69
6940	70
6941	70
6942	70
6943	69
6944	69
6945	69
6946	69
6947	69
6948	69
6949	68
6950	66
6951	65
6952	65
6953	64
6954	63
6955	63
6956	63
6957	63
6958	62
6959	62
6960	59
6961	59
6962	58
6963	58
6964	59
6965	59
6966	59
6967	57
6968	56
6969	57
6970	57
6971	58
6972	59
6973	59
6974	57
6975	57
6976	58
6977	58
6978	58
6979	58
6980	58
6981	58
6982	58
6983	58
6984	58
6985	58
6986	58
6987	57
6988	57
6989	59
6990	58
6991	59
6992	58
6993	58
6994	57
6995	55
6996	55
6997	53
6998	53
6999	52
7000	53
7001	54
7002	53
7003	53
7004	53
7005	54
7006	55
7007	54
7008	53
7009	53
7010	52
7011	52
7012	53
7013	52
7014	52
7015	52
7016	52
7017	52
7018	52
7019	52
7020	51
7021	51
7022	50
7023	49
7024	49
7025	50
7026	50
7027	50
7028	50
7029	51
7030	50
7031	49
7032	48
7033	47
7034	47
7035	47
7036	47
7037	45
7038	44
7039	44
7040	43
7041	43
7042	43
7043	43
7044	43
7045	43
7046	44
7047	44
7048	43
7049	43
7050	43
7051	43
7052	43
7053	44
7054	43
7055	43
7056	43
7057	41
7058	41
7059	41
7060	41
7061	40
7062	39
7063	39
7064	38
7065	38
7066	37
7067	36
7068	36
7069	36
7070	36
7071	36
7072	37
7073	38
7074	38
7075	39
7076	38
7077	38
7078	37
7079	36
7080	36
7081	37
7082	37
7083	38
7084	37
7085	35
7086	36
7087	36
7088	36
7089	36
7090	36
7091	36
7092	37
7093	37
7094	37
7095	37
7096	36
7097	34
7098	34
7099	34
7100	34
7101	34
7102	34
7103	35
7104	35
7105	34
7106	33
7107	32
7108	34
7109	35
7110	35
7111	35
7112	36
7113	38
7114	38
7115	39
7116	40
7117	41
7118	40
7119	40
7120	41
7121	41
7122	41
7123	42
7124	42
7125	42
7126	42
7127	42
7128	42
7129	42
7130	44
7131	45
7132	46
7133	47
7134	48
7135	49
7136	48
7137	48
7138	48
7139	48
7140	49
7141	49
7142	49
7143	49
7144	48
7145	48
7146	47
7147	46
7148	47
7149	47
7150	46
7151	46
7152	47
7153	47
7154	48
7155	49
7156	50
7157	50
7158	50
7159	50
7160	50
7161	49
7162	49
7163	49
7164	50
7165	50
7166	50
7167	49
7168	49
7169	49
7170	49
7171	49
7172	47
7173	48
7174	48
7175	48
7176	48
7177	48
7178	48
7179	47
7180	47
7181	48
7182	47
7183	46
7184	48
7185	48
7186	48
7187	48
7188	48
7189	48
7190	48
7191	48
7192	48
7193	48
7194	48
7195	48
7196	48
7197	48
7198	48
7199	47
7200	47
7201	47
7202	48
7203	48
7204	48
7205	48
7206	48
7207	49
7208	49
7209	49
7210	49
7211	49
7212	49
7213	49
7214	49
7215	49
7216	49
7217	48
7218	48
7219	49
7220	49
7221	48
7222	49
7223	49
7224	49
7225	50
7226	49
7227	49
7228	48
7229	48
7230	48
7231	48
7232	47
7233	47
7234	46
7235	45
7236	43
7237	43
7238	44
7239	41
7240	41
7241	40
7242	40
7243	40
7244	40
7245	41
7246	41
7247	41
7248	42
7249	42
7250	42
7251	42
7252	42
7253	40
7254	40
7255	40
7256	40
7257	40
7258	39
7259	39
7260	40
7261	40
7262	40
7263	40
7264	40
7265	41
7266	41
7267	41
7268	41
7269	39
7270	39
7271	38
7272	38
7273	38
7274	38
7275	38
7276	37
7277	36
7278	36
7279	36
7280	35
7281	34
7282	34
7283	34
7284	35
7285	36
7286	35
7287	35
7288	35
7289	35
7290	34
7291	34
7292	35
7293	38
7294	39
7295	39
7296	39
7297	40
7298	40
7299	40
7300	41
7301	39
7302	39
7303	38
7304	39
7305	38
7306	39
7307	38
7308	37
7309	37
7310	37
7311	36
7312	35
7313	35
7314	35
7315	35
7316	34
7317	34
7318	34
7319	34
7320	34
7321	33
7322	33
7323	33
7324	33
7325	33
7326	33
7327	34
7328	34
7329	33
7330	33
7331	33
7332	33
7333	33
7334	33
7335	33
7336	34
7337	35
7338	35
7339	35
7340	35
7341	36
7342	36
7343	36
7344	36
7345	36
7346	36
7347	37
7348	37
7349	37
7350	37
7351	37
7352	37
7353	37
7354	37
7355	37
7356	37
7357	36
7358	36
7359	36
7360	36
7361	36
7362	36
7363	35
7364	35
7365	35
7366	35
7367	35
7368	35
7369	35
7370	34
7371	33
7372	31
7373	31
7374	30
7375	29
7376	29
7377	29
7378	29
7379	29
7380	29
7381	29
7382	29
7383	30
7384	30
7385	31
7386	31
7387	31
7388	31
7389	31
7390	31
7391	30
7392	30
7393	30
7394	29
7395	29
7396	27
7397	27
7398	27
7399	27
7400	26
7401	26
7402	26
7403	27
7404	27
7405	27
7406	27
7407	26
7408	26
7409	25
7410	25
7411	25
7412	25
7413	24
7414	23
7415	24
7416	24
7417	24
7418	24
7419	24
7420	24
7421	24
7422	24
7423	24
7424	24
7425	24
7426	24
7427	24
7428	24
7429	24
7430	24
7431	24
7432	24
7433	24
7434	24
7435	24
7436	24
7437	24
7438	25
7439	24
7440	24
7441	24
7442	24
7443	24
7444	24
7445	24
7446	24
7447	24
7448	24
7449	23
7450	23
7451	22
7452	22
7453	22
7454	22
7455	21
7456	20
7457	20
7458	20
7459	20
7460	20
7461	20
7462	20
7463	20
7464	20
7465	20
7466	20
7467	20
7468	20
7469	20
7470	20
7471	20
7472	19
7473	20
7474	19
7475	19
7476	19
7477	19
7478	19
7479	19
7480	18
7481	18
7482	18
7483	18
7484	18
7485	18
7486	18
7487	18
7488	18
7489	19
7490	20
7491	20
7492	20
7493	20
7494	19
7495	19
7496	20
7497	20
7498	20
7499	20
7500	21
7501	21
7502	21
7503	21
7504	20
7505	20
7506	20
7507	20
7508	20
7509	20
7510	20
7511	20
7512	20
7513	19
7514	19
7515	19
7516	19
7517	19
7518	19
7519	19
7520	19
7521	19
7522	19
7523	19
7524	19
7525	19
7526	19
7527	20
7528	20
7529	19
7530	19
7531	19
7532	19
7533	19
7534	19
7535	19
7536	19
7537	19
7538	19
7539	19
7540	19
7541	18
7542	18
7543	17
7544	17
7545	16
7546	16
7547	16
7548	16
7549	16
7550	16
7551	16
7552	16
7553	16
7554	16
7555	16
7556	16
7557	16
7558	16
7559	17
7560	16
7561	16
7562	16
7563	16
7564	16
7565	16
7566	16
7567	16
7568	16
7569	15
7570	15
7571	14
7572	14
7573	14
7574	14
7575	14
7576	14
7577	14
7578	15
7579	16
7580	16
7581	16
7582	16
7583	16
7584	16
7585	16
7586	16
7587	16
7588	16
7589	17
7590	16
7591	16
7592	16
7593	16
7594	14
7595	13
7596	13
7597	13
7598	13
7599	13
7600	13
7601	13
7602	13
7603	13
7604	13
7605	13
7606	13
7607	13
7608	13
7609	13
7610	12
7611	12
7612	12
7613	12
7614	12
7615	11
7616	11
7617	11
7618	11
7619	11
7620	11
7621	11
7622	11
7623	11
7624	11
7625	11
7626	11
7627	11
7628	11
7629	11
7630	11
7631	11
7632	11
7633	11
7634	11
7635	11
7636	11
7637	11
7638	11
7639	11
7640	11
7641	11
7642	11
7643	11
7644	11
7645	11
7646	11
7647	11
7648	11
7649	11
7650	11
7651	11
7652	11
7653	11
7654	11
7655	12
7656	12
7657	12
7658	12
7659	12
7660	12
7661	12
7662	12
7663	12
7664	12
7665	12
7666	11
7667	11
7668	11
7669	11
7670	11
7671	11
7672	11
7673	11
7674	11
7675	11
7676	10
7677	10
7678	10
7679	10
7680	10
7681	10
7682	10
7683	10
7684	9
7685	8
7686	8
7687	8
7688	8
7689	8
7690	8
7691	8
7692	8
7693	8
7694	8
7695	8
7696	8
7697	8
7698	8
7699	8
7700	8
7701	8
7702	8
7703	8
7704	8
7705	8
7706	8
7707	8
7708	8
7709	8
7710	8
7711	8
7712	8
7713	8
7714	8
7715	8
7716	8
7717	8
7718	8
7719	8
7720	8
7721	9
7722	9
7723	9
7724	8
7725	8
7726	8
7727	8
7728	8
7729	8
7730	8
7731	8
7732	8
7733	8
7734	8
7735	8
7736	8
7737	8
7738	8
7739	8
7740	8
7741	8
7742	8
7743	9
7744	9
7745	9
7746	9
7747	9
7748	9
7749	9
7750	8
7751	8
7752	8
7753	8
7754	8
7755	8
7756	7
7757	7
7758	7
7759	7
7760	7
7761	7
7762	7
7763	7
7764	7
7765	7
7766	7
7767	7
7768	7
7769	7
7770	7
7771	7
7772	7
7773	7
7774	7
7775	7
7776	6
7777	6
7778	6
7779	6
7780	6
7781	6
7782	6
7783	6
7784	6
7785	6
7786	6
7787	6
7788	6
7789	6
7790	6
7791	6
7792	6
7793	6
7794	6
7795	6
7796	6
7797	6
7798	6
7799	6
7800	6
7801	6
7802	6
7803	6
7804	6
7805	6
7806	5
7807	5
7808	5
7809	5
7810	5
7811	5
7812	5
7813	5
7814	5
7815	5
7816	5
7817	5
7818	5
7819	5
7820	5
7821	5
7822	5
7823	5
7824	5
7825	5
7826	5
7827	5
7828	5
7829	5
7830	5
7831	5
7832	5
7833	5
7834	5
7835	5
7836	5
7837	5
7838	5
7839	5
7840	5
7841	5
7842	5
7843	5
7844	5
7845	5
7846	5
7847	4
7848	4
7849	4
7850	4
7851	4
7852	4
7853	4
7854	4
7855	4
7856	4
7857	4
7858	4
7859	4
7860	4
7861	4
7862	4
7863	4
7864	4
7865	4
7866	4
7867	4
7868	4
7869	4
7870	4
7871	4
7872	4
7873	4
7874	4
7875	4
7876	4
7877	4
7878	4
7879	4
7880	4
7881	4
7882	4
7883	4
7884	4
7885	4
7886	4
7887	4
7888	4
7889	4
7890	4
7891	4
7892	4
7893	4
7894	4
7895	4
7896	4
7897	4
7898	4
7899	4
7900	4
7901	4
7902	4
7903	4
7904	3
7905	3
7906	3
7907	3
7908	3
7909	3
7910	3
7911	3
7912	3
7913	3
7914	3
7915	3
7916	3
7917	3
7918	3
7919	3
7920	3
7921	3
7922	3
7923	3
7924	3
7925	3
7926	3
7927	3
7928	3
7929	3
7930	3
7931	3
7932	3
7933	3
7934	3
7935	3
7936	3
7937	3
7938	3
7939	3
7940	3
7941	3
7942	3
7943	3
7944	3
7945	3
7946	3
7947	3
7948	3
7949	3
7950	3
7951	3
7952	3
7953	3
7954	3
7955	3
7956	3
7957	3
7958	3
7959	3
7960	3
7961	3
7962	3
7963	3
7964	3
7965	3
7966	3
7967	3
7968	3
7969	3
7970	3
7971	3
7972	3
7973	3
7974	3
7975	3
7976	3
7977	3
7978	3
7979	3
7980	2
7981	2
7982	2
7983	2
7984	2
7985	2
7986	2
7987	2
7988	2
7989	2
7990	2
7991	2
7992	2
7993	2
7994	2
7995	2
7996	2
7997	2
7998	2
7999	2
8000	2
8001	2
8002	2
8003	2
8004	1
8005	1
8006	0
8007	0
8008	0
8009	0
8010	0
8011	0
8012	0
8013	0
8014	0
8015	0
8016	0
8017	0
8018	0
8019	0
8020	0
8021	0
8022	0
8023	0
8024	0
8025	0
8026	0
8027	0
8028	0
8029	0
8030	0
8031	0
8032	0
8033	0
8034	0
8035	0
8036	0
8037	0
8038	0
8039	0
8040	0
8041	0
8042	0
8043	0
8044	0
8045	0
8046	0
8047	0
8048	0
8049	0
8050	0
8051	0
8052	0
8053	0
8054	0
8055	0
8056	0
8057	0
8058	0
8059	0
8060	0
8061	0
8062	0
8063	0
8064	0
8065	0
8066	0
8067	0
8068	0
8069	0
8070	0
8071	0
8072	0
8073	0
8074	0
8075	0
8076	0
8077	0
8078	0
8079	0
8080	0
8081	0
8082	0
8083	0
8084	0
8085	0
8086	0
8087	0
8088	0
8089	0
8090	0
8091	0
8092	0
8093	0
8094	0
8095	0
8096	0
8097	0
8098	0
8099	0
8100	0
8101	0
8102	0
8103	0
8104	0
8105	0
8106	0
8107	0
8108	0
8109	0
8110	0
8111	0
8112	0
8113	0
8114	0
8115	0
8116	0
8117	0
8118	0
8119	0
8120	0
8121	0
8122	0
8123	0
8124	0
8125	0
8126	0
8127	0
8128	0
8129	0
8130	0
8131	0
8132	0
8133	0
8134	0
8135	0
8136	0
8137	0
8138	0
8139	0
8140	0
8141	0
8142	0
8143	0
8144	0
8145	0
8146	0
8147	0
8148	0
8149	0
8150	0
8151	0
8152	0
8153	0
8154	0
8155	0
8156	0
8157	0
8158	0
8159	0
8160	0
8161	0
8162	0
8163	0
8164	0
8165	0
8166	0
8167	0
8168	0
8169	0
8170	0
8171	0
8172	0
8173	0
8174	0
8175	0
8176	0
8177	0
8178	0
8179	0
8180	0
8181	0
8182	0
8183	0
8184	0
8185	0
8186	0
8187	0
8188	0
8189	0
8190	0
8191	0
8192	0
8193	0
8194	0
8195	0
8196	0
8197	0
8198	0
8199	0
8200	0
8201	0
8202	0
