1	0
2	0
3	0
4	0
5	0
6	0
7	0
8	0
9	0
10	0
11	0
12	0
13	0
14	0
15	0
16	0
17	0
18	0
19	0
20	0
21	0
22	0
23	0
24	0
25	0
26	0
27	0
28	0
29	0
30	0
31	0
32	0
33	0
34	0
35	0
36	0
37	0
38	0
39	0
40	0
41	1
42	1
43	1
44	1
45	1
46	1
47	1
48	1
49	1
50	1
51	1
52	1
53	1
54	1
55	1
56	1
57	1
58	1
59	1
60	1
61	1
62	1
63	1
64	1
65	1
66	1
67	1
68	1
69	1
70	1
71	1
72	1
73	1
74	1
75	1
76	1
77	1
78	1
79	1
80	1
81	1
82	1
83	1
84	1
85	1
86	1
87	1
88	1
89	1
90	1
91	1
92	1
93	1
94	1
95	1
96	1
97	1
98	1
99	1
100	1
101	1
102	1
103	1
104	1
105	1
106	1
107	1
108	1
109	1
110	2
111	2
112	3
113	3
114	3
115	3
116	3
117	3
118	3
119	3
120	3
121	3
122	3
123	3
124	3
125	3
126	3
127	3
128	3
129	3
130	3
131	3
132	3
133	3
134	3
135	3
136	3
137	3
138	3
139	3
140	3
141	3
142	3
143	3
144	4
145	4
146	4
147	4
148	4
149	4
150	4
151	4
152	4
153	4
154	4
155	4
156	4
157	4
158	4
159	4
160	4
161	4
162	4
163	4
164	4
165	4
166	4
167	4
168	4
169	4
170	4
171	4
172	4
173	4
174	4
175	4
176	4
177	4
178	4
179	4
180	4
181	4
182	4
183	4
184	5
185	4
186	4
187	4
188	4
189	4
190	4
191	4
192	4
193	5
194	5
195	5
196	5
197	5
198	5
199	5
200	5
201	5
202	5
203	5
204	6
205	6
206	6
207	6
208	6
209	6
210	6
211	6
212	6
213	6
214	6
215	6
216	6
217	6
218	6
219	6
220	6
221	6
222	6
223	6
224	6
225	6
226	6
227	6
228	6
229	6
230	6
231	6
232	6
233	6
234	6
235	7
236	6
237	6
238	6
239	6
240	6
241	6
242	5
243	5
244	5
245	5
246	5
247	5
248	5
249	5
250	5
251	5
252	5
253	6
254	6
255	6
256	6
257	6
258	6
259	6
260	6
261	6
262	6
263	6
264	6
265	6
266	6
267	6
268	6
269	6
270	8
271	8
272	8
273	9
274	9
275	8
276	8
277	8
278	8
279	8
280	8
281	8
282	8
283	8
284	8
285	8
286	8
287	9
288	9
289	9
290	9
291	9
292	9
293	10
294	10
295	10
296	11
297	11
298	11
299	11
300	11
301	11
302	11
303	11
304	11
305	11
306	11
307	11
308	11
309	11
310	11
311	11
312	11
313	11
314	11
315	11
316	11
317	11
318	11
319	11
320	11
321	11
322	11
323	11
324	11
325	12
326	12
327	12
328	12
329	12
330	12
331	12
332	12
333	12
334	12
335	12
336	12
337	12
338	13
339	13
340	13
341	13
342	13
343	13
344	13
345	13
346	13
347	13
348	13
349	13
350	13
351	13
352	13
353	13
354	12
355	13
356	13
357	13
358	13
359	13
360	13
361	13
362	13
363	13
364	13
365	13
366	13
367	13
368	13
369	13
370	13
371	13
372	14
373	14
374	14
375	14
376	14
377	14
378	14
379	13
380	13
381	13
382	13
383	13
384	13
385	12
386	12
387	12
388	12
389	11
390	10
391	10
392	10
393	11
394	11
395	11
396	11
397	11
398	11
399	11
400	11
401	11
402	11
403	11
404	11
405	11
406	11
407	11
408	11
409	11
410	11
411	12
412	12
413	12
414	12
415	12
416	12
417	12
418	12
419	12
420	12
421	12
422	12
423	12
424	13
425	13
426	11
427	11
428	11
429	11
430	10
431	10
432	10
433	10
434	9
435	9
436	9
437	9
438	9
439	9
440	9
441	10
442	10
443	10
444	10
445	10
446	9
447	10
448	10
449	10
450	10
451	11
452	11
453	11
454	11
455	11
456	12
457	12
458	11
459	11
460	11
461	11
462	11
463	11
464	11
465	11
466	11
467	11
468	11
469	11
470	12
471	12
472	12
473	13
474	13
475	13
476	13
477	13
478	13
479	14
480	14
481	14
482	14
483	14
484	14
485	14
486	14
487	14
488	14
489	14
490	14
491	14
492	14
493	14
494	13
495	13
496	13
497	13
498	13
499	13
500	14
501	14
502	14
503	14
504	13
505	13
506	13
507	13
508	13
509	13
510	15
511	15
512	15
513	15
514	15
515	15
516	15
517	15
518	15
519	16
520	16
521	16
522	16
523	16
524	16
525	16
526	16
527	16
528	16
529	16
530	16
531	16
532	15
533	15
534	15
535	15
536	15
537	15
538	14
539	14
540	14
541	14
542	14
543	14
544	14
545	13
546	13
547	13
548	13
549	13
550	13
551	13
552	13
553	13
554	13
555	13
556	12
557	12
558	12
559	12
560	13
561	13
562	13
563	13
564	13
565	13
566	13
567	13
568	13
569	14
570	14
571	14
572	14
573	14
574	14
575	14
576	13
577	14
578	15
579	16
580	16
581	16
582	16
583	16
584	16
585	15
586	15
587	16
588	16
589	16
590	16
591	16
592	17
593	17
594	17
595	17
596	17
597	17
598	17
599	17
600	17
601	17
602	17
603	17
604	17
605	17
606	18
607	18
608	18
609	18
610	18
611	18
612	18
613	18
614	18
615	18
616	18
617	18
618	18
619	18
620	18
621	18
622	18
623	18
624	18
625	18
626	18
627	17
628	17
629	17
630	17
631	18
632	18
633	18
634	18
635	18
636	18
637	18
638	18
639	18
640	19
641	19
642	19
643	21
644	22
645	22
646	22
647	22
648	21
649	22
650	21
651	21
652	21
653	21
654	21
655	21
656	22
657	22
658	22
659	23
660	23
661	23
662	25
663	23
664	23
665	22
666	22
667	21
668	19
669	19
670	18
671	18
672	18
673	18
674	18
675	18
676	18
677	18
678	18
679	18
680	18
681	18
682	18
683	17
684	17
685	17
686	17
687	17
688	17
689	17
690	17
691	18
692	18
693	18
694	18
695	18
696	19
697	19
698	19
699	19
700	19
701	20
702	21
703	21
704	21
705	21
706	21
707	21
708	21
709	21
710	21
711	21
712	21
713	21
714	20
715	20
716	20
717	20
718	20
719	20
720	20
721	20
722	20
723	20
724	20
725	19
726	19
727	19
728	19
729	19
730	19
731	19
732	20
733	20
734	20
735	20
736	20
737	20
738	20
739	20
740	21
741	21
742	21
743	21
744	21
745	21
746	21
747	20
748	18
749	18
750	18
751	18
752	18
753	18
754	18
755	18
756	18
757	18
758	17
759	17
760	18
761	18
762	18
763	18
764	18
765	18
766	18
767	18
768	18
769	18
770	18
771	18
772	18
773	18
774	18
775	18
776	18
777	18
778	18
779	18
780	19
781	19
782	19
783	19
784	20
785	20
786	20
787	20
788	20
789	20
790	20
791	20
792	21
793	21
794	21
795	21
796	21
797	21
798	21
799	21
800	21
801	21
802	23
803	23
804	23
805	23
806	23
807	23
808	23
809	22
810	22
811	22
812	22
813	23
814	23
815	22
816	22
817	22
818	22
819	22
820	22
821	22
822	22
823	22
824	22
825	22
826	22
827	22
828	22
829	22
830	22
831	24
832	24
833	24
834	24
835	23
836	24
837	24
838	24
839	24
840	24
841	25
842	25
843	25
844	24
845	24
846	25
847	25
848	25
849	25
850	25
851	25
852	25
853	25
854	25
855	25
856	26
857	26
858	26
859	26
860	26
861	26
862	26
863	26
864	26
865	26
866	26
867	26
868	27
869	27
870	27
871	27
872	28
873	28
874	28
875	28
876	28
877	28
878	28
879	28
880	28
881	27
882	27
883	26
884	25
885	25
886	25
887	25
888	25
889	25
890	24
891	24
892	23
893	23
894	23
895	23
896	23
897	23
898	23
899	23
900	23
901	24
902	24
903	24
904	24
905	24
906	24
907	24
908	24
909	24
910	23
911	22
912	21
913	21
914	21
915	20
916	19
917	19
918	19
919	19
920	19
921	19
922	19
923	20
924	21
925	21
926	21
927	21
928	21
929	21
930	21
931	21
932	21
933	21
934	21
935	21
936	21
937	21
938	20
939	20
940	20
941	21
942	21
943	21
944	20
945	19
946	19
947	19
948	20
949	20
950	20
951	21
952	21
953	21
954	21
955	22
956	21
957	20
958	20
959	21
960	21
961	22
962	22
963	21
964	20
965	21
966	22
967	21
968	21
969	21
970	21
971	21
972	21
973	21
974	21
975	21
976	21
977	21
978	21
979	21
980	20
981	20
982	20
983	20
984	20
985	20
986	19
987	19
988	19
989	19
990	19
991	19
992	19
993	19
994	18
995	19
996	19
997	19
998	20
999	20
1000	20
1001	21
1002	21
1003	21
1004	21
1005	21
1006	21
1007	21
1008	21
1009	21
1010	21
1011	21
1012	21
1013	21
1014	20
1015	20
1016	20
1017	20
1018	20
1019	20
1020	20
1021	20
1022	20
1023	20
1024	19
1025	19
1026	19
1027	19
1028	19
1029	18
1030	18
1031	18
1032	18
1033	18
1034	18
1035	18
1036	18
1037	18
1038	18
1039	18
1040	17
1041	17
1042	17
1043	17
1044	17
1045	17
1046	17
1047	18
1048	18
1049	17
1050	17
1051	17
1052	16
1053	16
1054	16
1055	16
1056	15
1057	15
1058	15
1059	15
1060	15
1061	15
1062	15
1063	16
1064	16
1065	17
1066	17
1067	17
1068	19
1069	19
1070	19
1071	19
1072	19
1073	19
1074	19
1075	19
1076	19
1077	20
1078	19
1079	19
1080	19
1081	19
1082	19
1083	19
1084	20
1085	20
1086	20
1087	20
1088	20
1089	20
1090	20
1091	20
1092	20
1093	20
1094	20
1095	20
1096	21
1097	20
1098	20
1099	19
1100	19
1101	19
1102	19
1103	18
1104	19
1105	19
1106	19
1107	19
1108	19
1109	19
1110	19
1111	20
1112	20
1113	19
1114	19
1115	20
1116	20
1117	21
1118	21
1119	21
1120	22
1121	23
1122	23
1123	23
1124	23
1125	23
1126	23
1127	23
1128	23
1129	23
1130	23
1131	23
1132	23
1133	23
1134	23
1135	23
1136	23
1137	23
1138	23
1139	24
1140	24
1141	23
1142	23
1143	24
1144	24
1145	24
1146	24
1147	24
1148	24
1149	23
1150	23
1151	24
1152	25
1153	25
1154	26
1155	26
1156	26
1157	24
1158	24
1159	24
1160	24
1161	26
1162	26
1163	26
1164	24
1165	23
1166	23
1167	23
1168	23
1169	23
1170	23
1171	23
1172	23
1173	24
1174	24
1175	24
1176	24
1177	24
1178	23
1179	23
1180	23
1181	23
1182	24
1183	24
1184	24
1185	24
1186	24
1187	24
1188	24
1189	23
1190	23
1191	23
1192	24
1193	24
1194	24
1195	24
1196	24
1197	23
1198	23
1199	23
1200	23
1201	23
1202	23
1203	23
1204	23
1205	24
1206	24
1207	24
1208	24
1209	24
1210	24
1211	24
1212	24
1213	23
1214	23
1215	23
1216	23
1217	23
1218	22
1219	22
1220	22
1221	22
1222	22
1223	23
1224	22
1225	22
1226	22
1227	22
1228	22
1229	22
1230	22
1231	22
1232	22
1233	22
1234	22
1235	21
1236	21
1237	19
1238	18
1239	18
1240	18
1241	18
1242	17
1243	18
1244	18
1245	18
1246	18
1247	18
1248	18
1249	18
1250	19
1251	19
1252	19
1253	19
1254	19
1255	19
1256	19
1257	19
1258	20
1259	20
1260	20
1261	20
1262	20
1263	20
1264	20
1265	20
1266	21
1267	20
1268	21
1269	21
1270	21
1271	22
1272	22
1273	22
1274	22
1275	22
1276	22
1277	22
1278	22
1279	22
1280	22
1281	22
1282	22
1283	23
1284	23
1285	23
1286	23
1287	23
1288	23
1289	23
1290	23
1291	23
1292	23
1293	23
1294	22
1295	21
1296	21
1297	21
1298	21
1299	21
1300	21
1301	21
1302	21
1303	21
1304	21
1305	21
1306	21
1307	21
1308	21
1309	21
1310	21
1311	21
1312	21
1313	21
1314	21
1315	21
1316	21
1317	21
1318	21
1319	21
1320	21
1321	21
1322	21
1323	21
1324	20
1325	20
1326	20
1327	20
1328	20
1329	20
1330	20
1331	20
1332	20
1333	20
1334	20
1335	20
1336	20
1337	20
1338	20
1339	21
1340	21
1341	21
1342	21
1343	21
1344	21
1345	21
1346	21
1347	21
1348	21
1349	21
1350	22
1351	22
1352	22
1353	22
1354	22
1355	20
1356	20
1357	20
1358	20
1359	21
1360	21
1361	23
1362	22
1363	24
1364	23
1365	24
1366	24
1367	24
1368	24
1369	23
1370	23
1371	23
1372	23
1373	23
1374	23
1375	23
1376	23
1377	22
1378	22
1379	22
1380	21
1381	21
1382	21
1383	21
1384	21
1385	21
1386	21
1387	21
1388	20
1389	19
1390	19
1391	19
1392	19
1393	19
1394	21
1395	21
1396	22
1397	23
1398	23
1399	23
1400	23
1401	23
1402	23
1403	23
1404	23
1405	23
1406	23
1407	23
1408	23
1409	22
1410	23
1411	23
1412	23
1413	23
1414	23
1415	22
1416	22
1417	22
1418	22
1419	22
1420	22
1421	22
1422	22
1423	22
1424	22
1425	22
1426	22
1427	23
1428	22
1429	22
1430	22
1431	23
1432	23
1433	22
1434	22
1435	22
1436	22
1437	21
1438	21
1439	21
1440	21
1441	21
1442	21
1443	21
1444	21
1445	22
1446	22
1447	22
1448	22
1449	23
1450	24
1451	24
1452	24
1453	24
1454	24
1455	24
1456	24
1457	24
1458	24
1459	24
1460	24
1461	23
1462	23
1463	23
1464	22
1465	22
1466	22
1467	22
1468	22
1469	22
1470	21
1471	21
1472	21
1473	21
1474	21
1475	21
1476	21
1477	21
1478	21
1479	20
1480	20
1481	20
1482	20
1483	20
1484	21
1485	21
1486	21
1487	21
1488	21
1489	21
1490	22
1491	22
1492	22
1493	22
1494	21
1495	21
1496	22
1497	22
1498	22
1499	22
1500	22
1501	22
1502	22
1503	22
1504	23
1505	23
1506	24
1507	24
1508	25
1509	25
1510	25
1511	25
1512	25
1513	25
1514	25
1515	25
1516	25
1517	25
1518	25
1519	25
1520	24
1521	24
1522	24
1523	24
1524	24
1525	24
1526	24
1527	24
1528	24
1529	24
1530	24
1531	24
1532	25
1533	25
1534	24
1535	24
1536	24
1537	24
1538	24
1539	24
1540	24
1541	24
1542	25
1543	25
1544	24
1545	24
1546	25
1547	25
1548	24
1549	24
1550	24
1551	24
1552	26
1553	26
1554	26
1555	26
1556	26
1557	27
1558	27
1559	27
1560	27
1561	27
1562	27
1563	27
1564	28
1565	28
1566	28
1567	28
1568	28
1569	28
1570	28
1571	28
1572	28
1573	28
1574	28
1575	28
1576	28
1577	28
1578	28
1579	28
1580	28
1581	28
1582	28
1583	28
1584	28
1585	29
1586	29
1587	29
1588	29
1589	29
1590	29
1591	29
1592	29
1593	29
1594	29
1595	29
1596	29
1597	29
1598	29
1599	29
1600	29
1601	29
1602	29
1603	29
1604	29
1605	29
1606	29
1607	29
1608	29
1609	29
1610	29
1611	29
1612	29
1613	30
1614	30
1615	29
1616	30
1617	30
1618	30
1619	30
1620	30
1621	29
1622	29
1623	29
1624	28
1625	27
1626	27
1627	25
1628	25
1629	25
1630	24
1631	24
1632	24
1633	24
1634	24
1635	24
1636	23
1637	23
1638	23
1639	23
1640	23
1641	23
1642	23
1643	23
1644	23
1645	22
1646	22
1647	22
1648	22
1649	22
1650	22
1651	22
1652	22
1653	22
1654	22
1655	23
1656	23
1657	23
1658	25
1659	25
1660	25
1661	25
1662	25
1663	25
1664	25
1665	25
1666	25
1667	25
1668	24
1669	25
1670	25
1671	26
1672	26
1673	26
1674	26
1675	26
1676	26
1677	26
1678	25
1679	25
1680	25
1681	25
1682	25
1683	25
1684	25
1685	26
1686	26
1687	26
1688	26
1689	26
1690	27
1691	27
1692	27
1693	28
1694	28
1695	28
1696	28
1697	27
1698	26
1699	26
1700	26
1701	27
1702	27
1703	27
1704	27
1705	26
1706	27
1707	28
1708	27
1709	26
1710	26
1711	25
1712	25
1713	25
1714	26
1715	26
1716	26
1717	26
1718	26
1719	25
1720	25
1721	25
1722	25
1723	25
1724	25
1725	25
1726	25
1727	25
1728	25
1729	25
1730	25
1731	26
1732	25
1733	25
1734	25
1735	25
1736	25
1737	25
1738	25
1739	25
1740	25
1741	25
1742	25
1743	24
1744	24
1745	25
1746	26
1747	26
1748	26
1749	26
1750	26
1751	26
1752	26
1753	26
1754	26
1755	26
1756	26
1757	26
1758	26
1759	26
1760	26
1761	27
1762	27
1763	27
1764	27
1765	27
1766	27
1767	27
1768	26
1769	26
1770	26
1771	26
1772	26
1773	26
1774	26
1775	26
1776	27
1777	26
1778	26
1779	26
1780	26
1781	26
1782	26
1783	26
1784	26
1785	26
1786	25
1787	25
1788	25
1789	25
1790	24
1791	24
1792	24
1793	24
1794	26
1795	26
1796	26
1797	26
1798	26
1799	26
1800	26
1801	26
1802	26
1803	26
1804	26
1805	26
1806	26
1807	26
1808	26
1809	26
1810	26
1811	26
1812	24
1813	23
1814	24
1815	24
1816	24
1817	24
1818	24
1819	25
1820	24
1821	24
1822	26
1823	26
1824	26
1825	26
1826	26
1827	26
1828	25
1829	25
1830	25
1831	26
1832	26
1833	26
1834	26
1835	25
1836	25
1837	25
1838	25
1839	26
1840	27
1841	26
1842	26
1843	26
1844	26
1845	26
1846	26
1847	27
1848	26
1849	26
1850	26
1851	25
1852	25
1853	25
1854	26
1855	27
1856	26
1857	26
1858	27
1859	27
1860	27
1861	27
1862	27
1863	27
1864	27
1865	27
1866	29
1867	29
1868	28
1869	27
1870	27
1871	26
1872	26
1873	26
1874	25
1875	25
1876	25
1877	25
1878	25
1879	25
1880	25
1881	25
1882	25
1883	26
1884	26
1885	26
1886	26
1887	27
1888	27
1889	27
1890	27
1891	26
1892	26
1893	26
1894	26
1895	26
1896	26
1897	26
1898	26
1899	25
1900	25
1901	25
1902	25
1903	25
1904	25
1905	25
1906	25
1907	25
1908	25
1909	25
1910	25
1911	25
1912	25
1913	25
1914	25
1915	25
1916	25
1917	24
1918	24
1919	24
1920	23
1921	23
1922	22
1923	23
1924	23
1925	23
1926	23
1927	23
1928	23
1929	22
1930	22
1931	22
1932	22
1933	23
1934	23
1935	23
1936	22
1937	22
1938	22
1939	22
1940	22
1941	22
1942	23
1943	23
1944	23
1945	22
1946	21
1947	21
1948	20
1949	21
1950	21
1951	21
1952	20
1953	21
1954	21
1955	21
1956	21
1957	21
1958	20
1959	19
1960	19
1961	19
1962	19
1963	19
1964	19
1965	18
1966	18
1967	18
1968	18
1969	18
1970	18
1971	18
1972	18
1973	19
1974	19
1975	19
1976	19
1977	19
1978	19
1979	19
1980	19
1981	19
1982	19
1983	19
1984	19
1985	19
1986	19
1987	19
1988	19
1989	19
1990	20
1991	20
1992	20
1993	20
1994	20
1995	22
1996	22
1997	22
1998	20
1999	20
2000	19
2001	20
2002	20
2003	19
2004	19
2005	19
2006	19
2007	19
2008	19
2009	19
2010	19
2011	19
2012	19
2013	19
2014	19
2015	19
2016	19
2017	19
2018	19
2019	19
2020	19
2021	19
2022	19
2023	19
2024	20
2025	20
2026	20
2027	20
2028	19
2029	19
2030	19
2031	19
2032	19
2033	18
2034	18
2035	18
2036	17
2037	17
2038	17
2039	17
2040	17
2041	17
2042	18
2043	20
2044	20
2045	20
2046	20
2047	21
2048	21
2049	21
2050	21
2051	21
2052	22
2053	22
2054	23
2055	23
2056	22
2057	22
2058	22
2059	21
2060	21
2061	22
2062	22
2063	22
2064	22
2065	22
2066	22
2067	22
2068	22
2069	22
2070	22
2071	22
2072	22
2073	22
2074	22
2075	22
2076	22
2077	22
2078	22
2079	22
2080	22
2081	22
2082	22
2083	22
2084	22
2085	22
2086	22
2087	22
2088	22
2089	22
2090	22
2091	23
2092	23
2093	23
2094	23
2095	22
2096	22
2097	22
2098	22
2099	22
2100	22
2101	22
2102	22
2103	22
2104	22
2105	22
2106	21
2107	21
2108	20
2109	19
2110	18
2111	18
2112	18
2113	18
2114	17
2115	17
2116	17
2117	17
2118	17
2119	17
2120	17
2121	17
2122	17
2123	17
2124	17
2125	17
2126	17
2127	17
2128	17
2129	17
2130	17
2131	17
2132	18
2133	18
2134	19
2135	19
2136	19
2137	19
2138	19
2139	19
2140	19
2141	19
2142	18
2143	17
2144	17
2145	17
2146	17
2147	16
2148	16
2149	16
2150	16
2151	16
2152	16
2153	16
2154	16
2155	16
2156	16
2157	17
2158	19
2159	19
2160	20
2161	20
2162	21
2163	21
2164	21
2165	20
2166	20
2167	20
2168	20
2169	20
2170	19
2171	19
2172	19
2173	19
2174	18
2175	18
2176	18
2177	18
2178	17
2179	17
2180	17
2181	17
2182	18
2183	19
2184	19
2185	19
2186	19
2187	19
2188	19
2189	19
2190	20
2191	21
2192	21
2193	21
2194	21
2195	21
2196	21
2197	21
2198	21
2199	21
2200	21
2201	21
2202	21
2203	21
2204	21
2205	21
2206	22
2207	22
2208	22
2209	22
2210	22
2211	23
2212	23
2213	23
2214	23
2215	23
2216	23
2217	23
2218	23
2219	23
2220	23
2221	23
2222	23
2223	23
2224	23
2225	24
2226	25
2227	24
2228	24
2229	25
2230	25
2231	25
2232	25
2233	23
2234	23
2235	23
2236	23
2237	23
2238	24
2239	24
2240	24
2241	24
2242	24
2243	23
2244	23
2245	23
2246	23
2247	22
2248	22
2249	22
2250	23
2251	23
2252	23
2253	22
2254	22
2255	22
2256	22
2257	22
2258	22
2259	22
2260	22
2261	23
2262	23
2263	23
2264	24
2265	24
2266	24
2267	26
2268	27
2269	27
2270	27
2271	26
2272	27
2273	27
2274	28
2275	28
2276	28
2277	28
2278	28
2279	29
2280	30
2281	30
2282	30
2283	30
2284	30
2285	30
2286	30
2287	30
2288	30
2289	31
2290	31
2291	30
2292	30
2293	30
2294	29
2295	29
2296	29
2297	30
2298	30
2299	30
2300	30
2301	30
2302	29
2303	29
2304	29
2305	29
2306	29
2307	29
2308	29
2309	29
2310	29
2311	29
2312	30
2313	30
2314	30
2315	30
2316	29
2317	29
2318	29
2319	29
2320	29
2321	29
2322	29
2323	29
2324	29
2325	31
2326	31
2327	31
2328	30
2329	30
2330	30
2331	30
2332	30
2333	29
2334	29
2335	29
2336	29
2337	28
2338	28
2339	28
2340	27
2341	27
2342	27
2343	27
2344	26
2345	26
2346	26
2347	24
2348	24
2349	24
2350	23
2351	23
2352	23
2353	23
2354	23
2355	23
2356	23
2357	23
2358	23
2359	23
2360	23
2361	23
2362	23
2363	23
2364	23
2365	23
2366	22
2367	22
2368	22
2369	22
2370	22
2371	23
2372	23
2373	24
2374	24
2375	24
2376	24
2377	23
2378	23
2379	22
2380	22
2381	22
2382	22
2383	22
2384	22
2385	22
2386	22
2387	23
2388	22
2389	22
2390	22
2391	22
2392	21
2393	21
2394	21
2395	22
2396	22
2397	22
2398	23
2399	23
2400	23
2401	23
2402	24
2403	24
2404	24
2405	24
2406	24
2407	24
2408	23
2409	23
2410	23
2411	25
2412	24
2413	24
2414	24
2415	24
2416	24
2417	24
2418	24
2419	24
2420	24
2421	24
2422	25
2423	26
2424	26
2425	25
2426	26
2427	27
2428	27
2429	27
2430	27
2431	27
2432	26
2433	26
2434	26
2435	26
2436	25
2437	26
2438	26
2439	26
2440	26
2441	26
2442	26
2443	26
2444	26
2445	26
2446	26
2447	26
2448	26
2449	26
2450	26
2451	26
2452	26
2453	27
2454	27
2455	27
2456	27
2457	26
2458	26
2459	26
2460	26
2461	26
2462	26
2463	26
2464	26
2465	26
2466	27
2467	27
2468	27
2469	27
2470	26
2471	26
2472	26
2473	26
2474	26
2475	26
2476	26
2477	26
2478	25
2479	25
2480	25
2481	25
2482	25
2483	25
2484	25
2485	25
2486	24
2487	24
2488	24
2489	24
2490	23
2491	23
2492	22
2493	22
2494	22
2495	22
2496	23
2497	22
2498	23
2499	23
2500	23
2501	23
2502	23
2503	23
2504	23
2505	22
2506	22
2507	22
2508	22
2509	22
2510	19
2511	19
2512	19
2513	19
2514	19
2515	19
2516	19
2517	19
2518	19
2519	19
2520	19
2521	18
2522	17
2523	17
2524	16
2525	16
2526	16
2527	16
2528	15
2529	15
2530	16
2531	17
2532	17
2533	17
2534	17
2535	17
2536	16
2537	16
2538	16
2539	17
2540	17
2541	17
2542	16
2543	15
2544	16
2545	16
2546	16
2547	16
2548	17
2549	17
2550	17
2551	17
2552	17
2553	16
2554	16
2555	16
2556	16
2557	16
2558	16
2559	17
2560	17
2561	17
2562	18
2563	18
2564	17
2565	17
2566	17
2567	17
2568	17
2569	18
2570	18
2571	18
2572	18
2573	17
2574	17
2575	17
2576	17
2577	16
2578	16
2579	16
2580	16
2581	16
2582	16
2583	16
2584	17
2585	17
2586	17
2587	17
2588	17
2589	17
2590	17
2591	16
2592	15
2593	15
2594	15
2595	15
2596	15
2597	14
2598	14
2599	14
2600	15
2601	15
2602	16
2603	16
2604	16
2605	16
2606	17
2607	16
2608	16
2609	16
2610	16
2611	16
2612	16
2613	16
2614	16
2615	16
2616	17
2617	17
2618	17
2619	17
2620	17
2621	17
2622	17
2623	16
2624	16
2625	16
2626	16
2627	16
2628	16
2629	17
2630	17
2631	17
2632	17
2633	17
2634	17
2635	17
2636	17
2637	18
2638	18
2639	18
2640	19
2641	19
2642	19
2643	18
2644	18
2645	18
2646	19
2647	19
2648	20
2649	20
2650	20
2651	20
2652	21
2653	21
2654	21
2655	21
2656	21
2657	21
2658	22
2659	22
2660	21
2661	21
2662	21
2663	21
2664	21
2665	20
2666	20
2667	20
2668	20
2669	20
2670	20
2671	19
2672	19
2673	20
2674	21
2675	22
2676	21
2677	21
2678	21
2679	21
2680	21
2681	21
2682	20
2683	21
2684	20
2685	20
2686	19
2687	19
2688	19
2689	19
2690	19
2691	18
2692	18
2693	18
2694	18
2695	18
2696	18
2697	18
2698	18
2699	18
2700	18
2701	17
2702	17
2703	17
2704	15
2705	15
2706	15
2707	16
2708	16
2709	16
2710	16
2711	16
2712	16
2713	16
2714	16
2715	16
2716	16
2717	16
2718	16
2719	17
2720	17
2721	17
2722	17
2723	18
2724	18
2725	18
2726	18
2727	21
2728	21
2729	21
2730	20
2731	20
2732	20
2733	20
2734	20
2735	20
2736	20
2737	20
2738	20
2739	20
2740	19
2741	19
2742	19
2743	20
2744	20
2745	20
2746	20
2747	20
2748	20
2749	20
2750	19
2751	19
2752	19
2753	19
2754	19
2755	19
2756	19
2757	19
2758	18
2759	18
2760	18
2761	18
2762	18
2763	18
2764	17
2765	17
2766	16
2767	16
2768	16
2769	16
2770	17
2771	17
2772	17
2773	18
2774	20
2775	19
2776	21
2777	21
2778	21
2779	21
2780	21
2781	21
2782	20
2783	19
2784	19
2785	19
2786	18
2787	18
2788	18
2789	18
2790	18
2791	18
2792	19
2793	19
2794	20
2795	20
2796	21
2797	22
2798	21
2799	21
2800	21
2801	21
2802	21
2803	21
2804	21
2805	22
2806	22
2807	21
2808	21
2809	20
2810	20
2811	21
2812	21
2813	21
2814	22
2815	23
2816	24
2817	24
2818	24
2819	24
2820	24
2821	24
2822	24
2823	24
2824	24
2825	24
2826	24
2827	24
2828	23
2829	23
2830	22
2831	22
2832	22
2833	22
2834	22
2835	22
2836	22
2837	24
2838	24
2839	24
2840	24
2841	25
2842	25
2843	25
2844	25
2845	25
2846	25
2847	25
2848	25
2849	25
2850	25
2851	25
2852	25
2853	25
2854	25
2855	25
2856	25
2857	25
2858	25
2859	25
2860	26
2861	26
2862	26
2863	26
2864	26
2865	26
2866	26
2867	25
2868	25
2869	25
2870	25
2871	26
2872	27
2873	26
2874	25
2875	25
2876	25
2877	25
2878	25
2879	25
2880	26
2881	26
2882	27
2883	27
2884	27
2885	27
2886	27
2887	27
2888	27
2889	26
2890	26
2891	26
2892	26
2893	26
2894	26
2895	26
2896	26
2897	26
2898	26
2899	26
2900	26
2901	26
2902	26
2903	26
2904	25
2905	25
2906	25
2907	25
2908	24
2909	24
2910	24
2911	23
2912	23
2913	23
2914	24
2915	24
2916	26
2917	25
2918	27
2919	27
2920	27
2921	27
2922	27
2923	29
2924	30
2925	31
2926	32
2927	31
2928	31
2929	31
2930	31
2931	33
2932	33
2933	33
2934	33
2935	33
2936	34
2937	35
2938	34
2939	34
2940	33
2941	33
2942	33
2943	32
2944	32
2945	32
2946	32
2947	31
2948	30
2949	30
2950	30
2951	30
2952	30
2953	30
2954	30
2955	30
2956	31
2957	31
2958	31
2959	31
2960	31
2961	31
2962	31
2963	31
2964	31
2965	31
2966	31
2967	32
2968	33
2969	33
2970	33
2971	34
2972	34
2973	34
2974	34
2975	33
2976	33
2977	33
2978	32
2979	32
2980	33
2981	32
2982	32
2983	33
2984	33
2985	32
2986	31
2987	31
2988	30
2989	30
2990	31
2991	31
2992	31
2993	29
2994	28
2995	28
2996	28
2997	28
2998	28
2999	28
3000	28
3001	28
3002	28
3003	27
3004	27
3005	26
3006	26
3007	26
3008	26
3009	26
3010	26
3011	26
3012	25
3013	25
3014	25
3015	26
3016	26
3017	26
3018	26
3019	26
3020	26
3021	26
3022	26
3023	26
3024	26
3025	26
3026	27
3027	28
3028	28
3029	28
3030	28
3031	28
3032	28
3033	26
3034	25
3035	25
3036	25
3037	25
3038	25
3039	25
3040	24
3041	25
3042	24
3043	24
3044	24
3045	24
3046	24
3047	23
3048	24
3049	24
3050	23
3051	23
3052	24
3053	24
3054	24
3055	24
3056	24
3057	23
3058	22
3059	21
3060	21
3061	21
3062	21
3063	21
3064	21
3065	21
3066	21
3067	21
3068	22
3069	22
3070	22
3071	22
3072	22
3073	22
3074	22
3075	23
3076	23
3077	23
3078	23
3079	24
3080	24
3081	24
3082	23
3083	23
3084	23
3085	23
3086	23
3087	23
3088	22
3089	22
3090	22
3091	22
3092	22
3093	22
3094	22
3095	22
3096	22
3097	22
3098	22
3099	22
3100	23
3101	24
3102	24
3103	24
3104	23
3105	23
3106	23
3107	23
3108	23
3109	23
3110	23
3111	23
3112	23
3113	23
3114	23
3115	23
3116	24
3117	24
3118	24
3119	24
3120	24
3121	24
3122	24
3123	24
3124	25
3125	25
3126	25
3127	25
3128	25
3129	25
3130	25
3131	24
3132	24
3133	24
3134	23
3135	23
3136	23
3137	23
3138	23
3139	23
3140	24
3141	24
3142	24
3143	25
3144	24
3145	22
3146	21
3147	21
3148	19
3149	19
3150	18
3151	19
3152	20
3153	21
3154	21
3155	21
3156	21
3157	22
3158	21
3159	21
3160	21
3161	21
3162	21
3163	21
3164	21
3165	20
3166	20
3167	20
3168	20
3169	20
3170	20
3171	20
3172	20
3173	20
3174	20
3175	20
3176	20
3177	20
3178	20
3179	20
3180	20
3181	20
3182	20
3183	20
3184	20
3185	20
3186	19
3187	19
3188	19
3189	19
3190	19
3191	20
3192	20
3193	21
3194	22
3195	22
3196	22
3197	22
3198	22
3199	22
3200	22
3201	22
3202	22
3203	22
3204	22
3205	22
3206	22
3207	23
3208	24
3209	24
3210	24
3211	24
3212	24
3213	24
3214	24
3215	23
3216	23
3217	24
3218	24
3219	24
3220	24
3221	23
3222	23
3223	22
3224	22
3225	23
3226	23
3227	23
3228	23
3229	23
3230	23
3231	24
3232	24
3233	24
3234	25
3235	24
3236	25
3237	25
3238	26
3239	25
3240	25
3241	25
3242	26
3243	26
3244	26
3245	26
3246	26
3247	26
3248	26
3249	27
3250	27
3251	27
3252	28
3253	28
3254	28
3255	28
3256	28
3257	28
3258	28
3259	29
3260	28
3261	28
3262	28
3263	26
3264	26
3265	26
3266	26
3267	26
3268	25
3269	25
3270	25
3271	25
3272	25
3273	26
3274	26
3275	26
3276	26
3277	26
3278	26
3279	26
3280	26
3281	26
3282	25
3283	25
3284	25
3285	25
3286	25
3287	25
3288	25
3289	23
3290	23
3291	23
3292	24
3293	24
3294	25
3295	25
3296	26
3297	26
3298	26
3299	26
3300	26
3301	26
3302	26
3303	27
3304	27
3305	27
3306	27
3307	27
3308	27
3309	27
3310	27
3311	27
3312	29
3313	29
3314	29
3315	28
3316	29
3317	29
3318	29
3319	29
3320	29
3321	29
3322	29
3323	29
3324	30
3325	31
3326	31
3327	31
3328	31
3329	31
3330	31
3331	30
3332	30
3333	29
3334	29
3335	30
3336	30
3337	29
3338	29
3339	29
3340	29
3341	30
3342	30
3343	30
3344	31
3345	31
3346	31
3347	30
3348	30
3349	30
3350	30
3351	30
3352	29
3353	28
3354	29
3355	29
3356	29
3357	28
3358	28
3359	28
3360	28
3361	27
3362	26
3363	26
3364	26
3365	26
3366	27
3367	26
3368	25
3369	25
3370	25
3371	25
3372	25
3373	24
3374	23
3375	23
3376	24
3377	24
3378	24
3379	24
3380	24
3381	24
3382	23
3383	23
3384	23
3385	23
3386	23
3387	23
3388	22
3389	23
3390	23
3391	23
3392	23
3393	23
3394	23
3395	23
3396	23
3397	23
3398	23
3399	23
3400	22
3401	23
3402	23
3403	23
3404	23
3405	23
3406	23
3407	23
3408	23
3409	23
3410	23
3411	23
3412	23
3413	23
3414	23
3415	23
3416	23
3417	24
3418	24
3419	24
3420	24
3421	24
3422	24
3423	25
3424	25
3425	26
3426	26
3427	26
3428	26
3429	26
3430	26
3431	26
3432	27
3433	27
3434	27
3435	27
3436	28
3437	29
3438	29
3439	29
3440	29
3441	29
3442	29
3443	29
3444	29
3445	29
3446	29
3447	30
3448	30
3449	30
3450	30
3451	30
3452	31
3453	31
3454	31
3455	31
3456	31
3457	31
3458	31
3459	31
3460	31
3461	32
3462	32
3463	32
3464	33
3465	32
3466	32
3467	32
3468	32
3469	32
3470	32
3471	33
3472	33
3473	34
3474	33
3475	33
3476	34
3477	34
3478	33
3479	33
3480	33
3481	33
3482	34
3483	33
3484	32
3485	30
3486	30
3487	29
3488	28
3489	28
3490	28
3491	29
3492	29
3493	29
3494	29
3495	29
3496	29
3497	29
3498	29
3499	29
3500	29
3501	30
3502	30
3503	30
3504	31
3505	31
3506	30
3507	30
3508	30
3509	30
3510	30
3511	30
3512	30
3513	30
3514	29
3515	29
3516	29
3517	29
3518	29
3519	29
3520	29
3521	29
3522	29
3523	29
3524	29
3525	29
3526	29
3527	29
3528	30
3529	31
3530	31
3531	31
3532	31
3533	31
3534	30
3535	29
3536	29
3537	29
3538	29
3539	28
3540	28
3541	28
3542	28
3543	27
3544	27
3545	26
3546	26
3547	26
3548	26
3549	26
3550	27
3551	27
3552	27
3553	28
3554	29
3555	29
3556	29
3557	29
3558	29
3559	29
3560	29
3561	29
3562	28
3563	28
3564	28
3565	28
3566	28
3567	28
3568	28
3569	28
3570	29
3571	29
3572	30
3573	29
3574	28
3575	28
3576	27
3577	27
3578	27
3579	26
3580	26
3581	26
3582	25
3583	25
3584	26
3585	26
3586	27
3587	26
3588	26
3589	26
3590	26
3591	27
3592	27
3593	27
3594	27
3595	27
3596	26
3597	26
3598	26
3599	25
3600	25
3601	26
3602	25
3603	24
3604	24
3605	23
3606	23
3607	23
3608	23
3609	24
3610	24
3611	24
3612	24
3613	24
3614	24
3615	24
3616	24
3617	24
3618	24
3619	24
3620	23
3621	23
3622	24
3623	24
3624	24
3625	24
3626	23
3627	23
3628	23
3629	23
3630	23
3631	23
3632	23
3633	23
3634	23
3635	23
3636	23
3637	23
3638	23
3639	23
3640	23
3641	23
3642	24
3643	24
3644	24
3645	24
3646	23
3647	23
3648	23
3649	23
3650	23
3651	23
3652	22
3653	23
3654	23
3655	23
3656	24
3657	24
3658	24
3659	24
3660	24
3661	25
3662	25
3663	25
3664	25
3665	25
3666	24
3667	24
3668	25
3669	25
3670	25
3671	25
3672	25
3673	25
3674	25
3675	25
3676	25
3677	25
3678	25
3679	26
3680	26
3681	26
3682	26
3683	26
3684	26
3685	25
3686	27
3687	27
3688	27
3689	27
3690	27
3691	26
3692	26
3693	26
3694	26
3695	25
3696	25
3697	25
3698	27
3699	27
3700	27
3701	28
3702	28
3703	29
3704	28
3705	30
3706	30
3707	30
3708	30
3709	30
3710	29
3711	29
3712	28
3713	29
3714	29
3715	30
3716	30
3717	30
3718	30
3719	30
3720	30
3721	30
3722	32
3723	32
3724	32
3725	32
3726	33
3727	32
3728	32
3729	32
3730	32
3731	32
3732	32
3733	32
3734	32
3735	32
3736	32
3737	32
3738	32
3739	32
3740	33
3741	33
3742	34
3743	33
3744	32
3745	32
3746	32
3747	31
3748	31
3749	30
3750	29
3751	28
3752	28
3753	28
3754	28
3755	28
3756	29
3757	29
3758	29
3759	29
3760	30
3761	31
3762	32
3763	32
3764	32
3765	32
3766	32
3767	32
3768	32
3769	32
3770	32
3771	32
3772	31
3773	31
3774	32
3775	32
3776	33
3777	32
3778	32
3779	32
3780	32
3781	32
3782	32
3783	32
3784	33
3785	33
3786	34
3787	33
3788	31
3789	31
3790	32
3791	32
3792	31
3793	32
3794	32
3795	32
3796	32
3797	33
3798	34
3799	34
3800	35
3801	35
3802	35
3803	34
3804	34
3805	34
3806	35
3807	35
3808	35
3809	35
3810	34
3811	33
3812	33
3813	33
3814	33
3815	33
3816	34
3817	34
3818	35
3819	35
3820	35
3821	35
3822	35
3823	35
3824	35
3825	34
3826	33
3827	34
3828	34
3829	34
3830	34
3831	34
3832	34
3833	34
3834	34
3835	35
3836	35
3837	34
3838	34
3839	37
3840	37
3841	37
3842	38
3843	38
3844	38
3845	38
3846	38
3847	37
3848	37
3849	37
3850	36
3851	36
3852	36
3853	36
3854	35
3855	35
3856	34
3857	34
3858	34
3859	33
3860	33
3861	32
3862	32
3863	31
3864	31
3865	32
3866	32
3867	32
3868	32
3869	31
3870	31
3871	31
3872	32
3873	32
3874	32
3875	32
3876	31
3877	32
3878	32
3879	31
3880	31
3881	31
3882	30
3883	30
3884	30
3885	30
3886	30
3887	31
3888	32
3889	32
3890	33
3891	33
3892	33
3893	33
3894	33
3895	33
3896	34
3897	34
3898	34
3899	34
3900	34
3901	34
3902	34
3903	34
3904	34
3905	34
3906	34
3907	34
3908	34
3909	34
3910	34
3911	34
3912	34
3913	34
3914	34
3915	33
3916	32
3917	32
3918	32
3919	31
3920	31
3921	31
3922	29
3923	29
3924	29
3925	30
3926	28
3927	27
3928	26
3929	26
3930	26
3931	26
3932	26
3933	26
3934	26
3935	25
3936	25
3937	25
3938	25
3939	24
3940	25
3941	24
3942	24
3943	24
3944	24
3945	23
3946	23
3947	23
3948	23
3949	22
3950	22
3951	22
3952	23
3953	22
3954	21
3955	21
3956	21
3957	22
3958	21
3959	20
3960	20
3961	20
3962	20
3963	21
3964	20
3965	20
3966	20
3967	21
3968	21
3969	20
3970	20
3971	20
3972	20
3973	19
3974	19
3975	19
3976	18
3977	18
3978	18
3979	18
3980	18
3981	18
3982	19
3983	19
3984	18
3985	18
3986	18
3987	18
3988	18
3989	20
3990	20
3991	19
3992	19
3993	20
3994	21
3995	21
3996	22
3997	22
3998	22
3999	21
4000	21
4001	20
4002	20
4003	21
4004	21
4005	22
4006	21
4007	22
4008	20
4009	20
4010	20
4011	20
4012	20
4013	20
4014	20
4015	20
4016	20
4017	20
4018	20
4019	20
4020	21
4021	21
4022	21
4023	21
4024	21
4025	22
4026	22
4027	24
4028	24
4029	24
4030	24
4031	24
4032	24
4033	24
4034	23
4035	23
4036	23
4037	23
4038	24
4039	24
4040	24
4041	22
4042	22
4043	22
4044	20
4045	20
4046	20
4047	20
4048	20
4049	20
4050	20
4051	20
4052	20
4053	20
4054	20
4055	19
4056	19
4057	19
4058	19
4059	19
4060	19
4061	18
4062	18
4063	18
4064	19
4065	19
4066	17
4067	17
4068	17
4069	17
4070	17
4071	17
4072	18
4073	18
4074	20
4075	20
4076	22
4077	21
4078	21
4079	21
4080	21
4081	21
4082	21
4083	21
4084	21
4085	21
4086	21
4087	21
4088	21
4089	20
4090	19
4091	19
4092	19
4093	19
4094	19
4095	19
4096	19
4097	19
4098	21
4099	21
4100	21
4101	21
4102	21
4103	23
4104	24
4105	25
4106	25
4107	26
4108	26
4109	26
4110	26
4111	26
4112	26
4113	27
4114	27
4115	27
4116	27
4117	27
4118	27
4119	27
4120	27
4121	27
4122	27
4123	27
4124	27
4125	27
4126	27
4127	27
4128	27
4129	28
4130	28
4131	29
4132	29
4133	29
4134	29
4135	28
4136	29
4137	30
4138	29
4139	29
4140	29
4141	29
4142	29
4143	29
4144	30
4145	30
4146	30
4147	31
4148	32
4149	32
4150	32
4151	32
4152	32
4153	32
4154	32
4155	32
4156	32
4157	32
4158	32
4159	31
4160	31
4161	31
4162	31
4163	32
4164	32
4165	32
4166	32
4167	32
4168	32
4169	31
4170	30
4171	30
4172	30
4173	30
4174	30
4175	30
4176	30
4177	31
4178	31
4179	31
4180	31
4181	31
4182	31
4183	31
4184	31
4185	31
4186	31
4187	30
4188	29
4189	29
4190	29
4191	29
4192	26
4193	26
4194	25
4195	24
4196	23
4197	23
4198	23
4199	23
4200	23
4201	22
4202	22
4203	22
4204	22
4205	22
4206	22
4207	22
4208	22
4209	22
4210	22
4211	22
4212	22
4213	22
4214	21
4215	21
4216	21
4217	21
4218	20
4219	20
4220	20
4221	20
4222	21
4223	20
4224	20
4225	19
4226	19
4227	19
4228	19
4229	19
4230	19
4231	19
4232	19
4233	19
4234	19
4235	19
4236	19
4237	19
4238	20
4239	20
4240	21
4241	21
4242	21
4243	20
4244	20
4245	20
4246	20
4247	20
4248	20
4249	20
4250	20
4251	20
4252	19
4253	19
4254	19
4255	19
4256	19
4257	18
4258	18
4259	18
4260	18
4261	18
4262	19
4263	19
4264	19
4265	19
4266	19
4267	19
4268	19
4269	19
4270	17
4271	17
4272	16
4273	16
4274	16
4275	15
4276	15
4277	15
4278	16
4279	16
4280	16
4281	16
4282	16
4283	16
4284	16
4285	16
4286	17
4287	17
4288	18
4289	18
4290	18
4291	17
4292	17
4293	17
4294	17
4295	17
4296	17
4297	17
4298	17
4299	17
4300	17
4301	17
4302	17
4303	17
4304	17
4305	16
4306	16
4307	17
4308	17
4309	18
4310	18
4311	18
4312	17
4313	17
4314	17
4315	17
4316	17
4317	17
4318	17
4319	15
4320	15
4321	15
4322	15
4323	15
4324	16
4325	16
4326	16
4327	16
4328	16
4329	16
4330	16
4331	16
4332	16
4333	15
4334	15
4335	14
4336	14
4337	14
4338	14
4339	14
4340	14
4341	14
4342	14
4343	14
4344	14
4345	14
4346	14
4347	15
4348	15
4349	15
4350	15
4351	15
4352	15
4353	13
4354	13
4355	12
4356	12
4357	12
4358	13
4359	13
4360	13
4361	13
4362	13
4363	13
4364	13
4365	13
4366	13
4367	13
4368	14
4369	14
4370	14
4371	14
4372	15
4373	15
4374	15
4375	15
4376	15
4377	16
4378	15
4379	15
4380	15
4381	15
4382	15
4383	15
4384	15
4385	15
4386	15
4387	16
4388	16
4389	17
4390	17
4391	17
4392	17
4393	16
4394	16
4395	16
4396	15
4397	15
4398	15
4399	15
4400	16
4401	16
4402	16
4403	16
4404	15
4405	15
4406	15
4407	15
4408	16
4409	17
4410	17
4411	17
4412	17
4413	17
4414	16
4415	16
4416	16
4417	16
4418	16
4419	16
4420	15
4421	15
4422	15
4423	15
4424	15
4425	16
4426	17
4427	17
4428	18
4429	18
4430	18
4431	19
4432	19
4433	19
4434	19
4435	19
4436	21
4437	21
4438	21
4439	20
4440	20
4441	20
4442	21
4443	21
4444	21
4445	21
4446	21
4447	21
4448	22
4449	22
4450	22
4451	22
4452	22
4453	22
4454	22
4455	22
4456	22
4457	22
4458	22
4459	23
4460	23
4461	23
4462	23
4463	23
4464	23
4465	23
4466	23
4467	24
4468	25
4469	25
4470	25
4471	26
4472	27
4473	27
4474	27
4475	27
4476	26
4477	26
4478	26
4479	26
4480	27
4481	26
4482	26
4483	26
4484	27
4485	26
4486	26
4487	26
4488	26
4489	26
4490	25
4491	25
4492	25
4493	25
4494	25
4495	25
4496	25
4497	25
4498	24
4499	24
4500	24
4501	24
4502	24
4503	24
4504	24
4505	24
4506	24
4507	24
4508	25
4509	25
4510	25
4511	25
4512	26
4513	26
4514	27
4515	27
4516	27
4517	27
4518	26
4519	26
4520	26
4521	26
4522	26
4523	26
4524	25
4525	25
4526	25
4527	25
4528	25
4529	25
4530	25
4531	25
4532	25
4533	25
4534	25
4535	26
4536	26
4537	26
4538	24
4539	24
4540	24
4541	24
4542	25
4543	25
4544	25
4545	25
4546	26
4547	27
4548	27
4549	27
4550	27
4551	27
4552	27
4553	28
4554	28
4555	28
4556	30
4557	29
4558	29
4559	29
4560	28
4561	28
4562	28
4563	28
4564	28
4565	28
4566	28
4567	28
4568	29
4569	29
4570	28
4571	29
4572	29
4573	29
4574	29
4575	29
4576	30
4577	30
4578	30
4579	31
4580	31
4581	31
4582	32
4583	32
4584	32
4585	32
4586	33
4587	32
4588	32
4589	32
4590	33
4591	33
4592	33
4593	33
4594	34
4595	33
4596	33
4597	33
4598	33
4599	32
4600	32
4601	31
4602	30
4603	29
4604	28
4605	27
4606	26
4607	26
4608	25
4609	25
4610	25
4611	25
4612	25
4613	24
4614	24
4615	24
4616	24
4617	24
4618	24
4619	24
4620	24
4621	25
4622	25
4623	26
4624	25
4625	25
4626	25
4627	25
4628	25
4629	25
4630	25
4631	25
4632	25
4633	25
4634	26
4635	26
4636	26
4637	26
4638	26
4639	27
4640	27
4641	27
4642	28
4643	28
4644	28
4645	28
4646	28
4647	28
4648	28
4649	28
4650	28
4651	28
4652	28
4653	28
4654	28
4655	27
4656	27
4657	27
4658	29
4659	29
4660	28
4661	27
4662	27
4663	27
4664	28
4665	28
4666	27
4667	26
4668	26
4669	26
4670	25
4671	25
4672	25
4673	24
4674	24
4675	24
4676	25
4677	27
4678	28
4679	28
4680	29
4681	29
4682	29
4683	29
4684	29
4685	29
4686	29
4687	29
4688	29
4689	29
4690	29
4691	29
4692	28
4693	28
4694	27
4695	27
4696	25
4697	25
4698	25
4699	25
4700	25
4701	25
4702	24
4703	25
4704	25
4705	26
4706	27
4707	25
4708	25
4709	25
4710	25
4711	25
4712	24
4713	24
4714	25
4715	24
4716	24
4717	24
4718	24
4719	24
4720	24
4721	24
4722	23
4723	23
4724	23
4725	23
4726	23
4727	23
4728	22
4729	22
4730	21
4731	21
4732	21
4733	20
4734	21
4735	21
4736	21
4737	22
4738	22
4739	22
4740	22
4741	22
4742	22
4743	22
4744	22
4745	22
4746	22
4747	22
4748	22
4749	21
4750	21
4751	21
4752	20
4753	20
4754	20
4755	20
4756	20
4757	20
4758	20
4759	20
4760	20
4761	20
4762	20
4763	20
4764	20
4765	20
4766	20
4767	20
4768	20
4769	20
4770	20
4771	20
4772	20
4773	20
4774	20
4775	20
4776	19
4777	19
4778	20
4779	21
4780	21
4781	21
4782	21
4783	22
4784	22
4785	22
4786	22
4787	22
4788	22
4789	22
4790	22
4791	21
4792	21
4793	20
4794	20
4795	20
4796	20
4797	20
4798	20
4799	20
4800	21
4801	22
4802	22
4803	21
4804	20
4805	20
4806	20
4807	20
4808	20
4809	20
4810	22
4811	22
4812	23
4813	23
4814	23
4815	23
4816	22
4817	22
4818	22
4819	22
4820	23
4821	23
4822	23
4823	23
4824	23
4825	23
4826	23
4827	23
4828	24
4829	23
4830	23
4831	23
4832	23
4833	23
4834	24
4835	23
4836	23
4837	22
4838	23
4839	22
4840	22
4841	22
4842	22
4843	22
4844	22
4845	22
4846	22
4847	22
4848	23
4849	23
4850	23
4851	23
4852	23
4853	23
4854	23
4855	23
4856	23
4857	23
4858	24
4859	24
4860	24
4861	23
4862	23
4863	23
4864	23
4865	23
4866	23
4867	23
4868	23
4869	23
4870	23
4871	22
4872	22
4873	22
4874	22
4875	22
4876	22
4877	22
4878	22
4879	22
4880	22
4881	22
4882	22
4883	22
4884	22
4885	23
4886	23
4887	23
4888	23
4889	23
4890	23
4891	23
4892	23
4893	23
4894	24
4895	24
4896	24
4897	24
4898	24
4899	23
4900	23
4901	23
4902	23
4903	22
4904	21
4905	22
4906	22
4907	22
4908	22
4909	22
4910	22
4911	22
4912	22
4913	22
4914	22
4915	22
4916	23
4917	23
4918	23
4919	23
4920	23
4921	23
4922	24
4923	24
4924	24
4925	23
4926	23
4927	23
4928	23
4929	23
4930	23
4931	23
4932	23
4933	24
4934	24
4935	24
4936	24
4937	24
4938	24
4939	24
4940	25
4941	25
4942	25
4943	25
4944	25
4945	25
4946	25
4947	25
4948	25
4949	26
4950	26
4951	26
4952	26
4953	26
4954	26
4955	26
4956	26
4957	26
4958	25
4959	25
4960	25
4961	26
4962	26
4963	26
4964	27
4965	27
4966	27
4967	27
4968	27
4969	27
4970	27
4971	27
4972	27
4973	27
4974	28
4975	29
4976	29
4977	28
4978	29
4979	31
4980	32
4981	32
4982	32
4983	32
4984	30
4985	30
4986	30
4987	30
4988	30
4989	30
4990	30
4991	30
4992	30
4993	30
4994	30
4995	29
4996	29
4997	29
4998	29
4999	29
5000	29
5001	29
5002	29
5003	29
5004	29
5005	29
5006	30
5007	29
5008	29
5009	29
5010	29
5011	29
5012	29
5013	29
5014	29
5015	29
5016	30
5017	30
5018	29
5019	29
5020	29
5021	28
5022	28
5023	28
5024	28
5025	28
5026	28
5027	27
5028	27
5029	27
5030	27
5031	27
5032	27
5033	26
5034	27
5035	27
5036	28
5037	28
5038	27
5039	28
5040	28
5041	28
5042	27
5043	27
5044	27
5045	27
5046	26
5047	25
5048	25
5049	25
5050	25
5051	23
5052	23
5053	23
5054	23
5055	26
5056	25
5057	25
5058	25
5059	24
5060	24
5061	23
5062	24
5063	25
5064	25
5065	25
5066	25
5067	25
5068	26
5069	26
5070	24
5071	26
5072	27
5073	27
5074	27
5075	27
5076	27
5077	26
5078	26
5079	27
5080	27
5081	28
5082	28
5083	27
5084	27
5085	27
5086	27
5087	27
5088	27
5089	27
5090	27
5091	27
5092	28
5093	28
5094	28
5095	28
5096	28
5097	28
5098	29
5099	29
5100	29
5101	30
5102	30
5103	29
5104	29
5105	29
5106	29
5107	29
5108	30
5109	30
5110	30
5111	30
5112	30
5113	30
5114	30
5115	29
5116	29
5117	29
5118	29
5119	29
5120	28
5121	27
5122	27
5123	26
5124	26
5125	26
5126	26
5127	26
5128	26
5129	26
5130	26
5131	26
5132	26
5133	26
5134	26
5135	26
5136	26
5137	25
5138	25
5139	26
5140	26
5141	26
5142	26
5143	26
5144	26
5145	26
5146	26
5147	26
5148	26
5149	26
5150	26
5151	23
5152	22
5153	22
5154	23
5155	23
5156	24
5157	24
5158	25
5159	25
5160	25
5161	24
5162	24
5163	24
5164	24
5165	24
5166	23
5167	23
5168	23
5169	23
5170	23
5171	24
5172	24
5173	24
5174	24
5175	24
5176	24
5177	24
5178	24
5179	24
5180	24
5181	23
5182	23
5183	24
5184	23
5185	24
5186	24
5187	24
5188	23
5189	23
5190	23
5191	23
5192	23
5193	23
5194	22
5195	22
5196	22
5197	22
5198	23
5199	23
5200	23
5201	23
5202	23
5203	24
5204	24
5205	24
5206	24
5207	24
5208	24
5209	24
5210	24
5211	23
5212	23
5213	24
5214	24
5215	24
5216	24
5217	24
5218	24
5219	24
5220	24
5221	24
5222	23
5223	23
5224	23
5225	23
5226	23
5227	23
5228	22
5229	21
5230	21
5231	20
5232	18
5233	17
5234	17
5235	17
5236	17
5237	17
5238	17
5239	17
5240	17
5241	18
5242	18
5243	18
5244	18
5245	18
5246	20
5247	21
5248	21
5249	21
5250	20
5251	20
5252	20
5253	20
5254	19
5255	18
5256	18
5257	18
5258	18
5259	18
5260	18
5261	18
5262	18
5263	18
5264	18
5265	18
5266	18
5267	18
5268	19
5269	19
5270	19
5271	19
5272	19
5273	19
5274	19
5275	19
5276	20
5277	20
5278	19
5279	19
5280	18
5281	18
5282	18
5283	17
5284	16
5285	16
5286	16
5287	16
5288	16
5289	18
5290	18
5291	18
5292	18
5293	18
5294	18
5295	19
5296	19
5297	19
5298	20
5299	20
5300	20
5301	20
5302	20
5303	20
5304	20
5305	21
5306	21
5307	20
5308	20
5309	20
5310	20
5311	19
5312	19
5313	19
5314	19
5315	19
5316	18
5317	18
5318	18
5319	18
5320	18
5321	17
5322	17
5323	17
5324	17
5325	17
5326	17
5327	17
5328	17
5329	17
5330	17
5331	17
5332	17
5333	17
5334	17
5335	17
5336	17
5337	17
5338	17
5339	17
5340	18
5341	18
5342	18
5343	16
5344	16
5345	15
5346	15
5347	15
5348	15
5349	15
5350	15
5351	15
5352	15
5353	14
5354	14
5355	14
5356	14
5357	14
5358	14
5359	14
5360	13
5361	13
5362	13
5363	13
5364	14
5365	14
5366	16
5367	15
5368	15
5369	15
5370	15
5371	15
5372	15
5373	15
5374	15
5375	15
5376	15
5377	15
5378	15
5379	15
5380	15
5381	15
5382	15
5383	15
5384	15
5385	15
5386	15
5387	15
5388	15
5389	15
5390	16
5391	16
5392	16
5393	16
5394	16
5395	15
5396	14
5397	15
5398	15
5399	15
5400	15
5401	15
5402	15
5403	15
5404	15
5405	15
5406	16
5407	16
5408	16
5409	17
5410	17
5411	17
5412	17
5413	17
5414	17
5415	17
5416	17
5417	17
5418	18
5419	18
5420	19
5421	19
5422	20
5423	20
5424	20
5425	20
5426	19
5427	18
5428	18
5429	18
5430	18
5431	18
5432	18
5433	18
5434	18
5435	18
5436	18
5437	18
5438	18
5439	18
5440	18
5441	17
5442	17
5443	17
5444	17
5445	17
5446	17
5447	17
5448	17
5449	16
5450	17
5451	17
5452	17
5453	17
5454	17
5455	17
5456	17
5457	17
5458	18
5459	18
5460	18
5461	18
5462	18
5463	17
5464	17
5465	16
5466	16
5467	16
5468	16
5469	16
5470	16
5471	16
5472	16
5473	16
5474	17
5475	17
5476	17
5477	17
5478	16
5479	16
5480	15
5481	15
5482	16
5483	18
5484	18
5485	19
5486	19
5487	19
5488	18
5489	19
5490	20
5491	20
5492	20
5493	19
5494	19
5495	19
5496	20
5497	21
5498	21
5499	21
5500	21
5501	21
5502	21
5503	20
5504	21
5505	20
5506	20
5507	19
5508	19
5509	18
5510	18
5511	18
5512	18
5513	16
5514	16
5515	16
5516	16
5517	16
5518	16
5519	16
5520	15
5521	15
5522	15
5523	15
5524	15
5525	15
5526	15
5527	14
5528	13
5529	14
5530	15
5531	15
5532	16
5533	16
5534	16
5535	15
5536	14
5537	14
5538	14
5539	14
5540	14
5541	14
5542	14
5543	14
5544	15
5545	16
5546	16
5547	16
5548	16
5549	16
5550	16
5551	16
5552	16
5553	16
5554	16
5555	16
5556	16
5557	16
5558	16
5559	16
5560	16
5561	16
5562	17
5563	17
5564	17
5565	17
5566	16
5567	17
5568	17
5569	17
5570	17
5571	17
5572	18
5573	18
5574	18
5575	18
5576	18
5577	18
5578	18
5579	18
5580	18
5581	18
5582	18
5583	18
5584	18
5585	18
5586	18
5587	18
5588	18
5589	17
5590	16
5591	16
5592	16
5593	16
5594	16
5595	16
5596	16
5597	16
5598	16
5599	16
5600	16
5601	16
5602	17
5603	17
5604	17
5605	17
5606	18
5607	18
5608	17
5609	17
5610	17
5611	17
5612	17
5613	17
5614	17
5615	16
5616	16
5617	17
5618	17
5619	17
5620	17
5621	17
5622	17
5623	17
5624	17
5625	17
5626	17
5627	17
5628	17
5629	17
5630	17
5631	17
5632	17
5633	17
5634	17
5635	17
5636	17
5637	17
5638	17
5639	17
5640	17
5641	17
5642	17
5643	17
5644	17
5645	17
5646	17
5647	17
5648	17
5649	17
5650	16
5651	16
5652	16
5653	15
5654	15
5655	15
5656	15
5657	15
5658	15
5659	15
5660	15
5661	15
5662	17
5663	17
5664	17
5665	17
5666	16
5667	16
5668	16
5669	16
5670	15
5671	15
5672	15
5673	15
5674	15
5675	15
5676	15
5677	15
5678	15
5679	15
5680	15
5681	15
5682	13
5683	14
5684	14
5685	14
5686	14
5687	14
5688	14
5689	14
5690	14
5691	15
5692	15
5693	15
5694	15
5695	15
5696	15
5697	15
5698	15
5699	15
5700	15
5701	15
5702	16
5703	16
5704	16
5705	15
5706	15
5707	15
5708	15
5709	15
5710	15
5711	15
5712	15
5713	15
5714	15
5715	15
5716	15
5717	15
5718	15
5719	15
5720	15
5721	14
5722	14
5723	13
5724	13
5725	13
5726	13
5727	13
5728	13
5729	13
5730	13
5731	13
5732	13
5733	12
5734	12
5735	12
5736	12
5737	12
5738	12
5739	12
5740	12
5741	13
5742	13
5743	13
5744	13
5745	13
5746	13
5747	13
5748	13
5749	12
5750	12
5751	12
5752	12
5753	12
5754	13
5755	12
5756	12
5757	12
5758	13
5759	13
5760	13
5761	13
5762	13
5763	14
5764	14
5765	13
5766	15
5767	15
5768	15
5769	14
5770	14
5771	14
5772	14
5773	14
5774	14
5775	14
5776	15
5777	15
5778	15
5779	15
5780	15
5781	16
5782	16
5783	15
5784	15
5785	15
5786	14
5787	14
5788	14
5789	14
5790	14
5791	14
5792	14
5793	14
5794	15
5795	15
5796	16
5797	16
5798	16
5799	16
5800	16
5801	16
5802	16
5803	16
5804	16
5805	16
5806	16
5807	16
5808	16
5809	16
5810	16
5811	16
5812	16
5813	16
5814	16
5815	16
5816	16
5817	15
5818	15
5819	16
5820	16
5821	16
5822	16
5823	16
5824	16
5825	18
5826	18
5827	18
5828	19
5829	18
5830	18
5831	18
5832	19
5833	19
5834	20
5835	20
5836	20
5837	20
5838	21
5839	21
5840	21
5841	20
5842	20
5843	20
5844	20
5845	20
5846	20
5847	20
5848	20
5849	20
5850	20
5851	20
5852	20
5853	19
5854	19
5855	19
5856	19
5857	19
5858	19
5859	19
5860	19
5861	19
5862	19
5863	19
5864	19
5865	19
5866	19
5867	18
5868	18
5869	18
5870	18
5871	18
5872	18
5873	18
5874	17
5875	17
5876	17
5877	17
5878	17
5879	17
5880	18
5881	17
5882	17
5883	17
5884	17
5885	17
5886	17
5887	16
5888	17
5889	17
5890	17
5891	17
5892	17
5893	17
5894	17
5895	17
5896	17
5897	18
5898	18
5899	18
5900	18
5901	19
5902	18
5903	18
5904	18
5905	19
5906	19
5907	19
5908	19
5909	20
5910	20
5911	20
5912	21
5913	21
5914	20
5915	21
5916	21
5917	21
5918	21
5919	21
5920	21
5921	21
5922	21
5923	21
5924	21
5925	21
5926	21
5927	20
5928	20
5929	20
5930	20
5931	19
5932	19
5933	19
5934	19
5935	19
5936	20
5937	20
5938	20
5939	20
5940	21
5941	21
5942	21
5943	21
5944	21
5945	21
5946	21
5947	21
5948	21
5949	21
5950	21
5951	22
5952	21
5953	20
5954	21
5955	20
5956	20
5957	22
5958	22
5959	22
5960	22
5961	21
5962	20
5963	20
5964	20
5965	20
5966	20
5967	20
5968	20
5969	20
5970	20
5971	20
5972	20
5973	20
5974	20
5975	20
5976	19
5977	19
5978	20
5979	21
5980	21
5981	21
5982	21
5983	22
5984	22
5985	22
5986	23
5987	23
5988	23
5989	23
5990	23
5991	23
5992	23
5993	23
5994	23
5995	23
5996	23
5997	23
5998	23
5999	23
6000	23
6001	22
6002	22
6003	22
6004	21
6005	20
6006	20
6007	21
6008	21
6009	21
6010	21
6011	21
6012	22
6013	22
6014	22
6015	22
6016	22
6017	22
6018	22
6019	22
6020	22
6021	22
6022	22
6023	22
6024	22
6025	22
6026	21
6027	21
6028	21
6029	21
6030	21
6031	21
6032	21
6033	21
6034	21
6035	21
6036	21
6037	19
6038	19
6039	19
6040	19
6041	19
6042	18
6043	18
6044	18
6045	18
6046	18
6047	18
6048	18
6049	18
6050	19
6051	20
6052	20
6053	20
6054	20
6055	20
6056	20
6057	20
6058	21
6059	21
6060	21
6061	22
6062	23
6063	24
6064	24
6065	24
6066	24
6067	24
6068	24
6069	24
6070	24
6071	25
6072	26
6073	26
6074	26
6075	26
6076	26
6077	26
6078	26
6079	26
6080	26
6081	26
6082	25
6083	25
6084	25
6085	25
6086	25
6087	25
6088	24
6089	23
6090	24
6091	24
6092	24
6093	25
6094	25
6095	25
6096	23
6097	23
6098	23
6099	23
6100	23
6101	23
6102	24
6103	25
6104	25
6105	26
6106	26
6107	25
6108	25
6109	26
6110	26
6111	25
6112	26
6113	26
6114	26
6115	26
6116	27
6117	27
6118	27
6119	27
6120	27
6121	26
6122	26
6123	26
6124	26
6125	25
6126	26
6127	26
6128	26
6129	26
6130	26
6131	26
6132	26
6133	26
6134	27
6135	27
6136	27
6137	27
6138	28
6139	28
6140	27
6141	27
6142	27
6143	27
6144	27
6145	27
6146	28
6147	28
6148	28
6149	28
6150	28
6151	27
6152	27
6153	27
6154	27
6155	28
6156	28
6157	28
6158	28
6159	28
6160	28
6161	28
6162	28
6163	28
6164	28
6165	28
6166	27
6167	26
6168	27
6169	27
6170	27
6171	25
6172	25
6173	25
6174	25
6175	26
6176	26
6177	26
6178	26
6179	27
6180	27
6181	27
6182	27
6183	27
6184	28
6185	28
6186	26
6187	26
6188	26
6189	25
6190	25
6191	25
6192	25
6193	25
6194	25
6195	25
6196	25
6197	25
6198	25
6199	25
6200	26
6201	26
6202	26
6203	26
6204	26
6205	25
6206	25
6207	25
6208	25
6209	25
6210	24
6211	25
6212	25
6213	26
6214	26
6215	26
6216	26
6217	26
6218	26
6219	25
6220	25
6221	25
6222	25
6223	26
6224	26
6225	26
6226	26
6227	26
6228	26
6229	25
6230	25
6231	26
6232	26
6233	26
6234	27
6235	27
6236	25
6237	25
6238	25
6239	25
6240	25
6241	25
6242	24
6243	23
6244	23
6245	23
6246	24
6247	24
6248	26
6249	27
6250	26
6251	26
6252	26
6253	26
6254	26
6255	26
6256	26
6257	25
6258	25
6259	25
6260	23
6261	22
6262	22
6263	23
6264	24
6265	24
6266	24
6267	24
6268	24
6269	24
6270	24
6271	24
6272	24
6273	23
6274	23
6275	23
6276	25
6277	25
6278	25
6279	25
6280	25
6281	25
6282	25
6283	25
6284	25
6285	26
6286	26
6287	27
6288	27
6289	27
6290	28
6291	26
6292	26
6293	26
6294	27
6295	27
6296	27
6297	27
6298	28
6299	28
6300	28
6301	28
6302	28
6303	28
6304	28
6305	28
6306	26
6307	26
6308	24
6309	24
6310	24
6311	25
6312	25
6313	26
6314	27
6315	28
6316	30
6317	30
6318	30
6319	29
6320	29
6321	29
6322	29
6323	29
6324	29
6325	29
6326	29
6327	29
6328	30
6329	30
6330	31
6331	31
6332	31
6333	31
6334	31
6335	30
6336	31
6337	31
6338	30
6339	31
6340	32
6341	32
6342	32
6343	32
6344	32
6345	32
6346	32
6347	32
6348	32
6349	32
6350	32
6351	32
6352	32
6353	31
6354	32
6355	32
6356	31
6357	31
6358	31
6359	31
6360	31
6361	31
6362	31
6363	31
6364	31
6365	31
6366	31
6367	31
6368	31
6369	30
6370	30
6371	30
6372	30
6373	30
6374	30
6375	29
6376	27
6377	27
6378	27
6379	27
6380	27
6381	27
6382	27
6383	27
6384	29
6385	29
6386	29
6387	29
6388	29
6389	29
6390	29
6391	29
6392	29
6393	28
6394	28
6395	29
6396	29
6397	29
6398	29
6399	29
6400	30
6401	30
6402	31
6403	31
6404	30
6405	30
6406	29
6407	28
6408	28
6409	29
6410	29
6411	29
6412	30
6413	29
6414	29
6415	29
6416	29
6417	29
6418	30
6419	30
6420	30
6421	30
6422	30
6423	30
6424	30
6425	29
6426	29
6427	29
6428	29
6429	29
6430	29
6431	27
6432	27
6433	27
6434	27
6435	27
6436	27
6437	27
6438	27
6439	27
6440	27
6441	27
6442	27
6443	26
6444	26
6445	27
6446	27
6447	26
6448	26
6449	26
6450	26
6451	26
6452	26
6453	26
6454	26
6455	25
6456	26
6457	25
6458	25
6459	23
6460	23
6461	23
6462	24
6463	24
6464	24
6465	24
6466	24
6467	23
6468	23
6469	23
6470	23
6471	23
6472	23
6473	23
6474	23
6475	23
6476	23
6477	22
6478	22
6479	22
6480	21
6481	20
6482	20
6483	19
6484	19
6485	19
6486	20
6487	20
6488	20
6489	19
6490	19
6491	19
6492	19
6493	20
6494	19
6495	19
6496	19
6497	19
6498	18
6499	18
6500	17
6501	17
6502	17
6503	17
6504	17
6505	17
6506	17
6507	17
6508	17
6509	17
6510	18
6511	17
6512	17
6513	17
6514	17
6515	17
6516	15
6517	16
6518	16
6519	16
6520	16
6521	16
6522	17
6523	17
6524	17
6525	18
6526	18
6527	17
6528	17
6529	17
6530	17
6531	17
6532	17
6533	17
6534	17
6535	17
6536	17
6537	17
6538	16
6539	16
6540	16
6541	16
6542	15
6543	15
6544	15
6545	14
6546	14
6547	14
6548	14
6549	14
6550	14
6551	13
6552	13
6553	13
6554	13
6555	13
6556	13
6557	13
6558	13
6559	12
6560	12
6561	12
6562	13
6563	13
6564	13
6565	13
6566	13
6567	13
6568	13
6569	13
6570	13
6571	13
6572	13
6573	13
6574	14
6575	14
6576	14
6577	14
6578	14
6579	14
6580	14
6581	14
6582	14
6583	14
6584	13
6585	13
6586	14
6587	14
6588	14
6589	15
6590	15
6591	17
6592	17
6593	17
6594	18
6595	17
6596	17
6597	17
6598	17
6599	17
6600	17
6601	17
6602	17
6603	17
6604	17
6605	17
6606	17
6607	17
6608	17
6609	17
6610	18
6611	18
6612	18
6613	18
6614	18
6615	18
6616	18
6617	19
6618	20
6619	20
6620	20
6621	20
6622	21
6623	21
6624	21
6625	21
6626	21
6627	21
6628	21
6629	21
6630	20
6631	20
6632	19
6633	19
6634	19
6635	19
6636	19
6637	19
6638	19
6639	20
6640	20
6641	20
6642	20
6643	20
6644	20
6645	20
6646	20
6647	20
6648	21
6649	21
6650	21
6651	22
6652	22
6653	22
6654	22
6655	22
6656	21
6657	21
6658	20
6659	20
6660	20
6661	20
6662	19
6663	19
6664	20
6665	20
6666	21
6667	21
6668	20
6669	20
6670	20
6671	20
6672	20
6673	20
6674	19
6675	19
6676	19
6677	19
6678	19
6679	19
6680	19
6681	19
6682	19
6683	19
6684	18
6685	18
6686	19
6687	19
6688	19
6689	19
6690	19
6691	19
6692	19
6693	19
6694	19
6695	19
6696	19
6697	19
6698	19
6699	20
6700	19
6701	19
6702	20
6703	20
6704	20
6705	20
6706	20
6707	20
6708	18
6709	18
6710	18
6711	18
6712	19
6713	20
6714	20
6715	20
6716	20
6717	20
6718	20
6719	19
6720	19
6721	19
6722	20
6723	20
6724	20
6725	20
6726	18
6727	19
6728	19
6729	18
6730	18
6731	18
6732	19
6733	19
6734	19
6735	20
6736	22
6737	22
6738	23
6739	25
6740	25
6741	26
6742	26
6743	26
6744	25
6745	26
6746	26
6747	26
6748	26
6749	26
6750	26
6751	25
6752	26
6753	26
6754	26
6755	26
6756	26
6757	26
6758	26
6759	27
6760	27
6761	27
6762	26
6763	26
6764	26
6765	26
6766	26
6767	26
6768	26
6769	26
6770	26
6771	26
6772	26
6773	26
6774	26
6775	26
6776	26
6777	26
6778	26
6779	26
6780	26
6781	26
6782	25
6783	25
6784	25
6785	25
6786	24
6787	24
6788	24
6789	24
6790	24
6791	24
6792	23
6793	23
6794	23
6795	22
6796	21
6797	21
6798	20
6799	20
6800	20
6801	20
6802	20
6803	20
6804	21
6805	21
6806	22
6807	23
6808	23
6809	23
6810	23
6811	22
6812	22
6813	21
6814	21
6815	21
6816	21
6817	20
6818	20
6819	20
6820	20
6821	20
6822	20
6823	20
6824	20
6825	20
6826	19
6827	19
6828	19
6829	19
6830	19
6831	18
6832	18
6833	17
6834	18
6835	18
6836	18
6837	18
6838	18
6839	18
6840	18
6841	18
6842	18
6843	18
6844	18
6845	18
6846	18
6847	18
6848	18
6849	18
6850	18
6851	18
6852	18
6853	18
6854	18
6855	18
6856	17
6857	17
6858	17
6859	17
6860	17
6861	17
6862	17
6863	17
6864	17
6865	17
6866	17
6867	18
6868	18
6869	18
6870	18
6871	18
6872	18
6873	18
6874	18
6875	17
6876	17
6877	17
6878	17
6879	17
6880	17
6881	17
6882	17
6883	17
6884	17
6885	17
6886	17
6887	17
6888	17
6889	17
6890	17
6891	16
6892	16
6893	16
6894	16
6895	16
6896	16
6897	16
6898	16
6899	16
6900	16
6901	16
6902	16
6903	16
6904	16
6905	16
6906	16
6907	16
6908	16
6909	15
6910	15
6911	14
6912	14
6913	14
6914	14
6915	14
6916	15
6917	15
6918	15
6919	15
6920	15
6921	15
6922	15
6923	15
6924	14
6925	14
6926	13
6927	13
6928	13
6929	13
6930	13
6931	12
6932	12
6933	12
6934	14
6935	14
6936	14
6937	13
6938	13
6939	12
6940	12
6941	12
6942	12
6943	12
6944	12
6945	12
6946	12
6947	13
6948	13
6949	13
6950	13
6951	13
6952	13
6953	13
6954	13
6955	13
6956	12
6957	12
6958	12
6959	12
6960	12
6961	12
6962	12
6963	12
6964	12
6965	13
6966	13
6967	12
6968	12
6969	12
6970	10
6971	10
6972	10
6973	10
6974	10
6975	10
6976	9
6977	9
6978	9
6979	9
6980	9
6981	9
6982	9
6983	9
6984	9
6985	9
6986	9
6987	9
6988	9
6989	9
6990	9
6991	9
6992	9
6993	9
6994	9
6995	9
6996	9
6997	9
6998	9
6999	9
7000	9
7001	8
7002	8
7003	8
7004	8
7005	8
7006	8
7007	8
7008	8
7009	8
7010	8
7011	8
7012	8
7013	8
7014	8
7015	8
7016	8
7017	8
7018	8
7019	8
7020	8
7021	8
7022	8
7023	8
7024	8
7025	8
7026	8
7027	8
7028	8
7029	8
7030	8
7031	8
7032	8
7033	8
7034	8
7035	8
7036	8
7037	8
7038	8
7039	8
7040	8
7041	8
7042	8
7043	8
7044	8
7045	8
7046	8
7047	8
7048	8
7049	8
7050	8
7051	8
7052	8
7053	8
7054	8
7055	8
7056	8
7057	7
7058	7
7059	7
7060	7
7061	7
7062	7
7063	7
7064	7
7065	7
7066	7
7067	7
7068	7
7069	7
7070	7
7071	7
7072	7
7073	7
7074	7
7075	7
7076	7
7077	6
7078	6
7079	6
7080	6
7081	6
7082	6
7083	6
7084	6
7085	6
7086	7
7087	7
7088	7
7089	7
7090	7
7091	7
7092	7
7093	7
7094	7
7095	7
7096	7
7097	7
7098	7
7099	7
7100	7
7101	7
7102	7
7103	7
7104	7
7105	7
7106	7
7107	7
7108	6
7109	6
7110	6
7111	6
7112	6
7113	6
7114	6
7115	6
7116	6
7117	6
7118	6
7119	6
7120	5
7121	5
7122	5
7123	5
7124	5
7125	5
7126	5
7127	5
7128	4
7129	4
7130	4
7131	4
7132	4
7133	4
7134	4
7135	4
7136	4
7137	4
7138	4
7139	4
7140	4
7141	4
7142	4
7143	3
7144	4
7145	4
7146	4
7147	4
7148	4
7149	5
7150	5
7151	5
7152	5
7153	5
7154	5
7155	5
7156	5
7157	5
7158	5
7159	5
7160	5
7161	5
7162	5
7163	5
7164	5
7165	5
7166	5
7167	6
7168	6
7169	6
7170	6
7171	6
7172	6
7173	6
7174	6
7175	6
7176	6
7177	6
7178	6
7179	6
7180	6
7181	6
7182	6
7183	6
7184	6
7185	6
7186	6
7187	6
7188	6
7189	6
7190	6
7191	6
7192	6
7193	6
7194	6
7195	6
7196	6
7197	6
7198	7
7199	8
7200	8
7201	8
7202	8
7203	8
7204	8
7205	8
7206	8
7207	8
7208	8
7209	8
7210	8
7211	8
7212	8
7213	8
7214	8
7215	8
7216	8
7217	8
7218	8
7219	8
7220	8
7221	7
7222	7
7223	7
7224	7
7225	7
7226	6
7227	6
7228	6
7229	6
7230	6
7231	6
7232	6
7233	6
7234	6
7235	6
7236	6
7237	6
7238	6
7239	6
7240	6
7241	6
7242	6
7243	6
7244	6
7245	6
7246	6
7247	6
7248	6
7249	6
7250	6
7251	6
7252	5
7253	5
7254	5
7255	5
7256	5
7257	5
7258	5
7259	5
7260	5
7261	4
7262	4
7263	4
7264	4
7265	4
7266	4
7267	4
7268	4
7269	4
7270	4
7271	4
7272	4
7273	4
7274	5
7275	5
7276	5
7277	5
7278	5
7279	5
7280	5
7281	5
7282	5
7283	5
7284	5
7285	5
7286	5
7287	5
7288	4
7289	4
7290	4
7291	4
7292	4
7293	4
7294	4
7295	4
7296	5
7297	5
7298	5
7299	5
7300	5
7301	5
7302	5
7303	5
7304	5
7305	5
7306	6
7307	6
7308	6
7309	6
7310	6
7311	6
7312	6
7313	6
7314	6
7315	6
7316	6
7317	6
7318	6
7319	6
7320	5
7321	6
7322	6
7323	6
7324	6
7325	6
7326	7
7327	7
7328	7
7329	7
7330	7
7331	7
7332	7
7333	7
7334	7
7335	7
7336	7
7337	8
7338	8
7339	8
7340	8
7341	8
7342	8
7343	8
7344	8
7345	8
7346	8
7347	8
7348	8
7349	8
7350	8
7351	8
7352	8
7353	8
7354	7
7355	7
7356	7
7357	7
7358	7
7359	7
7360	7
7361	7
7362	7
7363	7
7364	7
7365	7
7366	7
7367	7
7368	7
7369	7
7370	7
7371	7
7372	6
7373	6
7374	6
7375	6
7376	6
7377	6
7378	6
7379	6
7380	6
7381	6
7382	5
7383	4
7384	3
7385	3
7386	3
7387	3
7388	3
7389	3
7390	3
7391	4
7392	4
7393	4
7394	5
7395	5
7396	5
7397	5
7398	5
7399	5
7400	5
7401	5
7402	5
7403	5
7404	5
7405	5
7406	5
7407	5
7408	5
7409	5
7410	5
7411	5
7412	5
7413	5
7414	5
7415	5
7416	5
7417	5
7418	5
7419	5
7420	5
7421	5
7422	5
7423	5
7424	5
7425	5
7426	5
7427	5
7428	5
7429	5
7430	5
7431	5
7432	5
7433	5
7434	5
7435	5
7436	5
7437	5
7438	5
7439	5
7440	5
7441	5
7442	5
7443	4
7444	4
7445	4
7446	4
7447	4
7448	4
7449	4
7450	4
7451	4
7452	4
7453	4
7454	4
7455	4
7456	4
7457	4
7458	4
7459	4
7460	4
7461	4
7462	4
7463	4
7464	4
7465	4
7466	4
7467	4
7468	4
7469	4
7470	4
7471	4
7472	4
7473	4
7474	4
7475	4
7476	4
7477	4
7478	4
7479	4
7480	4
7481	3
7482	3
7483	3
7484	3
7485	3
7486	3
7487	3
7488	3
7489	3
7490	3
7491	3
7492	3
7493	3
7494	3
7495	3
7496	3
7497	3
7498	3
7499	3
7500	2
7501	2
7502	2
7503	2
7504	2
7505	2
7506	2
7507	2
7508	2
7509	2
7510	2
7511	2
7512	2
7513	2
7514	2
7515	2
7516	2
7517	2
7518	2
7519	2
7520	2
7521	3
7522	3
7523	4
7524	5
7525	5
7526	5
7527	5
7528	5
7529	5
7530	5
7531	5
7532	5
7533	5
7534	5
7535	5
7536	5
7537	5
7538	5
7539	5
7540	5
7541	5
7542	5
7543	6
7544	6
7545	6
7546	6
7547	6
7548	6
7549	6
7550	6
7551	6
7552	6
7553	6
7554	6
7555	6
7556	6
7557	6
7558	6
7559	6
7560	6
7561	6
7562	5
7563	5
7564	5
7565	5
7566	4
7567	3
7568	4
7569	3
7570	3
7571	3
7572	3
7573	3
7574	4
7575	4
7576	4
7577	5
7578	6
7579	6
7580	6
7581	6
7582	6
7583	6
7584	6
7585	6
7586	6
7587	6
7588	6
7589	6
7590	6
7591	6
7592	6
7593	6
7594	6
7595	6
7596	6
7597	6
7598	6
7599	6
7600	6
7601	5
7602	5
7603	5
7604	5
7605	5
7606	5
7607	5
7608	5
7609	5
7610	5
7611	5
7612	5
7613	5
7614	5
7615	5
7616	5
7617	5
7618	5
7619	5
7620	5
7621	6
7622	6
7623	6
7624	6
7625	6
7626	6
7627	6
7628	6
7629	6
7630	6
7631	6
7632	6
7633	6
7634	6
7635	6
7636	5
7637	5
7638	5
7639	5
7640	5
7641	5
7642	5
7643	5
7644	6
7645	6
7646	6
7647	6
7648	6
7649	6
7650	6
7651	6
7652	6
7653	6
7654	6
7655	6
7656	6
7657	6
7658	6
7659	6
7660	6
7661	6
7662	6
7663	6
7664	6
7665	6
7666	6
7667	6
7668	6
7669	6
7670	6
7671	6
7672	6
7673	6
7674	6
7675	6
7676	6
7677	6
7678	6
7679	6
7680	6
7681	6
7682	6
7683	6
7684	6
7685	6
7686	6
7687	6
7688	6
7689	6
7690	6
7691	6
7692	6
7693	6
7694	6
7695	6
7696	6
7697	6
7698	6
7699	6
7700	6
7701	6
7702	6
7703	6
7704	6
7705	6
7706	6
7707	5
7708	5
7709	5
7710	5
7711	5
7712	5
7713	5
7714	5
7715	5
7716	6
7717	6
7718	6
7719	6
7720	6
7721	6
7722	5
7723	5
7724	5
7725	5
7726	5
7727	5
7728	5
7729	5
7730	5
7731	5
7732	5
7733	5
7734	5
7735	5
7736	5
7737	5
7738	5
7739	5
7740	5
7741	5
7742	4
7743	4
7744	4
7745	4
7746	4
7747	3
7748	3
7749	3
7750	3
7751	3
7752	3
7753	3
7754	3
7755	3
7756	3
7757	3
7758	3
7759	3
7760	3
7761	3
7762	3
7763	3
7764	3
7765	3
7766	3
7767	3
7768	3
7769	3
7770	3
7771	3
7772	3
7773	3
7774	3
7775	3
7776	3
7777	3
7778	3
7779	3
7780	3
7781	3
7782	3
7783	3
7784	3
7785	3
7786	3
7787	3
7788	3
7789	3
7790	3
7791	3
7792	2
7793	2
7794	2
7795	2
7796	2
7797	2
7798	2
7799	2
7800	2
7801	2
7802	2
7803	2
7804	2
7805	2
7806	2
7807	2
7808	2
7809	2
7810	2
7811	1
7812	1
7813	1
7814	1
7815	1
7816	1
7817	1
7818	1
7819	1
7820	1
7821	1
7822	1
7823	1
7824	1
7825	1
7826	1
7827	1
7828	1
7829	1
7830	1
7831	1
7832	1
7833	1
7834	1
7835	1
7836	1
7837	1
7838	1
7839	1
7840	1
7841	1
7842	1
7843	1
7844	1
7845	1
7846	1
7847	1
7848	1
7849	1
7850	1
7851	1
7852	1
7853	1
7854	1
7855	1
7856	1
7857	1
7858	1
7859	1
7860	1
7861	1
7862	1
7863	1
7864	1
7865	1
7866	1
7867	1
7868	1
7869	1
7870	1
7871	1
7872	1
7873	1
7874	1
7875	1
7876	1
7877	1
7878	1
7879	1
7880	1
7881	1
7882	1
7883	1
7884	1
7885	1
7886	1
7887	1
7888	1
7889	1
7890	1
7891	1
7892	1
7893	1
7894	1
7895	1
7896	1
7897	1
7898	1
7899	1
7900	1
7901	1
7902	1
7903	1
7904	1
7905	1
7906	1
7907	1
7908	1
7909	1
7910	1
7911	1
7912	1
7913	1
7914	1
7915	1
7916	1
7917	1
7918	1
7919	0
7920	0
7921	0
7922	0
7923	0
7924	0
7925	0
7926	0
7927	0
7928	0
7929	0
7930	0
7931	0
7932	0
7933	0
7934	0
7935	0
7936	0
7937	0
7938	0
7939	0
7940	0
7941	0
7942	0
7943	0
7944	0
7945	0
7946	0
7947	0
7948	0
7949	0
7950	0
7951	0
7952	0
7953	0
7954	0
7955	0
7956	0
7957	0
7958	0
7959	0
7960	0
7961	0
7962	0
7963	0
7964	0
7965	0
7966	0
7967	0
7968	0
7969	0
7970	0
7971	0
7972	0
7973	0
7974	0
7975	0
7976	0
7977	0
7978	0
7979	0
7980	0
7981	0
7982	0
7983	0
7984	0
7985	0
7986	0
7987	0
7988	0
7989	0
7990	0
7991	0
7992	0
7993	0
7994	0
7995	0
7996	0
7997	0
7998	0
7999	0
8000	0
8001	0
8002	0
8003	0
8004	0
8005	0
8006	0
8007	0
8008	0
8009	0
8010	0
8011	0
8012	0
8013	0
8014	0
8015	0
8016	0
8017	0
8018	0
8019	0
8020	0
8021	0
8022	0
8023	0
8024	0
8025	0
8026	0
8027	0
8028	0
8029	0
8030	0
8031	0
8032	0
8033	0
8034	0
8035	0
8036	0
8037	0
8038	0
8039	0
8040	0
8041	0
8042	0
8043	0
8044	0
8045	0
8046	0
8047	0
8048	0
8049	0
8050	0
8051	0
8052	0
8053	0
8054	0
8055	0
8056	0
8057	0
8058	0
8059	0
8060	0
8061	0
8062	0
8063	0
8064	0
8065	0
8066	0
8067	0
8068	0
8069	0
8070	0
8071	0
8072	0
8073	0
8074	0
8075	0
8076	0
8077	0
8078	0
8079	0
8080	0
8081	0
8082	0
8083	0
8084	0
8085	0
8086	0
8087	0
8088	0
8089	0
8090	0
8091	0
8092	0
8093	0
8094	0
8095	0
8096	0
8097	0
8098	0
8099	0
8100	0
8101	0
8102	0
8103	0
8104	0
8105	0
8106	0
8107	0
8108	0
8109	0
8110	0
8111	0
8112	0
8113	0
8114	0
8115	0
8116	0
8117	0
8118	0
8119	0
8120	0
8121	0
8122	0
8123	0
8124	0
8125	0
8126	0
8127	0
8128	0
8129	0
8130	0
8131	0
8132	0
8133	0
8134	0
8135	0
8136	0
8137	0
8138	0
8139	0
8140	0
8141	0
8142	0
8143	0
8144	0
8145	0
8146	0
8147	0
8148	0
8149	0
8150	0
8151	0
8152	0
8153	0
8154	0
8155	0
8156	0
8157	0
8158	0
8159	0
8160	0
8161	0
8162	0
8163	0
8164	0
8165	0
8166	0
8167	0
8168	0
8169	0
8170	0
8171	0
8172	0
8173	0
8174	0
8175	0
8176	0
8177	0
8178	0
8179	0
8180	0
8181	0
8182	0
8183	0
8184	0
8185	0
8186	0
8187	0
8188	0
8189	0
8190	0
8191	0
8192	0
8193	0
8194	0
8195	0
8196	0
8197	0
8198	0
8199	0
8200	0
8201	0
8202	0
