1	0
2	0
3	0
4	0
5	0
6	0
7	0
8	0
9	0
10	0
11	0
12	0
13	0
14	0
15	0
16	1
17	1
18	1
19	1
20	1
21	1
22	1
23	1
24	1
25	1
26	1
27	1
28	1
29	1
30	1
31	1
32	1
33	1
34	1
35	1
36	1
37	2
38	3
39	3
40	3
41	3
42	3
43	4
44	4
45	4
46	4
47	4
48	4
49	4
50	4
51	4
52	4
53	4
54	4
55	3
56	3
57	3
58	2
59	2
60	2
61	2
62	2
63	2
64	2
65	2
66	2
67	2
68	2
69	2
70	2
71	2
72	2
73	2
74	2
75	2
76	2
77	2
78	2
79	2
80	2
81	2
82	2
83	2
84	2
85	2
86	2
87	2
88	2
89	2
90	2
91	3
92	3
93	3
94	3
95	3
96	3
97	3
98	3
99	3
100	3
101	3
102	3
103	3
104	3
105	4
106	4
107	4
108	4
109	4
110	4
111	4
112	4
113	4
114	4
115	4
116	4
117	4
118	4
119	5
120	5
121	5
122	6
123	6
124	6
125	6
126	6
127	6
128	6
129	6
130	6
131	6
132	6
133	6
134	6
135	6
136	6
137	6
138	6
139	6
140	6
141	6
142	6
143	6
144	6
145	6
146	6
147	6
148	6
149	6
150	6
151	6
152	6
153	6
154	6
155	6
156	7
157	7
158	7
159	7
160	7
161	7
162	7
163	7
164	7
165	7
166	7
167	6
168	4
169	4
170	4
171	4
172	4
173	3
174	3
175	3
176	3
177	4
178	4
179	4
180	4
181	4
182	4
183	4
184	3
185	3
186	2
187	2
188	2
189	2
190	2
191	2
192	2
193	2
194	2
195	2
196	2
197	2
198	2
199	2
200	2
201	2
202	2
203	2
204	2
205	2
206	2
207	2
208	2
209	2
210	2
211	2
212	2
213	2
214	2
215	2
216	2
217	2
218	2
219	2
220	2
221	2
222	2
223	2
224	2
225	2
226	2
227	2
228	2
229	2
230	2
231	2
232	2
233	2
234	2
235	2
236	2
237	2
238	2
239	2
240	2
241	2
242	2
243	2
244	2
245	2
246	2
247	2
248	2
249	2
250	2
251	2
252	2
253	3
254	3
255	3
256	3
257	3
258	4
259	4
260	4
261	4
262	4
263	4
264	4
265	4
266	4
267	4
268	4
269	4
270	4
271	4
272	4
273	4
274	4
275	4
276	4
277	4
278	4
279	4
280	4
281	4
282	4
283	4
284	4
285	4
286	5
287	5
288	5
289	5
290	5
291	5
292	5
293	5
294	5
295	5
296	5
297	5
298	5
299	5
300	5
301	5
302	5
303	5
304	5
305	5
306	5
307	5
308	5
309	5
310	5
311	5
312	4
313	4
314	4
315	4
316	4
317	4
318	4
319	4
320	4
321	4
322	4
323	4
324	3
325	2
326	2
327	2
328	2
329	2
330	2
331	2
332	2
333	2
334	2
335	2
336	2
337	2
338	3
339	3
340	3
341	3
342	3
343	3
344	3
345	3
346	3
347	3
348	3
349	4
350	4
351	4
352	4
353	4
354	4
355	4
356	4
357	4
358	4
359	4
360	4
361	4
362	4
363	4
364	4
365	5
366	5
367	5
368	5
369	5
370	5
371	5
372	5
373	5
374	5
375	4
376	4
377	4
378	4
379	4
380	4
381	4
382	4
383	4
384	4
385	4
386	4
387	4
388	4
389	4
390	4
391	4
392	4
393	4
394	4
395	4
396	4
397	4
398	4
399	4
400	4
401	4
402	4
403	4
404	4
405	4
406	4
407	4
408	4
409	4
410	5
411	5
412	5
413	5
414	5
415	5
416	5
417	5
418	5
419	5
420	5
421	5
422	5
423	5
424	5
425	5
426	5
427	5
428	5
429	5
430	5
431	5
432	5
433	5
434	5
435	5
436	4
437	4
438	4
439	5
440	5
441	5
442	5
443	5
444	5
445	5
446	5
447	5
448	5
449	5
450	5
451	4
452	4
453	4
454	4
455	4
456	4
457	4
458	4
459	5
460	6
461	6
462	6
463	6
464	6
465	6
466	6
467	6
468	6
469	7
470	7
471	7
472	7
473	7
474	7
475	7
476	7
477	7
478	8
479	8
480	7
481	7
482	7
483	8
484	8
485	9
486	9
487	9
488	9
489	9
490	9
491	10
492	10
493	10
494	10
495	10
496	10
497	10
498	10
499	11
500	11
501	12
502	12
503	12
504	13
505	13
506	13
507	13
508	13
509	13
510	14
511	15
512	15
513	15
514	14
515	14
516	14
517	14
518	15
519	16
520	16
521	16
522	17
523	17
524	17
525	17
526	17
527	17
528	16
529	14
530	14
531	14
532	14
533	14
534	14
535	14
536	14
537	14
538	13
539	13
540	12
541	12
542	12
543	12
544	12
545	12
546	12
547	13
548	13
549	13
550	13
551	13
552	13
553	13
554	12
555	12
556	12
557	12
558	12
559	13
560	13
561	13
562	13
563	13
564	13
565	13
566	13
567	13
568	13
569	14
570	14
571	14
572	14
573	14
574	14
575	14
576	14
577	15
578	15
579	14
580	14
581	14
582	13
583	12
584	12
585	12
586	12
587	12
588	12
589	12
590	12
591	12
592	12
593	12
594	12
595	12
596	12
597	12
598	11
599	11
600	11
601	11
602	12
603	12
604	12
605	12
606	12
607	12
608	12
609	12
610	12
611	12
612	13
613	13
614	13
615	13
616	13
617	13
618	12
619	12
620	12
621	12
622	11
623	11
624	11
625	11
626	12
627	12
628	12
629	12
630	12
631	11
632	12
633	12
634	12
635	12
636	13
637	13
638	12
639	13
640	13
641	13
642	13
643	13
644	13
645	13
646	13
647	13
648	13
649	13
650	13
651	13
652	13
653	13
654	13
655	13
656	13
657	13
658	13
659	12
660	12
661	12
662	12
663	12
664	12
665	12
666	11
667	11
668	11
669	11
670	11
671	11
672	11
673	11
674	11
675	10
676	10
677	10
678	10
679	11
680	11
681	11
682	11
683	11
684	11
685	11
686	12
687	13
688	13
689	13
690	13
691	13
692	13
693	12
694	12
695	12
696	11
697	11
698	11
699	11
700	11
701	11
702	11
703	11
704	11
705	12
706	12
707	12
708	12
709	12
710	12
711	12
712	12
713	13
714	14
715	13
716	13
717	13
718	13
719	13
720	13
721	13
722	13
723	13
724	13
725	13
726	13
727	14
728	14
729	14
730	14
731	15
732	15
733	15
734	15
735	15
736	15
737	15
738	15
739	15
740	15
741	15
742	14
743	13
744	12
745	12
746	12
747	12
748	12
749	12
750	12
751	12
752	12
753	12
754	12
755	12
756	12
757	12
758	12
759	12
760	12
761	12
762	12
763	12
764	12
765	12
766	12
767	12
768	12
769	12
770	12
771	12
772	11
773	11
774	11
775	11
776	10
777	10
778	10
779	10
780	10
781	10
782	10
783	9
784	9
785	9
786	9
787	9
788	9
789	9
790	9
791	9
792	9
793	9
794	9
795	9
796	9
797	8
798	8
799	8
800	7
801	7
802	7
803	7
804	7
805	7
806	7
807	7
808	7
809	7
810	7
811	7
812	7
813	7
814	7
815	7
816	7
817	7
818	6
819	6
820	6
821	6
822	6
823	6
824	6
825	6
826	6
827	6
828	6
829	6
830	6
831	6
832	6
833	6
834	6
835	6
836	6
837	6
838	6
839	6
840	6
841	6
842	5
843	4
844	4
845	4
846	4
847	5
848	5
849	5
850	5
851	5
852	5
853	5
854	5
855	5
856	4
857	4
858	4
859	4
860	4
861	4
862	4
863	4
864	4
865	4
866	4
867	4
868	4
869	4
870	4
871	4
872	4
873	4
874	4
875	4
876	6
877	6
878	6
879	6
880	6
881	6
882	6
883	6
884	6
885	6
886	6
887	6
888	6
889	6
890	6
891	7
892	6
893	6
894	6
895	6
896	6
897	6
898	6
899	6
900	6
901	6
902	6
903	6
904	6
905	6
906	6
907	6
908	6
909	6
910	6
911	6
912	6
913	6
914	6
915	6
916	6
917	7
918	7
919	7
920	7
921	7
922	7
923	6
924	6
925	6
926	6
927	6
928	6
929	6
930	6
931	6
932	6
933	6
934	6
935	6
936	6
937	6
938	6
939	6
940	6
941	6
942	6
943	6
944	6
945	6
946	6
947	6
948	6
949	6
950	6
951	6
952	6
953	6
954	6
955	6
956	6
957	6
958	6
959	6
960	6
961	7
962	7
963	7
964	7
965	7
966	7
967	7
968	7
969	8
970	8
971	8
972	8
973	8
974	8
975	7
976	7
977	7
978	7
979	8
980	8
981	9
982	9
983	9
984	10
985	10
986	10
987	10
988	10
989	10
990	10
991	10
992	10
993	10
994	10
995	10
996	10
997	10
998	9
999	9
1000	9
1001	9
1002	9
1003	9
1004	9
1005	9
1006	9
1007	9
1008	9
1009	9
1010	10
1011	10
1012	10
1013	10
1014	10
1015	10
1016	10
1017	10
1018	10
1019	10
1020	10
1021	10
1022	10
1023	9
1024	9
1025	9
1026	8
1027	8
1028	8
1029	8
1030	8
1031	8
1032	8
1033	7
1034	7
1035	7
1036	8
1037	8
1038	8
1039	8
1040	7
1041	7
1042	7
1043	6
1044	6
1045	6
1046	6
1047	7
1048	7
1049	7
1050	8
1051	8
1052	9
1053	9
1054	9
1055	9
1056	9
1057	10
1058	10
1059	10
1060	10
1061	10
1062	10
1063	10
1064	10
1065	10
1066	10
1067	10
1068	9
1069	9
1070	9
1071	9
1072	9
1073	9
1074	9
1075	9
1076	9
1077	9
1078	9
1079	9
1080	9
1081	9
1082	9
1083	9
1084	9
1085	9
1086	9
1087	9
1088	9
1089	9
1090	9
1091	9
1092	9
1093	9
1094	9
1095	9
1096	9
1097	9
1098	9
1099	10
1100	10
1101	10
1102	11
1103	11
1104	11
1105	11
1106	11
1107	11
1108	11
1109	11
1110	11
1111	11
1112	11
1113	11
1114	11
1115	11
1116	11
1117	11
1118	11
1119	11
1120	11
1121	11
1122	11
1123	10
1124	11
1125	11
1126	11
1127	11
1128	11
1129	11
1130	11
1131	11
1132	11
1133	11
1134	11
1135	12
1136	12
1137	12
1138	12
1139	11
1140	11
1141	11
1142	11
1143	10
1144	11
1145	10
1146	10
1147	10
1148	10
1149	10
1150	10
1151	10
1152	10
1153	10
1154	10
1155	10
1156	10
1157	10
1158	10
1159	10
1160	10
1161	10
1162	10
1163	10
1164	10
1165	10
1166	10
1167	10
1168	11
1169	11
1170	11
1171	11
1172	11
1173	11
1174	11
1175	11
1176	10
1177	10
1178	10
1179	10
1180	10
1181	10
1182	10
1183	11
1184	11
1185	11
1186	10
1187	10
1188	10
1189	10
1190	11
1191	11
1192	11
1193	11
1194	13
1195	13
1196	13
1197	13
1198	14
1199	14
1200	15
1201	15
1202	15
1203	15
1204	15
1205	15
1206	14
1207	14
1208	14
1209	14
1210	14
1211	14
1212	14
1213	14
1214	14
1215	13
1216	13
1217	13
1218	13
1219	13
1220	13
1221	13
1222	13
1223	13
1224	13
1225	13
1226	13
1227	13
1228	13
1229	13
1230	14
1231	14
1232	14
1233	14
1234	14
1235	14
1236	14
1237	14
1238	14
1239	14
1240	14
1241	14
1242	14
1243	14
1244	14
1245	14
1246	14
1247	14
1248	12
1249	12
1250	12
1251	12
1252	12
1253	12
1254	12
1255	12
1256	12
1257	12
1258	12
1259	12
1260	12
1261	12
1262	12
1263	12
1264	12
1265	12
1266	12
1267	12
1268	12
1269	12
1270	12
1271	12
1272	13
1273	12
1274	12
1275	12
1276	13
1277	13
1278	13
1279	13
1280	13
1281	13
1282	13
1283	13
1284	13
1285	12
1286	13
1287	13
1288	13
1289	13
1290	12
1291	12
1292	12
1293	12
1294	12
1295	12
1296	12
1297	12
1298	12
1299	12
1300	12
1301	12
1302	12
1303	12
1304	12
1305	12
1306	12
1307	12
1308	13
1309	13
1310	13
1311	13
1312	13
1313	14
1314	14
1315	14
1316	14
1317	14
1318	14
1319	15
1320	15
1321	14
1322	14
1323	14
1324	14
1325	14
1326	14
1327	14
1328	14
1329	14
1330	14
1331	13
1332	13
1333	13
1334	13
1335	13
1336	13
1337	13
1338	13
1339	12
1340	12
1341	12
1342	12
1343	12
1344	12
1345	12
1346	11
1347	11
1348	11
1349	11
1350	11
1351	11
1352	10
1353	10
1354	10
1355	10
1356	10
1357	10
1358	10
1359	10
1360	10
1361	10
1362	10
1363	10
1364	10
1365	10
1366	10
1367	10
1368	9
1369	9
1370	9
1371	9
1372	9
1373	10
1374	10
1375	10
1376	10
1377	10
1378	10
1379	11
1380	11
1381	10
1382	10
1383	10
1384	10
1385	10
1386	10
1387	13
1388	13
1389	13
1390	13
1391	13
1392	13
1393	13
1394	13
1395	13
1396	13
1397	13
1398	13
1399	13
1400	13
1401	14
1402	14
1403	14
1404	14
1405	13
1406	13
1407	13
1408	13
1409	13
1410	13
1411	13
1412	13
1413	13
1414	12
1415	13
1416	14
1417	14
1418	14
1419	14
1420	14
1421	14
1422	13
1423	13
1424	13
1425	13
1426	13
1427	14
1428	15
1429	15
1430	15
1431	15
1432	16
1433	15
1434	15
1435	15
1436	15
1437	15
1438	15
1439	14
1440	14
1441	14
1442	14
1443	14
1444	15
1445	15
1446	14
1447	14
1448	13
1449	13
1450	13
1451	13
1452	13
1453	13
1454	13
1455	13
1456	13
1457	13
1458	13
1459	13
1460	13
1461	12
1462	12
1463	11
1464	11
1465	11
1466	11
1467	11
1468	11
1469	11
1470	11
1471	11
1472	11
1473	11
1474	11
1475	11
1476	11
1477	11
1478	11
1479	11
1480	11
1481	11
1482	12
1483	12
1484	12
1485	12
1486	12
1487	12
1488	12
1489	12
1490	12
1491	12
1492	11
1493	11
1494	12
1495	12
1496	12
1497	12
1498	12
1499	12
1500	12
1501	12
1502	12
1503	10
1504	10
1505	10
1506	10
1507	11
1508	11
1509	11
1510	11
1511	11
1512	11
1513	11
1514	11
1515	11
1516	11
1517	11
1518	11
1519	11
1520	11
1521	11
1522	11
1523	11
1524	11
1525	11
1526	11
1527	11
1528	11
1529	10
1530	10
1531	10
1532	10
1533	10
1534	10
1535	10
1536	10
1537	10
1538	10
1539	10
1540	10
1541	10
1542	10
1543	10
1544	10
1545	10
1546	10
1547	10
1548	10
1549	10
1550	10
1551	10
1552	10
1553	9
1554	9
1555	8
1556	8
1557	8
1558	8
1559	8
1560	8
1561	8
1562	8
1563	8
1564	8
1565	8
1566	8
1567	8
1568	7
1569	7
1570	7
1571	7
1572	7
1573	7
1574	7
1575	7
1576	7
1577	6
1578	6
1579	6
1580	6
1581	6
1582	6
1583	6
1584	7
1585	7
1586	7
1587	7
1588	7
1589	8
1590	8
1591	8
1592	9
1593	9
1594	9
1595	9
1596	10
1597	10
1598	10
1599	10
1600	10
1601	10
1602	10
1603	10
1604	10
1605	11
1606	11
1607	11
1608	11
1609	11
1610	11
1611	11
1612	11
1613	11
1614	10
1615	10
1616	10
1617	10
1618	10
1619	10
1620	10
1621	10
1622	10
1623	10
1624	10
1625	10
1626	11
1627	11
1628	11
1629	11
1630	11
1631	11
1632	11
1633	11
1634	11
1635	11
1636	11
1637	11
1638	11
1639	11
1640	11
1641	11
1642	11
1643	11
1644	11
1645	11
1646	11
1647	10
1648	10
1649	10
1650	10
1651	10
1652	10
1653	10
1654	10
1655	10
1656	10
1657	10
1658	10
1659	10
1660	10
1661	10
1662	10
1663	10
1664	11
1665	11
1666	11
1667	11
1668	11
1669	11
1670	11
1671	11
1672	11
1673	11
1674	11
1675	11
1676	10
1677	10
1678	10
1679	10
1680	10
1681	11
1682	11
1683	11
1684	11
1685	11
1686	11
1687	12
1688	12
1689	12
1690	12
1691	13
1692	13
1693	13
1694	13
1695	13
1696	13
1697	13
1698	13
1699	13
1700	15
1701	14
1702	14
1703	14
1704	14
1705	14
1706	15
1707	15
1708	15
1709	15
1710	14
1711	14
1712	14
1713	14
1714	14
1715	15
1716	15
1717	15
1718	15
1719	16
1720	17
1721	17
1722	17
1723	17
1724	17
1725	17
1726	17
1727	17
1728	17
1729	17
1730	17
1731	16
1732	16
1733	17
1734	17
1735	17
1736	16
1737	16
1738	16
1739	15
1740	15
1741	15
1742	15
1743	15
1744	15
1745	15
1746	14
1747	14
1748	14
1749	14
1750	13
1751	13
1752	13
1753	13
1754	13
1755	14
1756	14
1757	15
1758	15
1759	15
1760	16
1761	16
1762	16
1763	16
1764	16
1765	16
1766	16
1767	16
1768	16
1769	16
1770	17
1771	17
1772	17
1773	17
1774	17
1775	17
1776	17
1777	17
1778	16
1779	16
1780	16
1781	16
1782	17
1783	17
1784	18
1785	18
1786	18
1787	18
1788	18
1789	18
1790	18
1791	18
1792	18
1793	18
1794	18
1795	18
1796	18
1797	19
1798	19
1799	19
1800	19
1801	19
1802	19
1803	19
1804	19
1805	20
1806	20
1807	21
1808	21
1809	21
1810	22
1811	22
1812	22
1813	23
1814	23
1815	22
1816	22
1817	22
1818	22
1819	22
1820	22
1821	23
1822	22
1823	22
1824	22
1825	22
1826	22
1827	22
1828	21
1829	21
1830	21
1831	21
1832	21
1833	21
1834	21
1835	21
1836	21
1837	21
1838	21
1839	21
1840	21
1841	21
1842	22
1843	22
1844	22
1845	23
1846	22
1847	23
1848	23
1849	23
1850	23
1851	23
1852	23
1853	23
1854	23
1855	23
1856	23
1857	23
1858	23
1859	22
1860	22
1861	21
1862	21
1863	21
1864	21
1865	21
1866	21
1867	21
1868	21
1869	21
1870	20
1871	20
1872	20
1873	20
1874	20
1875	20
1876	20
1877	20
1878	20
1879	20
1880	20
1881	20
1882	20
1883	20
1884	19
1885	19
1886	18
1887	18
1888	18
1889	18
1890	19
1891	19
1892	19
1893	19
1894	19
1895	19
1896	19
1897	18
1898	17
1899	17
1900	16
1901	16
1902	16
1903	17
1904	17
1905	17
1906	17
1907	17
1908	17
1909	16
1910	16
1911	16
1912	16
1913	15
1914	15
1915	15
1916	15
1917	15
1918	15
1919	15
1920	15
1921	14
1922	14
1923	14
1924	14
1925	13
1926	13
1927	13
1928	13
1929	13
1930	13
1931	13
1932	13
1933	13
1934	12
1935	13
1936	13
1937	13
1938	13
1939	12
1940	12
1941	12
1942	12
1943	12
1944	12
1945	12
1946	12
1947	12
1948	12
1949	13
1950	13
1951	13
1952	13
1953	13
1954	13
1955	13
1956	12
1957	12
1958	12
1959	12
1960	12
1961	12
1962	12
1963	12
1964	12
1965	12
1966	12
1967	13
1968	13
1969	13
1970	13
1971	12
1972	12
1973	12
1974	12
1975	12
1976	11
1977	11
1978	11
1979	11
1980	11
1981	10
1982	10
1983	11
1984	11
1985	11
1986	11
1987	11
1988	11
1989	11
1990	11
1991	11
1992	11
1993	11
1994	11
1995	11
1996	11
1997	11
1998	11
1999	11
2000	11
2001	11
2002	11
2003	11
2004	11
2005	11
2006	11
2007	11
2008	11
2009	10
2010	10
2011	10
2012	10
2013	10
2014	10
2015	10
2016	10
2017	10
2018	10
2019	10
2020	9
2021	9
2022	9
2023	9
2024	9
2025	9
2026	9
2027	9
2028	9
2029	9
2030	9
2031	9
2032	9
2033	9
2034	9
2035	9
2036	9
2037	9
2038	8
2039	8
2040	9
2041	9
2042	10
2043	11
2044	12
2045	11
2046	11
2047	11
2048	11
2049	11
2050	11
2051	11
2052	11
2053	11
2054	11
2055	11
2056	11
2057	11
2058	11
2059	11
2060	9
2061	9
2062	9
2063	9
2064	9
2065	9
2066	9
2067	9
2068	9
2069	9
2070	9
2071	9
2072	9
2073	9
2074	9
2075	9
2076	9
2077	9
2078	9
2079	9
2080	9
2081	9
2082	9
2083	10
2084	10
2085	10
2086	10
2087	11
2088	10
2089	10
2090	9
2091	9
2092	9
2093	9
2094	9
2095	9
2096	10
2097	10
2098	11
2099	11
2100	11
2101	10
2102	10
2103	10
2104	10
2105	10
2106	9
2107	9
2108	9
2109	9
2110	9
2111	9
2112	9
2113	9
2114	9
2115	9
2116	8
2117	8
2118	8
2119	8
2120	8
2121	8
2122	8
2123	8
2124	8
2125	8
2126	8
2127	8
2128	9
2129	9
2130	9
2131	11
2132	11
2133	11
2134	11
2135	12
2136	12
2137	12
2138	12
2139	12
2140	12
2141	12
2142	12
2143	12
2144	12
2145	12
2146	12
2147	12
2148	12
2149	12
2150	10
2151	10
2152	10
2153	10
2154	10
2155	10
2156	10
2157	10
2158	10
2159	10
2160	10
2161	10
2162	10
2163	10
2164	11
2165	11
2166	11
2167	12
2168	12
2169	13
2170	15
2171	16
2172	16
2173	16
2174	16
2175	16
2176	15
2177	16
2178	16
2179	16
2180	17
2181	17
2182	18
2183	18
2184	19
2185	20
2186	20
2187	19
2188	19
2189	19
2190	18
2191	18
2192	18
2193	18
2194	18
2195	18
2196	18
2197	18
2198	18
2199	20
2200	20
2201	20
2202	20
2203	20
2204	21
2205	22
2206	22
2207	22
2208	22
2209	22
2210	22
2211	22
2212	22
2213	22
2214	22
2215	22
2216	22
2217	22
2218	22
2219	22
2220	23
2221	23
2222	24
2223	24
2224	24
2225	24
2226	24
2227	24
2228	24
2229	25
2230	25
2231	25
2232	25
2233	25
2234	25
2235	25
2236	25
2237	24
2238	24
2239	24
2240	25
2241	25
2242	25
2243	25
2244	25
2245	25
2246	25
2247	25
2248	25
2249	25
2250	25
2251	24
2252	24
2253	24
2254	24
2255	24
2256	24
2257	24
2258	23
2259	22
2260	22
2261	21
2262	22
2263	23
2264	23
2265	24
2266	24
2267	24
2268	24
2269	24
2270	24
2271	23
2272	23
2273	23
2274	23
2275	23
2276	23
2277	23
2278	22
2279	21
2280	21
2281	20
2282	20
2283	20
2284	20
2285	20
2286	20
2287	20
2288	20
2289	20
2290	20
2291	20
2292	20
2293	19
2294	19
2295	19
2296	19
2297	19
2298	20
2299	20
2300	20
2301	20
2302	20
2303	20
2304	20
2305	20
2306	21
2307	21
2308	21
2309	21
2310	21
2311	21
2312	21
2313	21
2314	20
2315	21
2316	21
2317	22
2318	22
2319	23
2320	23
2321	23
2322	23
2323	23
2324	23
2325	22
2326	23
2327	23
2328	22
2329	21
2330	21
2331	21
2332	21
2333	21
2334	21
2335	21
2336	21
2337	22
2338	23
2339	23
2340	23
2341	23
2342	23
2343	24
2344	23
2345	22
2346	22
2347	22
2348	22
2349	22
2350	24
2351	24
2352	23
2353	23
2354	23
2355	23
2356	23
2357	22
2358	22
2359	22
2360	22
2361	22
2362	23
2363	23
2364	23
2365	23
2366	23
2367	23
2368	22
2369	22
2370	22
2371	21
2372	21
2373	22
2374	23
2375	23
2376	23
2377	23
2378	23
2379	22
2380	22
2381	22
2382	22
2383	22
2384	22
2385	22
2386	21
2387	21
2388	21
2389	21
2390	20
2391	20
2392	20
2393	20
2394	20
2395	20
2396	20
2397	21
2398	21
2399	21
2400	22
2401	22
2402	22
2403	22
2404	22
2405	22
2406	22
2407	22
2408	22
2409	22
2410	22
2411	22
2412	22
2413	22
2414	21
2415	22
2416	22
2417	22
2418	22
2419	22
2420	22
2421	21
2422	20
2423	20
2424	20
2425	20
2426	20
2427	19
2428	19
2429	19
2430	19
2431	19
2432	19
2433	19
2434	19
2435	19
2436	19
2437	19
2438	19
2439	19
2440	20
2441	20
2442	20
2443	20
2444	18
2445	19
2446	19
2447	19
2448	19
2449	18
2450	18
2451	18
2452	18
2453	18
2454	17
2455	17
2456	17
2457	16
2458	16
2459	16
2460	16
2461	17
2462	17
2463	17
2464	17
2465	17
2466	17
2467	16
2468	16
2469	16
2470	17
2471	18
2472	18
2473	19
2474	19
2475	19
2476	19
2477	19
2478	19
2479	19
2480	19
2481	19
2482	19
2483	19
2484	19
2485	18
2486	18
2487	18
2488	17
2489	17
2490	17
2491	17
2492	17
2493	16
2494	16
2495	16
2496	16
2497	16
2498	16
2499	16
2500	16
2501	16
2502	16
2503	16
2504	16
2505	15
2506	15
2507	16
2508	16
2509	16
2510	16
2511	16
2512	16
2513	16
2514	16
2515	17
2516	17
2517	17
2518	17
2519	17
2520	17
2521	17
2522	18
2523	18
2524	18
2525	18
2526	18
2527	18
2528	18
2529	19
2530	18
2531	18
2532	18
2533	18
2534	17
2535	17
2536	17
2537	17
2538	17
2539	16
2540	16
2541	16
2542	14
2543	14
2544	14
2545	14
2546	14
2547	13
2548	12
2549	12
2550	12
2551	12
2552	13
2553	13
2554	13
2555	13
2556	13
2557	13
2558	13
2559	13
2560	13
2561	13
2562	13
2563	13
2564	13
2565	13
2566	13
2567	13
2568	13
2569	13
2570	13
2571	13
2572	13
2573	13
2574	13
2575	13
2576	13
2577	13
2578	13
2579	13
2580	13
2581	12
2582	12
2583	11
2584	12
2585	11
2586	11
2587	11
2588	11
2589	12
2590	12
2591	12
2592	13
2593	12
2594	13
2595	13
2596	13
2597	12
2598	12
2599	12
2600	12
2601	12
2602	12
2603	12
2604	12
2605	13
2606	13
2607	13
2608	13
2609	12
2610	12
2611	12
2612	12
2613	12
2614	12
2615	12
2616	12
2617	12
2618	12
2619	12
2620	15
2621	15
2622	15
2623	15
2624	15
2625	17
2626	17
2627	18
2628	18
2629	18
2630	18
2631	18
2632	17
2633	17
2634	17
2635	17
2636	17
2637	17
2638	16
2639	13
2640	13
2641	13
2642	13
2643	13
2644	13
2645	13
2646	13
2647	13
2648	13
2649	14
2650	14
2651	14
2652	14
2653	14
2654	14
2655	14
2656	14
2657	13
2658	13
2659	14
2660	14
2661	14
2662	14
2663	13
2664	13
2665	13
2666	13
2667	14
2668	14
2669	14
2670	14
2671	15
2672	16
2673	16
2674	16
2675	16
2676	16
2677	16
2678	14
2679	14
2680	14
2681	14
2682	14
2683	13
2684	13
2685	13
2686	13
2687	13
2688	13
2689	13
2690	13
2691	13
2692	13
2693	13
2694	13
2695	13
2696	13
2697	13
2698	13
2699	13
2700	13
2701	13
2702	13
2703	13
2704	13
2705	13
2706	14
2707	14
2708	15
2709	15
2710	16
2711	17
2712	16
2713	18
2714	18
2715	18
2716	18
2717	18
2718	18
2719	18
2720	18
2721	18
2722	18
2723	18
2724	19
2725	19
2726	20
2727	19
2728	19
2729	19
2730	19
2731	19
2732	19
2733	19
2734	19
2735	19
2736	19
2737	18
2738	18
2739	18
2740	17
2741	17
2742	17
2743	17
2744	18
2745	18
2746	18
2747	18
2748	18
2749	18
2750	18
2751	18
2752	18
2753	19
2754	19
2755	19
2756	19
2757	19
2758	19
2759	19
2760	22
2761	22
2762	23
2763	23
2764	24
2765	23
2766	23
2767	23
2768	23
2769	23
2770	23
2771	23
2772	23
2773	23
2774	23
2775	22
2776	22
2777	22
2778	20
2779	21
2780	21
2781	20
2782	20
2783	20
2784	19
2785	20
2786	20
2787	20
2788	20
2789	20
2790	20
2791	20
2792	20
2793	20
2794	20
2795	19
2796	19
2797	19
2798	19
2799	20
2800	20
2801	20
2802	22
2803	21
2804	21
2805	21
2806	21
2807	21
2808	21
2809	22
2810	22
2811	21
2812	21
2813	21
2814	21
2815	21
2816	21
2817	20
2818	20
2819	19
2820	19
2821	19
2822	19
2823	19
2824	19
2825	19
2826	19
2827	19
2828	18
2829	18
2830	18
2831	18
2832	18
2833	18
2834	18
2835	18
2836	18
2837	18
2838	18
2839	18
2840	18
2841	18
2842	18
2843	18
2844	18
2845	19
2846	19
2847	19
2848	19
2849	18
2850	18
2851	19
2852	19
2853	19
2854	19
2855	19
2856	21
2857	21
2858	21
2859	23
2860	23
2861	23
2862	23
2863	23
2864	23
2865	23
2866	23
2867	22
2868	21
2869	20
2870	21
2871	21
2872	21
2873	23
2874	23
2875	23
2876	23
2877	23
2878	24
2879	25
2880	25
2881	26
2882	26
2883	28
2884	28
2885	28
2886	29
2887	29
2888	29
2889	29
2890	29
2891	29
2892	29
2893	29
2894	29
2895	29
2896	29
2897	28
2898	28
2899	28
2900	29
2901	29
2902	28
2903	28
2904	28
2905	28
2906	28
2907	28
2908	28
2909	29
2910	28
2911	26
2912	27
2913	27
2914	27
2915	27
2916	27
2917	27
2918	26
2919	25
2920	25
2921	25
2922	25
2923	25
2924	25
2925	25
2926	25
2927	26
2928	25
2929	25
2930	25
2931	25
2932	25
2933	25
2934	25
2935	24
2936	23
2937	22
2938	22
2939	22
2940	22
2941	22
2942	21
2943	21
2944	24
2945	24
2946	24
2947	25
2948	25
2949	25
2950	24
2951	24
2952	24
2953	23
2954	24
2955	24
2956	25
2957	25
2958	25
2959	25
2960	25
2961	25
2962	25
2963	25
2964	25
2965	25
2966	26
2967	26
2968	26
2969	26
2970	26
2971	26
2972	26
2973	25
2974	25
2975	24
2976	24
2977	24
2978	24
2979	25
2980	26
2981	26
2982	26
2983	26
2984	26
2985	26
2986	26
2987	26
2988	26
2989	26
2990	26
2991	27
2992	27
2993	26
2994	25
2995	25
2996	24
2997	24
2998	24
2999	23
3000	24
3001	24
3002	24
3003	24
3004	24
3005	24
3006	24
3007	25
3008	25
3009	25
3010	25
3011	24
3012	24
3013	24
3014	24
3015	24
3016	24
3017	25
3018	25
3019	24
3020	24
3021	23
3022	23
3023	23
3024	23
3025	23
3026	23
3027	23
3028	23
3029	22
3030	23
3031	22
3032	22
3033	22
3034	22
3035	22
3036	22
3037	22
3038	22
3039	21
3040	21
3041	21
3042	21
3043	21
3044	21
3045	19
3046	19
3047	19
3048	19
3049	20
3050	19
3051	19
3052	19
3053	19
3054	19
3055	19
3056	19
3057	20
3058	20
3059	20
3060	20
3061	20
3062	20
3063	20
3064	21
3065	20
3066	20
3067	20
3068	20
3069	20
3070	21
3071	21
3072	22
3073	22
3074	22
3075	22
3076	22
3077	22
3078	22
3079	21
3080	20
3081	20
3082	20
3083	19
3084	19
3085	18
3086	18
3087	18
3088	17
3089	16
3090	15
3091	15
3092	14
3093	14
3094	14
3095	14
3096	15
3097	15
3098	15
3099	15
3100	16
3101	17
3102	17
3103	17
3104	17
3105	17
3106	17
3107	17
3108	17
3109	17
3110	17
3111	17
3112	17
3113	17
3114	17
3115	18
3116	18
3117	18
3118	18
3119	18
3120	19
3121	19
3122	19
3123	19
3124	19
3125	19
3126	19
3127	20
3128	20
3129	21
3130	21
3131	21
3132	21
3133	20
3134	20
3135	20
3136	20
3137	20
3138	19
3139	19
3140	19
3141	19
3142	19
3143	19
3144	19
3145	19
3146	19
3147	18
3148	18
3149	19
3150	19
3151	19
3152	19
3153	19
3154	19
3155	20
3156	20
3157	20
3158	20
3159	22
3160	22
3161	22
3162	21
3163	21
3164	21
3165	20
3166	20
3167	20
3168	19
3169	19
3170	19
3171	20
3172	20
3173	19
3174	20
3175	20
3176	20
3177	20
3178	18
3179	18
3180	18
3181	18
3182	18
3183	17
3184	17
3185	17
3186	17
3187	17
3188	17
3189	17
3190	17
3191	17
3192	17
3193	17
3194	17
3195	17
3196	17
3197	17
3198	17
3199	17
3200	17
3201	17
3202	17
3203	17
3204	17
3205	17
3206	17
3207	18
3208	17
3209	17
3210	18
3211	19
3212	19
3213	19
3214	20
3215	20
3216	20
3217	20
3218	20
3219	20
3220	21
3221	22
3222	22
3223	22
3224	22
3225	23
3226	23
3227	22
3228	21
3229	21
3230	21
3231	21
3232	21
3233	21
3234	21
3235	21
3236	22
3237	23
3238	23
3239	23
3240	23
3241	22
3242	22
3243	23
3244	23
3245	23
3246	24
3247	24
3248	24
3249	24
3250	24
3251	24
3252	24
3253	24
3254	25
3255	25
3256	25
3257	26
3258	26
3259	26
3260	26
3261	26
3262	26
3263	26
3264	25
3265	23
3266	23
3267	23
3268	23
3269	23
3270	23
3271	23
3272	23
3273	23
3274	23
3275	23
3276	24
3277	24
3278	25
3279	25
3280	25
3281	25
3282	25
3283	25
3284	25
3285	24
3286	24
3287	24
3288	24
3289	24
3290	24
3291	24
3292	25
3293	25
3294	26
3295	25
3296	25
3297	25
3298	25
3299	24
3300	24
3301	24
3302	24
3303	24
3304	24
3305	24
3306	24
3307	24
3308	24
3309	24
3310	24
3311	24
3312	24
3313	24
3314	24
3315	24
3316	24
3317	24
3318	24
3319	24
3320	24
3321	23
3322	23
3323	23
3324	22
3325	22
3326	22
3327	22
3328	22
3329	22
3330	21
3331	21
3332	21
3333	21
3334	21
3335	21
3336	21
3337	21
3338	21
3339	22
3340	23
3341	23
3342	23
3343	23
3344	23
3345	23
3346	23
3347	23
3348	23
3349	23
3350	23
3351	22
3352	22
3353	21
3354	21
3355	21
3356	21
3357	21
3358	20
3359	20
3360	20
3361	20
3362	19
3363	19
3364	19
3365	19
3366	19
3367	19
3368	19
3369	19
3370	19
3371	19
3372	19
3373	19
3374	19
3375	19
3376	19
3377	19
3378	19
3379	19
3380	19
3381	19
3382	20
3383	20
3384	20
3385	20
3386	19
3387	19
3388	18
3389	18
3390	18
3391	19
3392	19
3393	18
3394	18
3395	18
3396	18
3397	18
3398	18
3399	18
3400	18
3401	19
3402	20
3403	20
3404	20
3405	20
3406	20
3407	19
3408	19
3409	18
3410	17
3411	17
3412	17
3413	17
3414	17
3415	17
3416	17
3417	17
3418	17
3419	17
3420	19
3421	20
3422	20
3423	20
3424	20
3425	20
3426	20
3427	20
3428	21
3429	21
3430	23
3431	22
3432	22
3433	22
3434	22
3435	22
3436	22
3437	23
3438	23
3439	23
3440	23
3441	23
3442	24
3443	24
3444	24
3445	24
3446	24
3447	22
3448	21
3449	20
3450	20
3451	20
3452	20
3453	20
3454	20
3455	21
3456	21
3457	21
3458	21
3459	22
3460	22
3461	22
3462	22
3463	22
3464	23
3465	23
3466	23
3467	23
3468	23
3469	22
3470	22
3471	22
3472	22
3473	22
3474	22
3475	22
3476	22
3477	22
3478	22
3479	22
3480	21
3481	21
3482	21
3483	21
3484	21
3485	21
3486	21
3487	21
3488	21
3489	21
3490	21
3491	21
3492	21
3493	20
3494	22
3495	22
3496	22
3497	22
3498	21
3499	21
3500	21
3501	20
3502	20
3503	20
3504	20
3505	19
3506	19
3507	18
3508	19
3509	19
3510	19
3511	19
3512	19
3513	20
3514	19
3515	19
3516	19
3517	19
3518	20
3519	20
3520	20
3521	20
3522	20
3523	20
3524	20
3525	19
3526	19
3527	20
3528	20
3529	20
3530	20
3531	20
3532	20
3533	20
3534	20
3535	20
3536	20
3537	20
3538	20
3539	20
3540	19
3541	18
3542	18
3543	19
3544	19
3545	19
3546	19
3547	19
3548	19
3549	19
3550	19
3551	19
3552	19
3553	19
3554	19
3555	19
3556	19
3557	19
3558	19
3559	19
3560	19
3561	19
3562	19
3563	19
3564	19
3565	20
3566	20
3567	20
3568	20
3569	18
3570	20
3571	20
3572	21
3573	20
3574	20
3575	20
3576	20
3577	20
3578	20
3579	19
3580	18
3581	18
3582	18
3583	18
3584	17
3585	17
3586	17
3587	17
3588	16
3589	15
3590	15
3591	15
3592	15
3593	15
3594	15
3595	16
3596	16
3597	14
3598	14
3599	15
3600	15
3601	15
3602	15
3603	16
3604	16
3605	16
3606	18
3607	18
3608	17
3609	18
3610	18
3611	18
3612	18
3613	18
3614	18
3615	18
3616	17
3617	17
3618	17
3619	17
3620	17
3621	17
3622	17
3623	17
3624	17
3625	17
3626	18
3627	17
3628	16
3629	16
3630	17
3631	17
3632	17
3633	18
3634	18
3635	18
3636	18
3637	18
3638	18
3639	19
3640	19
3641	19
3642	19
3643	19
3644	19
3645	19
3646	18
3647	18
3648	18
3649	17
3650	17
3651	17
3652	16
3653	16
3654	16
3655	16
3656	16
3657	16
3658	16
3659	16
3660	16
3661	16
3662	16
3663	16
3664	15
3665	14
3666	14
3667	14
3668	14
3669	14
3670	14
3671	14
3672	14
3673	14
3674	14
3675	14
3676	13
3677	13
3678	13
3679	13
3680	12
3681	12
3682	13
3683	13
3684	13
3685	13
3686	13
3687	13
3688	13
3689	13
3690	13
3691	13
3692	13
3693	13
3694	13
3695	13
3696	12
3697	11
3698	11
3699	11
3700	10
3701	10
3702	10
3703	10
3704	10
3705	10
3706	10
3707	10
3708	10
3709	10
3710	10
3711	10
3712	11
3713	11
3714	12
3715	12
3716	12
3717	12
3718	12
3719	12
3720	12
3721	13
3722	13
3723	13
3724	13
3725	13
3726	13
3727	13
3728	13
3729	13
3730	13
3731	12
3732	12
3733	13
3734	14
3735	14
3736	14
3737	14
3738	15
3739	15
3740	14
3741	15
3742	15
3743	16
3744	16
3745	16
3746	16
3747	16
3748	16
3749	16
3750	15
3751	15
3752	17
3753	17
3754	19
3755	20
3756	20
3757	20
3758	20
3759	20
3760	20
3761	20
3762	20
3763	20
3764	20
3765	20
3766	20
3767	19
3768	19
3769	19
3770	19
3771	18
3772	16
3773	15
3774	15
3775	16
3776	16
3777	16
3778	16
3779	16
3780	15
3781	15
3782	15
3783	15
3784	15
3785	15
3786	15
3787	15
3788	15
3789	16
3790	16
3791	16
3792	16
3793	16
3794	16
3795	15
3796	15
3797	15
3798	15
3799	15
3800	15
3801	15
3802	15
3803	15
3804	15
3805	16
3806	15
3807	15
3808	15
3809	15
3810	16
3811	14
3812	14
3813	14
3814	13
3815	13
3816	14
3817	13
3818	13
3819	13
3820	13
3821	13
3822	12
3823	12
3824	12
3825	12
3826	11
3827	11
3828	11
3829	11
3830	11
3831	11
3832	11
3833	11
3834	11
3835	11
3836	11
3837	11
3838	11
3839	11
3840	12
3841	12
3842	12
3843	12
3844	12
3845	12
3846	12
3847	12
3848	12
3849	10
3850	9
3851	10
3852	10
3853	10
3854	10
3855	10
3856	10
3857	11
3858	10
3859	10
3860	10
3861	10
3862	11
3863	11
3864	11
3865	11
3866	11
3867	12
3868	12
3869	12
3870	13
3871	14
3872	14
3873	14
3874	14
3875	14
3876	14
3877	14
3878	14
3879	15
3880	15
3881	15
3882	15
3883	15
3884	15
3885	15
3886	16
3887	16
3888	16
3889	15
3890	15
3891	15
3892	15
3893	15
3894	14
3895	14
3896	14
3897	14
3898	13
3899	13
3900	13
3901	13
3902	13
3903	13
3904	13
3905	13
3906	14
3907	14
3908	15
3909	15
3910	15
3911	15
3912	15
3913	15
3914	17
3915	17
3916	18
3917	18
3918	18
3919	18
3920	18
3921	18
3922	19
3923	19
3924	19
3925	20
3926	20
3927	20
3928	20
3929	20
3930	20
3931	21
3932	22
3933	22
3934	22
3935	21
3936	21
3937	21
3938	20
3939	21
3940	21
3941	21
3942	21
3943	21
3944	23
3945	24
3946	24
3947	24
3948	24
3949	24
3950	23
3951	23
3952	23
3953	23
3954	23
3955	23
3956	23
3957	23
3958	23
3959	24
3960	24
3961	24
3962	24
3963	24
3964	24
3965	24
3966	24
3967	24
3968	24
3969	25
3970	27
3971	27
3972	27
3973	27
3974	27
3975	27
3976	27
3977	29
3978	29
3979	29
3980	29
3981	29
3982	29
3983	28
3984	28
3985	28
3986	27
3987	27
3988	27
3989	27
3990	27
3991	27
3992	26
3993	27
3994	27
3995	26
3996	26
3997	26
3998	26
3999	26
4000	26
4001	26
4002	26
4003	26
4004	26
4005	26
4006	27
4007	27
4008	27
4009	28
4010	27
4011	27
4012	27
4013	27
4014	27
4015	27
4016	27
4017	27
4018	29
4019	29
4020	29
4021	29
4022	29
4023	29
4024	29
4025	28
4026	28
4027	28
4028	28
4029	28
4030	29
4031	29
4032	29
4033	30
4034	30
4035	31
4036	31
4037	31
4038	31
4039	32
4040	32
4041	32
4042	32
4043	32
4044	32
4045	31
4046	31
4047	31
4048	31
4049	31
4050	31
4051	32
4052	32
4053	32
4054	32
4055	30
4056	30
4057	29
4058	30
4059	30
4060	31
4061	33
4062	33
4063	33
4064	33
4065	33
4066	33
4067	33
4068	33
4069	33
4070	33
4071	34
4072	34
4073	35
4074	34
4075	32
4076	31
4077	29
4078	29
4079	29
4080	29
4081	29
4082	29
4083	29
4084	29
4085	27
4086	25
4087	25
4088	25
4089	25
4090	25
4091	25
4092	25
4093	26
4094	26
4095	26
4096	27
4097	27
4098	27
4099	27
4100	27
4101	27
4102	27
4103	27
4104	29
4105	28
4106	28
4107	27
4108	27
4109	27
4110	27
4111	27
4112	28
4113	29
4114	30
4115	30
4116	30
4117	31
4118	31
4119	31
4120	31
4121	32
4122	32
4123	32
4124	32
4125	33
4126	33
4127	31
4128	31
4129	31
4130	30
4131	29
4132	27
4133	27
4134	27
4135	27
4136	27
4137	27
4138	27
4139	27
4140	26
4141	26
4142	26
4143	26
4144	26
4145	26
4146	26
4147	26
4148	26
4149	27
4150	29
4151	30
4152	31
4153	31
4154	30
4155	30
4156	30
4157	30
4158	31
4159	31
4160	31
4161	32
4162	32
4163	32
4164	33
4165	33
4166	33
4167	33
4168	33
4169	32
4170	32
4171	32
4172	32
4173	31
4174	31
4175	31
4176	31
4177	31
4178	32
4179	32
4180	32
4181	32
4182	32
4183	32
4184	32
4185	32
4186	32
4187	32
4188	32
4189	32
4190	33
4191	33
4192	34
4193	35
4194	36
4195	36
4196	36
4197	36
4198	36
4199	36
4200	37
4201	37
4202	38
4203	37
4204	38
4205	38
4206	38
4207	38
4208	38
4209	38
4210	38
4211	38
4212	39
4213	39
4214	39
4215	38
4216	38
4217	37
4218	36
4219	36
4220	35
4221	35
4222	35
4223	34
4224	34
4225	34
4226	34
4227	34
4228	34
4229	34
4230	34
4231	34
4232	34
4233	34
4234	36
4235	36
4236	36
4237	34
4238	33
4239	34
4240	34
4241	33
4242	32
4243	32
4244	32
4245	32
4246	32
4247	32
4248	32
4249	32
4250	32
4251	32
4252	31
4253	31
4254	30
4255	30
4256	31
4257	30
4258	30
4259	30
4260	30
4261	30
4262	29
4263	29
4264	29
4265	29
4266	29
4267	28
4268	28
4269	28
4270	28
4271	27
4272	27
4273	27
4274	27
4275	29
4276	29
4277	28
4278	28
4279	28
4280	28
4281	29
4282	29
4283	29
4284	29
4285	29
4286	28
4287	27
4288	27
4289	27
4290	28
4291	28
4292	28
4293	28
4294	28
4295	27
4296	28
4297	28
4298	28
4299	28
4300	29
4301	29
4302	29
4303	29
4304	29
4305	29
4306	27
4307	26
4308	26
4309	26
4310	25
4311	24
4312	24
4313	24
4314	24
4315	24
4316	24
4317	24
4318	23
4319	23
4320	23
4321	23
4322	23
4323	23
4324	22
4325	21
4326	21
4327	21
4328	21
4329	21
4330	21
4331	20
4332	20
4333	19
4334	19
4335	19
4336	20
4337	20
4338	20
4339	20
4340	20
4341	18
4342	19
4343	19
4344	19
4345	19
4346	19
4347	19
4348	19
4349	19
4350	19
4351	20
4352	18
4353	18
4354	16
4355	16
4356	17
4357	17
4358	16
4359	16
4360	16
4361	16
4362	16
4363	16
4364	16
4365	16
4366	17
4367	16
4368	16
4369	16
4370	16
4371	16
4372	16
4373	16
4374	16
4375	16
4376	16
4377	16
4378	16
4379	16
4380	16
4381	17
4382	17
4383	18
4384	19
4385	19
4386	20
4387	20
4388	20
4389	20
4390	20
4391	20
4392	20
4393	19
4394	19
4395	20
4396	19
4397	19
4398	19
4399	19
4400	20
4401	21
4402	21
4403	21
4404	21
4405	21
4406	21
4407	21
4408	21
4409	20
4410	20
4411	21
4412	20
4413	20
4414	21
4415	22
4416	21
4417	21
4418	21
4419	22
4420	23
4421	23
4422	23
4423	23
4424	23
4425	24
4426	24
4427	25
4428	26
4429	26
4430	26
4431	26
4432	27
4433	27
4434	26
4435	27
4436	27
4437	26
4438	28
4439	28
4440	28
4441	28
4442	28
4443	28
4444	29
4445	29
4446	29
4447	29
4448	29
4449	29
4450	28
4451	29
4452	29
4453	29
4454	29
4455	29
4456	30
4457	31
4458	31
4459	31
4460	31
4461	31
4462	31
4463	31
4464	31
4465	31
4466	30
4467	30
4468	30
4469	31
4470	31
4471	31
4472	32
4473	32
4474	32
4475	32
4476	32
4477	32
4478	32
4479	31
4480	31
4481	31
4482	31
4483	31
4484	31
4485	30
4486	30
4487	30
4488	28
4489	28
4490	28
4491	29
4492	29
4493	29
4494	28
4495	28
4496	28
4497	28
4498	28
4499	28
4500	27
4501	27
4502	27
4503	27
4504	25
4505	26
4506	26
4507	26
4508	27
4509	26
4510	26
4511	26
4512	25
4513	26
4514	26
4515	27
4516	27
4517	28
4518	27
4519	27
4520	27
4521	27
4522	27
4523	27
4524	26
4525	26
4526	26
4527	26
4528	25
4529	25
4530	24
4531	24
4532	24
4533	23
4534	23
4535	22
4536	22
4537	22
4538	22
4539	24
4540	24
4541	24
4542	24
4543	24
4544	23
4545	23
4546	23
4547	23
4548	22
4549	22
4550	23
4551	23
4552	26
4553	26
4554	26
4555	26
4556	26
4557	26
4558	27
4559	27
4560	28
4561	28
4562	30
4563	30
4564	30
4565	30
4566	30
4567	30
4568	30
4569	30
4570	30
4571	30
4572	30
4573	30
4574	30
4575	30
4576	30
4577	30
4578	30
4579	28
4580	28
4581	27
4582	27
4583	27
4584	26
4585	26
4586	26
4587	25
4588	25
4589	25
4590	25
4591	25
4592	25
4593	25
4594	25
4595	25
4596	25
4597	25
4598	25
4599	25
4600	27
4601	27
4602	27
4603	27
4604	27
4605	27
4606	27
4607	29
4608	29
4609	31
4610	32
4611	32
4612	32
4613	32
4614	30
4615	31
4616	30
4617	29
4618	28
4619	28
4620	28
4621	28
4622	27
4623	27
4624	27
4625	27
4626	27
4627	28
4628	28
4629	27
4630	26
4631	25
4632	25
4633	25
4634	25
4635	27
4636	28
4637	27
4638	26
4639	26
4640	26
4641	26
4642	26
4643	26
4644	26
4645	25
4646	25
4647	24
4648	25
4649	24
4650	25
4651	24
4652	24
4653	25
4654	25
4655	25
4656	25
4657	25
4658	25
4659	25
4660	25
4661	25
4662	26
4663	26
4664	27
4665	27
4666	26
4667	27
4668	27
4669	27
4670	29
4671	28
4672	27
4673	26
4674	26
4675	27
4676	27
4677	27
4678	27
4679	27
4680	28
4681	28
4682	27
4683	27
4684	28
4685	27
4686	27
4687	27
4688	27
4689	28
4690	28
4691	29
4692	29
4693	27
4694	26
4695	26
4696	27
4697	27
4698	27
4699	27
4700	27
4701	27
4702	27
4703	27
4704	27
4705	26
4706	26
4707	25
4708	25
4709	25
4710	25
4711	26
4712	27
4713	27
4714	27
4715	26
4716	26
4717	26
4718	26
4719	26
4720	27
4721	26
4722	26
4723	26
4724	26
4725	26
4726	26
4727	26
4728	26
4729	26
4730	25
4731	25
4732	25
4733	25
4734	25
4735	25
4736	25
4737	25
4738	25
4739	25
4740	25
4741	26
4742	26
4743	24
4744	24
4745	24
4746	24
4747	24
4748	24
4749	24
4750	24
4751	24
4752	24
4753	23
4754	22
4755	22
4756	21
4757	21
4758	21
4759	21
4760	21
4761	21
4762	21
4763	21
4764	21
4765	21
4766	21
4767	21
4768	21
4769	20
4770	20
4771	20
4772	19
4773	19
4774	19
4775	18
4776	18
4777	17
4778	17
4779	17
4780	18
4781	19
4782	19
4783	18
4784	18
4785	18
4786	18
4787	19
4788	19
4789	19
4790	19
4791	19
4792	17
4793	17
4794	17
4795	17
4796	17
4797	17
4798	18
4799	18
4800	18
4801	18
4802	18
4803	19
4804	19
4805	18
4806	18
4807	18
4808	18
4809	18
4810	18
4811	18
4812	18
4813	18
4814	18
4815	18
4816	18
4817	18
4818	18
4819	18
4820	18
4821	18
4822	18
4823	19
4824	19
4825	20
4826	20
4827	19
4828	19
4829	19
4830	17
4831	18
4832	19
4833	20
4834	20
4835	20
4836	20
4837	20
4838	21
4839	21
4840	21
4841	21
4842	20
4843	20
4844	20
4845	19
4846	20
4847	20
4848	20
4849	20
4850	20
4851	18
4852	18
4853	18
4854	18
4855	18
4856	18
4857	18
4858	18
4859	18
4860	17
4861	17
4862	17
4863	17
4864	17
4865	17
4866	17
4867	16
4868	16
4869	17
4870	18
4871	19
4872	19
4873	19
4874	19
4875	19
4876	19
4877	19
4878	19
4879	19
4880	19
4881	19
4882	18
4883	18
4884	18
4885	18
4886	17
4887	18
4888	18
4889	18
4890	18
4891	18
4892	18
4893	18
4894	18
4895	18
4896	18
4897	18
4898	17
4899	16
4900	17
4901	17
4902	17
4903	17
4904	18
4905	18
4906	18
4907	18
4908	18
4909	18
4910	17
4911	18
4912	18
4913	18
4914	18
4915	18
4916	18
4917	18
4918	18
4919	18
4920	18
4921	18
4922	18
4923	18
4924	17
4925	17
4926	16
4927	15
4928	15
4929	16
4930	16
4931	16
4932	16
4933	16
4934	15
4935	16
4936	16
4937	16
4938	16
4939	16
4940	16
4941	16
4942	16
4943	16
4944	16
4945	16
4946	16
4947	16
4948	16
4949	16
4950	16
4951	16
4952	17
4953	17
4954	17
4955	18
4956	18
4957	18
4958	19
4959	19
4960	19
4961	19
4962	19
4963	19
4964	19
4965	19
4966	19
4967	19
4968	19
4969	19
4970	19
4971	20
4972	22
4973	22
4974	23
4975	24
4976	24
4977	24
4978	24
4979	24
4980	23
4981	23
4982	23
4983	23
4984	23
4985	24
4986	24
4987	24
4988	24
4989	24
4990	24
4991	24
4992	24
4993	23
4994	23
4995	21
4996	21
4997	21
4998	21
4999	21
5000	21
5001	21
5002	21
5003	21
5004	21
5005	21
5006	21
5007	21
5008	21
5009	21
5010	22
5011	22
5012	23
5013	23
5014	24
5015	24
5016	25
5017	25
5018	24
5019	24
5020	24
5021	24
5022	24
5023	24
5024	25
5025	25
5026	25
5027	25
5028	25
5029	25
5030	24
5031	23
5032	22
5033	21
5034	21
5035	21
5036	21
5037	21
5038	20
5039	19
5040	18
5041	18
5042	19
5043	19
5044	20
5045	20
5046	20
5047	20
5048	22
5049	22
5050	22
5051	23
5052	23
5053	23
5054	23
5055	24
5056	23
5057	23
5058	23
5059	23
5060	23
5061	23
5062	22
5063	23
5064	23
5065	23
5066	23
5067	23
5068	23
5069	23
5070	23
5071	22
5072	22
5073	22
5074	22
5075	22
5076	22
5077	22
5078	21
5079	20
5080	20
5081	20
5082	19
5083	19
5084	21
5085	21
5086	20
5087	20
5088	20
5089	20
5090	20
5091	19
5092	19
5093	19
5094	19
5095	19
5096	21
5097	21
5098	21
5099	21
5100	21
5101	21
5102	21
5103	21
5104	21
5105	21
5106	21
5107	21
5108	21
5109	20
5110	21
5111	20
5112	20
5113	20
5114	20
5115	20
5116	21
5117	21
5118	20
5119	20
5120	20
5121	20
5122	20
5123	20
5124	20
5125	20
5126	20
5127	20
5128	20
5129	21
5130	21
5131	21
5132	21
5133	21
5134	20
5135	20
5136	20
5137	21
5138	21
5139	21
5140	22
5141	23
5142	23
5143	23
5144	23
5145	23
5146	23
5147	23
5148	24
5149	24
5150	24
5151	23
5152	23
5153	23
5154	23
5155	23
5156	23
5157	23
5158	23
5159	22
5160	22
5161	22
5162	22
5163	22
5164	22
5165	22
5166	22
5167	22
5168	22
5169	22
5170	22
5171	22
5172	22
5173	22
5174	22
5175	22
5176	22
5177	22
5178	21
5179	21
5180	22
5181	22
5182	22
5183	22
5184	21
5185	21
5186	21
5187	21
5188	21
5189	21
5190	21
5191	21
5192	21
5193	21
5194	22
5195	22
5196	22
5197	22
5198	23
5199	23
5200	23
5201	23
5202	23
5203	23
5204	24
5205	24
5206	23
5207	23
5208	24
5209	24
5210	24
5211	24
5212	24
5213	24
5214	24
5215	24
5216	24
5217	25
5218	26
5219	25
5220	26
5221	26
5222	26
5223	26
5224	26
5225	26
5226	27
5227	29
5228	29
5229	29
5230	30
5231	30
5232	30
5233	30
5234	29
5235	29
5236	29
5237	31
5238	32
5239	31
5240	31
5241	31
5242	31
5243	30
5244	30
5245	29
5246	28
5247	28
5248	27
5249	27
5250	27
5251	27
5252	27
5253	26
5254	26
5255	26
5256	25
5257	25
5258	25
5259	25
5260	25
5261	24
5262	24
5263	24
5264	23
5265	23
5266	25
5267	25
5268	26
5269	26
5270	27
5271	26
5272	26
5273	26
5274	26
5275	25
5276	25
5277	26
5278	24
5279	25
5280	25
5281	26
5282	27
5283	28
5284	28
5285	27
5286	27
5287	28
5288	28
5289	27
5290	27
5291	27
5292	27
5293	28
5294	29
5295	29
5296	28
5297	29
5298	28
5299	28
5300	28
5301	27
5302	27
5303	26
5304	25
5305	25
5306	25
5307	25
5308	24
5309	25
5310	25
5311	26
5312	25
5313	25
5314	27
5315	27
5316	27
5317	27
5318	27
5319	28
5320	29
5321	29
5322	29
5323	29
5324	28
5325	28
5326	28
5327	28
5328	28
5329	28
5330	28
5331	29
5332	29
5333	29
5334	30
5335	30
5336	28
5337	28
5338	28
5339	26
5340	26
5341	27
5342	27
5343	28
5344	28
5345	28
5346	28
5347	28
5348	28
5349	28
5350	28
5351	28
5352	29
5353	28
5354	27
5355	27
5356	28
5357	29
5358	29
5359	28
5360	27
5361	26
5362	26
5363	27
5364	28
5365	28
5366	28
5367	28
5368	28
5369	28
5370	29
5371	29
5372	29
5373	29
5374	29
5375	29
5376	28
5377	28
5378	28
5379	29
5380	29
5381	29
5382	28
5383	28
5384	28
5385	28
5386	28
5387	28
5388	27
5389	26
5390	26
5391	25
5392	25
5393	26
5394	25
5395	25
5396	23
5397	23
5398	22
5399	23
5400	23
5401	22
5402	21
5403	21
5404	21
5405	21
5406	20
5407	20
5408	20
5409	21
5410	22
5411	24
5412	24
5413	25
5414	26
5415	26
5416	26
5417	26
5418	26
5419	26
5420	26
5421	25
5422	25
5423	24
5424	24
5425	24
5426	24
5427	22
5428	22
5429	23
5430	23
5431	23
5432	22
5433	22
5434	22
5435	22
5436	23
5437	23
5438	23
5439	23
5440	23
5441	24
5442	24
5443	24
5444	24
5445	23
5446	24
5447	24
5448	24
5449	24
5450	23
5451	23
5452	23
5453	23
5454	23
5455	23
5456	23
5457	23
5458	23
5459	23
5460	23
5461	24
5462	25
5463	25
5464	24
5465	24
5466	24
5467	24
5468	24
5469	24
5470	24
5471	24
5472	24
5473	24
5474	24
5475	23
5476	23
5477	23
5478	21
5479	21
5480	19
5481	19
5482	19
5483	18
5484	18
5485	18
5486	18
5487	18
5488	18
5489	20
5490	22
5491	23
5492	23
5493	23
5494	23
5495	23
5496	22
5497	20
5498	20
5499	21
5500	22
5501	22
5502	22
5503	24
5504	24
5505	23
5506	23
5507	22
5508	22
5509	22
5510	22
5511	22
5512	21
5513	21
5514	21
5515	21
5516	21
5517	22
5518	20
5519	21
5520	22
5521	22
5522	23
5523	23
5524	23
5525	23
5526	23
5527	23
5528	23
5529	23
5530	23
5531	22
5532	22
5533	22
5534	22
5535	22
5536	23
5537	23
5538	22
5539	22
5540	22
5541	22
5542	21
5543	21
5544	21
5545	21
5546	21
5547	21
5548	22
5549	23
5550	24
5551	23
5552	26
5553	26
5554	26
5555	27
5556	27
5557	27
5558	26
5559	26
5560	26
5561	26
5562	26
5563	26
5564	26
5565	27
5566	27
5567	26
5568	26
5569	26
5570	26
5571	27
5572	27
5573	26
5574	27
5575	27
5576	27
5577	27
5578	27
5579	28
5580	28
5581	27
5582	26
5583	27
5584	27
5585	27
5586	27
5587	26
5588	26
5589	26
5590	26
5591	28
5592	28
5593	28
5594	27
5595	28
5596	28
5597	28
5598	29
5599	29
5600	27
5601	28
5602	28
5603	28
5604	27
5605	28
5606	28
5607	28
5608	27
5609	27
5610	27
5611	27
5612	27
5613	27
5614	27
5615	26
5616	26
5617	25
5618	25
5619	25
5620	26
5621	28
5622	27
5623	27
5624	27
5625	27
5626	27
5627	27
5628	27
5629	26
5630	26
5631	25
5632	25
5633	25
5634	25
5635	25
5636	25
5637	24
5638	24
5639	24
5640	23
5641	23
5642	23
5643	22
5644	22
5645	22
5646	23
5647	23
5648	23
5649	23
5650	23
5651	23
5652	23
5653	23
5654	22
5655	21
5656	22
5657	23
5658	23
5659	23
5660	23
5661	23
5662	23
5663	23
5664	22
5665	22
5666	22
5667	22
5668	22
5669	23
5670	23
5671	25
5672	24
5673	25
5674	25
5675	24
5676	24
5677	24
5678	24
5679	25
5680	25
5681	25
5682	26
5683	26
5684	26
5685	26
5686	26
5687	25
5688	25
5689	24
5690	24
5691	24
5692	24
5693	25
5694	25
5695	25
5696	24
5697	24
5698	24
5699	24
5700	23
5701	23
5702	23
5703	23
5704	23
5705	23
5706	24
5707	24
5708	23
5709	23
5710	24
5711	24
5712	24
5713	24
5714	24
5715	24
5716	24
5717	24
5718	25
5719	25
5720	25
5721	25
5722	25
5723	25
5724	26
5725	26
5726	25
5727	25
5728	24
5729	24
5730	24
5731	25
5732	25
5733	26
5734	26
5735	27
5736	26
5737	26
5738	26
5739	26
5740	26
5741	26
5742	26
5743	26
5744	26
5745	28
5746	28
5747	29
5748	28
5749	27
5750	24
5751	23
5752	23
5753	23
5754	23
5755	23
5756	23
5757	23
5758	24
5759	24
5760	24
5761	24
5762	24
5763	24
5764	24
5765	23
5766	23
5767	24
5768	24
5769	25
5770	26
5771	28
5772	30
5773	30
5774	30
5775	30
5776	30
5777	30
5778	30
5779	31
5780	31
5781	31
5782	31
5783	31
5784	31
5785	31
5786	31
5787	32
5788	30
5789	30
5790	29
5791	27
5792	27
5793	27
5794	27
5795	28
5796	28
5797	28
5798	28
5799	28
5800	28
5801	28
5802	28
5803	27
5804	27
5805	26
5806	26
5807	25
5808	24
5809	22
5810	21
5811	21
5812	22
5813	22
5814	22
5815	23
5816	22
5817	22
5818	22
5819	22
5820	23
5821	24
5822	24
5823	24
5824	24
5825	22
5826	22
5827	22
5828	22
5829	23
5830	23
5831	23
5832	23
5833	23
5834	23
5835	23
5836	24
5837	22
5838	22
5839	21
5840	21
5841	21
5842	21
5843	21
5844	19
5845	19
5846	19
5847	19
5848	18
5849	18
5850	19
5851	19
5852	20
5853	20
5854	20
5855	20
5856	20
5857	20
5858	20
5859	19
5860	19
5861	19
5862	19
5863	19
5864	20
5865	20
5866	21
5867	22
5868	23
5869	23
5870	24
5871	24
5872	25
5873	25
5874	24
5875	24
5876	24
5877	24
5878	25
5879	24
5880	24
5881	23
5882	23
5883	23
5884	22
5885	22
5886	22
5887	21
5888	21
5889	21
5890	21
5891	20
5892	20
5893	18
5894	18
5895	19
5896	18
5897	17
5898	17
5899	17
5900	18
5901	17
5902	17
5903	18
5904	18
5905	16
5906	16
5907	16
5908	16
5909	16
5910	17
5911	17
5912	18
5913	19
5914	19
5915	19
5916	19
5917	19
5918	19
5919	19
5920	19
5921	19
5922	20
5923	20
5924	20
5925	19
5926	19
5927	18
5928	18
5929	18
5930	18
5931	17
5932	16
5933	16
5934	16
5935	16
5936	16
5937	16
5938	16
5939	16
5940	16
5941	16
5942	17
5943	17
5944	17
5945	17
5946	17
5947	17
5948	17
5949	19
5950	19
5951	20
5952	20
5953	20
5954	20
5955	21
5956	21
5957	21
5958	22
5959	23
5960	23
5961	23
5962	22
5963	22
5964	22
5965	22
5966	22
5967	22
5968	20
5969	21
5970	19
5971	19
5972	19
5973	18
5974	18
5975	17
5976	17
5977	17
5978	17
5979	16
5980	16
5981	16
5982	17
5983	17
5984	17
5985	18
5986	18
5987	18
5988	18
5989	19
5990	19
5991	19
5992	19
5993	19
5994	19
5995	19
5996	19
5997	19
5998	19
5999	19
6000	20
6001	20
6002	21
6003	21
6004	22
6005	22
6006	22
6007	23
6008	23
6009	22
6010	22
6011	23
6012	23
6013	23
6014	23
6015	24
6016	23
6017	24
6018	23
6019	23
6020	23
6021	22
6022	24
6023	22
6024	22
6025	21
6026	21
6027	21
6028	22
6029	22
6030	23
6031	24
6032	25
6033	26
6034	26
6035	25
6036	26
6037	27
6038	27
6039	28
6040	28
6041	28
6042	28
6043	28
6044	28
6045	29
6046	30
6047	30
6048	30
6049	31
6050	31
6051	30
6052	30
6053	30
6054	30
6055	30
6056	28
6057	28
6058	27
6059	27
6060	27
6061	27
6062	26
6063	26
6064	26
6065	27
6066	26
6067	26
6068	26
6069	26
6070	25
6071	25
6072	25
6073	25
6074	25
6075	26
6076	26
6077	27
6078	27
6079	27
6080	27
6081	27
6082	27
6083	26
6084	26
6085	26
6086	25
6087	24
6088	24
6089	24
6090	23
6091	23
6092	23
6093	24
6094	24
6095	24
6096	24
6097	24
6098	23
6099	23
6100	23
6101	24
6102	24
6103	24
6104	24
6105	24
6106	22
6107	22
6108	22
6109	22
6110	22
6111	22
6112	22
6113	22
6114	21
6115	21
6116	20
6117	20
6118	20
6119	20
6120	19
6121	19
6122	19
6123	19
6124	19
6125	19
6126	19
6127	19
6128	19
6129	20
6130	19
6131	19
6132	19
6133	19
6134	19
6135	20
6136	20
6137	20
6138	20
6139	20
6140	20
6141	20
6142	20
6143	20
6144	20
6145	20
6146	20
6147	20
6148	21
6149	21
6150	21
6151	22
6152	22
6153	22
6154	23
6155	23
6156	23
6157	23
6158	23
6159	23
6160	23
6161	23
6162	23
6163	23
6164	22
6165	22
6166	22
6167	22
6168	22
6169	22
6170	21
6171	21
6172	21
6173	21
6174	21
6175	21
6176	21
6177	21
6178	21
6179	21
6180	21
6181	20
6182	20
6183	20
6184	20
6185	20
6186	20
6187	20
6188	20
6189	20
6190	21
6191	21
6192	21
6193	21
6194	21
6195	21
6196	21
6197	21
6198	21
6199	21
6200	21
6201	21
6202	21
6203	21
6204	21
6205	21
6206	21
6207	21
6208	22
6209	21
6210	21
6211	21
6212	21
6213	21
6214	21
6215	21
6216	21
6217	20
6218	20
6219	22
6220	22
6221	22
6222	24
6223	24
6224	24
6225	24
6226	24
6227	24
6228	25
6229	25
6230	25
6231	25
6232	26
6233	26
6234	26
6235	26
6236	26
6237	25
6238	25
6239	23
6240	23
6241	23
6242	22
6243	22
6244	22
6245	20
6246	20
6247	20
6248	20
6249	20
6250	19
6251	18
6252	19
6253	18
6254	18
6255	20
6256	20
6257	21
6258	21
6259	21
6260	21
6261	21
6262	21
6263	21
6264	20
6265	20
6266	20
6267	20
6268	20
6269	19
6270	19
6271	19
6272	19
6273	19
6274	21
6275	21
6276	21
6277	21
6278	21
6279	21
6280	20
6281	20
6282	20
6283	20
6284	20
6285	20
6286	20
6287	20
6288	20
6289	21
6290	21
6291	21
6292	21
6293	21
6294	21
6295	20
6296	19
6297	17
6298	17
6299	18
6300	18
6301	19
6302	19
6303	19
6304	19
6305	19
6306	19
6307	19
6308	19
6309	21
6310	20
6311	20
6312	19
6313	19
6314	19
6315	18
6316	18
6317	18
6318	18
6319	17
6320	17
6321	17
6322	16
6323	16
6324	16
6325	16
6326	15
6327	14
6328	14
6329	14
6330	14
6331	14
6332	14
6333	13
6334	13
6335	13
6336	13
6337	13
6338	13
6339	13
6340	13
6341	13
6342	13
6343	13
6344	13
6345	14
6346	14
6347	14
6348	14
6349	14
6350	14
6351	14
6352	14
6353	14
6354	13
6355	13
6356	13
6357	13
6358	13
6359	14
6360	14
6361	14
6362	15
6363	15
6364	15
6365	15
6366	15
6367	15
6368	15
6369	15
6370	15
6371	15
6372	15
6373	15
6374	15
6375	15
6376	15
6377	15
6378	15
6379	15
6380	16
6381	16
6382	16
6383	16
6384	16
6385	16
6386	16
6387	16
6388	15
6389	15
6390	15
6391	15
6392	15
6393	15
6394	15
6395	15
6396	16
6397	15
6398	15
6399	17
6400	17
6401	17
6402	17
6403	17
6404	17
6405	17
6406	17
6407	17
6408	17
6409	17
6410	17
6411	16
6412	16
6413	16
6414	16
6415	16
6416	16
6417	15
6418	12
6419	12
6420	13
6421	13
6422	13
6423	13
6424	13
6425	13
6426	13
6427	13
6428	12
6429	13
6430	13
6431	13
6432	13
6433	13
6434	13
6435	13
6436	13
6437	13
6438	13
6439	13
6440	13
6441	14
6442	14
6443	14
6444	14
6445	15
6446	16
6447	17
6448	17
6449	17
6450	18
6451	18
6452	18
6453	19
6454	19
6455	19
6456	19
6457	19
6458	18
6459	18
6460	18
6461	18
6462	18
6463	18
6464	18
6465	18
6466	18
6467	18
6468	18
6469	18
6470	17
6471	17
6472	17
6473	17
6474	17
6475	17
6476	17
6477	17
6478	17
6479	17
6480	16
6481	16
6482	16
6483	16
6484	15
6485	15
6486	15
6487	15
6488	15
6489	18
6490	18
6491	17
6492	17
6493	17
6494	17
6495	17
6496	18
6497	18
6498	17
6499	18
6500	18
6501	18
6502	18
6503	18
6504	18
6505	18
6506	18
6507	17
6508	17
6509	17
6510	17
6511	17
6512	17
6513	17
6514	17
6515	16
6516	15
6517	15
6518	16
6519	16
6520	16
6521	16
6522	16
6523	16
6524	16
6525	16
6526	16
6527	16
6528	16
6529	16
6530	16
6531	16
6532	16
6533	17
6534	17
6535	17
6536	17
6537	17
6538	17
6539	17
6540	17
6541	18
6542	18
6543	18
6544	18
6545	18
6546	17
6547	17
6548	17
6549	17
6550	19
6551	19
6552	20
6553	20
6554	20
6555	20
6556	19
6557	18
6558	17
6559	17
6560	17
6561	17
6562	16
6563	16
6564	16
6565	16
6566	16
6567	16
6568	16
6569	17
6570	18
6571	18
6572	19
6573	19
6574	19
6575	19
6576	19
6577	18
6578	18
6579	19
6580	18
6581	18
6582	18
6583	18
6584	18
6585	18
6586	16
6587	16
6588	15
6589	15
6590	15
6591	15
6592	15
6593	15
6594	16
6595	17
6596	17
6597	16
6598	16
6599	16
6600	16
6601	16
6602	16
6603	15
6604	15
6605	15
6606	15
6607	14
6608	14
6609	14
6610	14
6611	14
6612	13
6613	13
6614	13
6615	13
6616	13
6617	13
6618	13
6619	13
6620	13
6621	13
6622	12
6623	11
6624	11
6625	11
6626	10
6627	10
6628	10
6629	10
6630	12
6631	12
6632	13
6633	14
6634	15
6635	15
6636	15
6637	15
6638	16
6639	16
6640	16
6641	16
6642	17
6643	17
6644	18
6645	18
6646	17
6647	17
6648	17
6649	17
6650	16
6651	15
6652	15
6653	15
6654	15
6655	15
6656	15
6657	15
6658	15
6659	15
6660	15
6661	15
6662	15
6663	14
6664	14
6665	14
6666	14
6667	14
6668	14
6669	15
6670	15
6671	14
6672	14
6673	14
6674	14
6675	14
6676	14
6677	14
6678	14
6679	14
6680	14
6681	14
6682	14
6683	14
6684	14
6685	14
6686	14
6687	14
6688	14
6689	14
6690	14
6691	13
6692	13
6693	13
6694	13
6695	13
6696	13
6697	13
6698	12
6699	12
6700	11
6701	11
6702	11
6703	11
6704	11
6705	12
6706	12
6707	12
6708	12
6709	12
6710	12
6711	12
6712	12
6713	12
6714	12
6715	12
6716	12
6717	12
6718	12
6719	12
6720	13
6721	13
6722	13
6723	13
6724	13
6725	13
6726	13
6727	13
6728	13
6729	13
6730	13
6731	14
6732	13
6733	13
6734	13
6735	13
6736	13
6737	12
6738	12
6739	11
6740	11
6741	11
6742	11
6743	11
6744	11
6745	11
6746	11
6747	11
6748	11
6749	11
6750	11
6751	11
6752	11
6753	11
6754	11
6755	12
6756	12
6757	12
6758	12
6759	14
6760	14
6761	14
6762	14
6763	14
6764	14
6765	15
6766	15
6767	15
6768	15
6769	15
6770	15
6771	15
6772	15
6773	14
6774	14
6775	14
6776	13
6777	13
6778	12
6779	12
6780	12
6781	12
6782	12
6783	12
6784	12
6785	12
6786	13
6787	13
6788	13
6789	13
6790	13
6791	13
6792	13
6793	13
6794	13
6795	13
6796	13
6797	12
6798	11
6799	10
6800	10
6801	10
6802	10
6803	10
6804	10
6805	10
6806	11
6807	11
6808	11
6809	11
6810	11
6811	11
6812	11
6813	11
6814	11
6815	11
6816	12
6817	12
6818	12
6819	12
6820	12
6821	12
6822	12
6823	12
6824	12
6825	12
6826	12
6827	12
6828	12
6829	11
6830	11
6831	11
6832	12
6833	12
6834	12
6835	12
6836	12
6837	12
6838	12
6839	11
6840	11
6841	11
6842	11
6843	11
6844	11
6845	11
6846	11
6847	11
6848	11
6849	13
6850	13
6851	14
6852	15
6853	15
6854	15
6855	15
6856	16
6857	16
6858	17
6859	17
6860	17
6861	17
6862	17
6863	17
6864	15
6865	15
6866	14
6867	14
6868	14
6869	14
6870	14
6871	14
6872	14
6873	14
6874	14
6875	14
6876	14
6877	14
6878	14
6879	14
6880	14
6881	14
6882	14
6883	14
6884	14
6885	14
6886	14
6887	14
6888	14
6889	13
6890	13
6891	15
6892	15
6893	14
6894	14
6895	14
6896	14
6897	14
6898	14
6899	14
6900	15
6901	14
6902	14
6903	14
6904	14
6905	14
6906	14
6907	14
6908	14
6909	14
6910	14
6911	14
6912	13
6913	14
6914	14
6915	14
6916	14
6917	13
6918	12
6919	12
6920	12
6921	11
6922	11
6923	11
6924	11
6925	11
6926	11
6927	11
6928	12
6929	12
6930	12
6931	12
6932	12
6933	12
6934	12
6935	12
6936	12
6937	12
6938	12
6939	12
6940	13
6941	13
6942	12
6943	12
6944	12
6945	12
6946	12
6947	12
6948	12
6949	12
6950	12
6951	12
6952	12
6953	11
6954	12
6955	12
6956	12
6957	12
6958	12
6959	12
6960	12
6961	12
6962	12
6963	12
6964	12
6965	12
6966	12
6967	12
6968	12
6969	13
6970	13
6971	13
6972	13
6973	13
6974	13
6975	13
6976	13
6977	13
6978	13
6979	13
6980	13
6981	13
6982	13
6983	13
6984	14
6985	14
6986	14
6987	14
6988	13
6989	13
6990	14
6991	14
6992	14
6993	14
6994	14
6995	14
6996	14
6997	14
6998	14
6999	14
7000	14
7001	14
7002	15
7003	15
7004	15
7005	14
7006	14
7007	14
7008	14
7009	14
7010	14
7011	13
7012	13
7013	13
7014	13
7015	13
7016	13
7017	13
7018	13
7019	13
7020	13
7021	13
7022	13
7023	13
7024	13
7025	14
7026	13
7027	13
7028	13
7029	13
7030	13
7031	13
7032	13
7033	13
7034	13
7035	13
7036	13
7037	13
7038	13
7039	13
7040	13
7041	13
7042	13
7043	12
7044	12
7045	11
7046	11
7047	11
7048	11
7049	11
7050	11
7051	11
7052	11
7053	11
7054	11
7055	11
7056	11
7057	10
7058	10
7059	10
7060	10
7061	10
7062	10
7063	10
7064	10
7065	9
7066	9
7067	9
7068	9
7069	9
7070	8
7071	8
7072	8
7073	8
7074	8
7075	8
7076	8
7077	8
7078	8
7079	8
7080	8
7081	8
7082	8
7083	8
7084	8
7085	7
7086	7
7087	7
7088	7
7089	8
7090	8
7091	8
7092	8
7093	8
7094	8
7095	8
7096	8
7097	8
7098	7
7099	7
7100	7
7101	7
7102	7
7103	7
7104	7
7105	7
7106	7
7107	7
7108	7
7109	7
7110	7
7111	7
7112	7
7113	7
7114	7
7115	7
7116	7
7117	7
7118	7
7119	7
7120	7
7121	7
7122	6
7123	6
7124	6
7125	6
7126	6
7127	6
7128	6
7129	6
7130	6
7131	6
7132	6
7133	6
7134	6
7135	6
7136	6
7137	6
7138	6
7139	6
7140	6
7141	6
7142	6
7143	7
7144	7
7145	7
7146	7
7147	7
7148	7
7149	7
7150	7
7151	7
7152	7
7153	7
7154	7
7155	7
7156	7
7157	7
7158	7
7159	7
7160	7
7161	7
7162	8
7163	8
7164	8
7165	8
7166	8
7167	8
7168	8
7169	8
7170	8
7171	9
7172	9
7173	9
7174	9
7175	9
7176	9
7177	9
7178	9
7179	10
7180	11
7181	11
7182	11
7183	11
7184	11
7185	11
7186	11
7187	11
7188	11
7189	11
7190	10
7191	10
7192	10
7193	10
7194	10
7195	10
7196	10
7197	10
7198	10
7199	10
7200	10
7201	10
7202	10
7203	10
7204	10
7205	9
7206	9
7207	9
7208	9
7209	9
7210	9
7211	9
7212	9
7213	9
7214	9
7215	9
7216	9
7217	9
7218	9
7219	9
7220	9
7221	9
7222	8
7223	8
7224	8
7225	8
7226	8
7227	7
7228	7
7229	7
7230	7
7231	7
7232	7
7233	6
7234	5
7235	5
7236	5
7237	5
7238	5
7239	5
7240	5
7241	5
7242	5
7243	5
7244	5
7245	5
7246	5
7247	5
7248	5
7249	5
7250	5
7251	5
7252	5
7253	5
7254	5
7255	5
7256	5
7257	5
7258	5
7259	5
7260	5
7261	5
7262	5
7263	5
7264	5
7265	5
7266	5
7267	5
7268	5
7269	5
7270	5
7271	5
7272	5
7273	5
7274	6
7275	6
7276	6
7277	5
7278	5
7279	5
7280	5
7281	5
7282	5
7283	5
7284	5
7285	5
7286	5
7287	5
7288	5
7289	6
7290	7
7291	7
7292	7
7293	7
7294	7
7295	7
7296	7
7297	7
7298	7
7299	7
7300	6
7301	6
7302	6
7303	6
7304	6
7305	6
7306	6
7307	6
7308	6
7309	6
7310	6
7311	6
7312	6
7313	5
7314	4
7315	4
7316	4
7317	4
7318	3
7319	3
7320	3
7321	3
7322	3
7323	3
7324	3
7325	3
7326	3
7327	3
7328	3
7329	3
7330	3
7331	3
7332	3
7333	3
7334	3
7335	3
7336	3
7337	3
7338	3
7339	3
7340	3
7341	3
7342	3
7343	3
7344	3
7345	2
7346	1
7347	1
7348	1
7349	1
7350	1
7351	1
7352	1
7353	1
7354	1
7355	1
7356	1
7357	1
7358	1
7359	1
7360	1
7361	1
7362	1
7363	1
7364	1
7365	1
7366	1
7367	1
7368	1
7369	1
7370	1
7371	1
7372	1
7373	1
7374	1
7375	1
7376	1
7377	1
7378	1
7379	1
7380	1
7381	1
7382	1
7383	1
7384	1
7385	1
7386	1
7387	1
7388	1
7389	1
7390	1
7391	1
7392	1
7393	1
7394	1
7395	1
7396	1
7397	1
7398	1
7399	1
7400	1
7401	1
7402	1
7403	1
7404	1
7405	1
7406	1
7407	1
7408	1
7409	1
7410	1
7411	1
7412	1
7413	1
7414	1
7415	1
7416	1
7417	1
7418	1
7419	1
7420	1
7421	1
7422	1
7423	1
7424	1
7425	1
7426	1
7427	1
7428	1
7429	1
7430	1
7431	1
7432	1
7433	1
7434	1
7435	1
7436	1
7437	1
7438	1
7439	1
7440	1
7441	1
7442	1
7443	1
7444	1
7445	1
7446	1
7447	1
7448	1
7449	1
7450	1
7451	1
7452	1
7453	1
7454	1
7455	1
7456	1
7457	1
7458	1
7459	1
7460	1
7461	1
7462	1
7463	1
7464	1
7465	1
7466	1
7467	1
7468	1
7469	1
7470	1
7471	1
7472	0
7473	0
7474	0
7475	0
7476	0
7477	0
7478	0
7479	0
7480	0
7481	0
7482	0
7483	0
7484	0
7485	0
7486	0
7487	0
7488	0
7489	0
7490	0
7491	0
7492	0
7493	0
7494	0
7495	0
7496	0
7497	0
7498	0
7499	0
7500	0
7501	0
7502	0
7503	0
7504	0
7505	0
7506	0
7507	0
7508	0
7509	0
7510	0
7511	0
7512	0
7513	0
7514	0
7515	0
7516	0
7517	0
7518	0
7519	0
7520	0
7521	0
7522	0
7523	0
7524	0
7525	0
7526	0
7527	0
7528	0
7529	0
7530	0
7531	0
7532	0
7533	0
7534	0
7535	0
7536	0
7537	0
7538	0
7539	0
7540	0
7541	0
7542	0
7543	0
7544	0
7545	0
7546	0
7547	0
7548	0
7549	0
7550	0
7551	0
7552	0
7553	0
7554	0
7555	0
7556	0
7557	0
7558	0
7559	0
7560	0
7561	0
7562	0
7563	0
7564	0
7565	0
7566	0
7567	0
7568	0
7569	0
7570	1
7571	1
7572	1
7573	1
7574	1
7575	1
7576	1
7577	1
7578	1
7579	1
7580	1
7581	1
7582	1
7583	1
7584	1
7585	1
7586	1
7587	1
7588	1
7589	1
7590	1
7591	1
7592	1
7593	1
7594	1
7595	1
7596	1
7597	1
7598	1
7599	1
7600	1
7601	1
7602	1
7603	1
7604	1
7605	1
7606	1
7607	1
7608	1
7609	1
7610	1
7611	1
7612	1
7613	1
7614	1
7615	1
7616	1
7617	1
7618	1
7619	1
7620	1
7621	1
7622	1
7623	1
7624	1
7625	1
7626	1
7627	1
7628	1
7629	1
7630	1
7631	1
7632	1
7633	1
7634	1
7635	1
7636	1
7637	1
7638	1
7639	1
7640	1
7641	1
7642	1
7643	1
7644	1
7645	1
7646	1
7647	1
7648	1
7649	1
7650	1
7651	1
7652	1
7653	1
7654	1
7655	1
7656	1
7657	1
7658	1
7659	1
7660	1
7661	1
7662	1
7663	1
7664	1
7665	1
7666	1
7667	1
7668	1
7669	1
7670	1
7671	1
7672	1
7673	1
7674	1
7675	1
7676	1
7677	1
7678	1
7679	1
7680	1
7681	1
7682	1
7683	1
7684	0
7685	0
7686	0
7687	0
7688	0
7689	0
7690	0
7691	0
7692	0
7693	0
7694	0
7695	0
7696	0
7697	0
7698	0
7699	0
7700	0
7701	0
7702	0
7703	0
7704	0
7705	0
7706	0
7707	0
7708	0
7709	0
7710	0
7711	0
7712	0
7713	0
7714	0
7715	0
7716	0
7717	0
7718	0
7719	0
7720	0
7721	0
7722	0
7723	0
7724	0
7725	0
7726	0
7727	0
7728	0
7729	0
7730	0
7731	0
7732	0
7733	0
7734	0
7735	0
7736	0
7737	0
7738	0
7739	0
7740	0
7741	0
7742	0
7743	0
7744	0
7745	0
7746	0
7747	0
7748	0
7749	0
7750	0
7751	0
7752	0
7753	0
7754	0
7755	0
7756	0
7757	0
7758	0
7759	0
7760	0
7761	0
7762	0
7763	0
7764	0
7765	0
7766	0
7767	0
7768	0
7769	0
7770	0
7771	0
7772	0
7773	0
7774	0
7775	0
7776	0
7777	0
7778	0
7779	0
7780	0
7781	0
7782	0
7783	0
7784	0
7785	0
7786	0
7787	0
7788	0
7789	0
7790	0
7791	0
7792	0
7793	0
7794	0
7795	0
7796	0
7797	0
7798	0
7799	0
7800	0
7801	0
7802	0
7803	0
7804	0
7805	0
7806	0
7807	0
7808	0
7809	0
7810	0
7811	0
7812	0
7813	0
7814	0
7815	0
7816	0
7817	0
7818	0
7819	0
7820	0
7821	0
7822	0
7823	0
7824	0
7825	0
7826	0
7827	0
7828	0
7829	0
7830	0
7831	0
7832	0
7833	0
7834	0
7835	0
7836	0
7837	0
7838	0
7839	0
7840	0
7841	0
7842	0
7843	0
7844	0
7845	0
7846	0
7847	0
7848	0
7849	0
7850	0
7851	0
7852	0
7853	0
7854	0
7855	0
7856	0
7857	0
7858	0
7859	0
7860	0
7861	0
7862	0
7863	0
7864	0
7865	0
7866	0
7867	0
7868	0
7869	0
7870	0
7871	0
7872	0
7873	0
7874	0
7875	0
7876	0
7877	0
7878	0
7879	0
7880	0
7881	0
7882	0
7883	0
7884	0
7885	0
7886	0
7887	0
7888	0
7889	0
7890	0
7891	0
7892	0
7893	0
7894	0
7895	0
7896	0
7897	0
7898	0
7899	0
7900	0
7901	0
7902	0
7903	0
7904	0
7905	0
7906	0
7907	0
7908	0
7909	0
7910	0
7911	0
7912	0
7913	0
7914	0
7915	0
7916	0
7917	0
7918	0
7919	0
7920	0
7921	0
7922	0
7923	0
7924	0
7925	0
7926	0
7927	0
7928	0
7929	0
7930	0
7931	0
7932	0
7933	0
7934	0
7935	0
7936	0
7937	0
7938	0
7939	0
7940	0
7941	0
7942	0
7943	0
7944	0
7945	0
7946	0
7947	0
7948	0
7949	0
7950	0
7951	0
7952	0
7953	0
7954	0
7955	0
7956	0
7957	0
7958	0
7959	0
7960	0
7961	0
7962	0
7963	0
7964	0
7965	0
7966	0
7967	0
7968	0
7969	0
7970	0
7971	0
7972	0
7973	0
7974	0
7975	0
7976	0
7977	0
7978	0
7979	0
7980	0
7981	0
7982	0
7983	0
7984	0
7985	0
7986	0
7987	0
7988	0
7989	0
7990	0
7991	0
7992	0
7993	0
7994	0
7995	0
7996	0
7997	0
7998	0
7999	0
8000	0
8001	0
8002	0
8003	0
8004	0
8005	0
8006	0
8007	0
8008	0
8009	0
8010	0
8011	0
8012	0
8013	0
8014	0
8015	0
8016	0
8017	0
8018	0
8019	0
8020	0
8021	0
8022	0
8023	0
8024	0
8025	0
8026	0
8027	0
8028	0
8029	0
8030	0
8031	0
8032	0
8033	0
8034	0
8035	0
8036	0
8037	0
8038	0
8039	0
8040	0
8041	0
8042	0
8043	0
8044	0
8045	0
8046	0
8047	0
8048	0
8049	0
8050	0
8051	0
8052	0
8053	0
8054	0
8055	0
8056	0
8057	0
8058	0
8059	0
8060	0
8061	0
8062	0
8063	0
8064	0
8065	0
8066	0
8067	0
8068	0
8069	0
8070	0
8071	0
8072	0
8073	0
8074	0
8075	0
8076	0
8077	0
8078	0
8079	0
8080	0
8081	0
8082	0
8083	0
8084	0
8085	0
8086	0
8087	0
8088	0
8089	0
8090	0
8091	0
8092	0
8093	0
8094	0
8095	0
8096	0
8097	0
8098	0
8099	0
8100	0
8101	0
8102	0
8103	0
8104	0
8105	0
8106	0
8107	0
8108	0
8109	0
8110	0
8111	0
8112	0
8113	0
8114	0
8115	0
8116	0
8117	0
8118	0
8119	0
8120	0
8121	0
8122	0
8123	0
8124	0
8125	0
8126	0
8127	0
8128	0
8129	0
8130	0
8131	0
8132	0
8133	0
8134	0
8135	0
8136	0
8137	0
8138	0
8139	0
8140	0
8141	0
8142	0
8143	0
8144	0
8145	0
8146	0
8147	0
8148	0
8149	0
8150	0
8151	0
8152	0
8153	0
8154	0
8155	0
8156	0
8157	0
8158	0
8159	0
8160	0
8161	0
8162	0
8163	0
8164	0
8165	0
8166	0
8167	0
8168	0
8169	0
8170	0
8171	0
8172	0
8173	0
8174	0
8175	0
8176	0
8177	0
8178	0
8179	0
8180	0
8181	0
8182	0
8183	0
8184	0
8185	0
8186	0
8187	0
8188	0
8189	0
8190	0
8191	0
8192	0
8193	0
8194	0
8195	0
8196	0
8197	0
8198	0
8199	0
8200	0
8201	0
8202	0
